167
7.88567	-3.76419	
7.79403	-3.85852	
7.67745	-3.98854	
7.57096	-4.12866	
7.48363	-4.28834	
7.42243	-4.41574	
7.35633	-4.59025	
7.29287	-4.80706	
7.25043	-5.00696	
7.20461	-5.22182	
7.173	-5.38338	
7.16591461      -5.43350396
7.15756284      -5.49261694
7.14995669      -5.54645257
7.14299219      -5.5957466
7.13665689      -5.64141864
7.13088311      -5.68372491
7.12562001      -5.7222893
7.120715        -5.7582299
7.11625856      -5.79088365
7.11215 -5.82098834
7.10845171      -5.84808696
7.10505964      -5.87294166
7.10208203      -5.89475957
7.09624379      -5.90678964
7.08054472      -5.89337485
7.06686951      -5.88168945
7.05535394      -5.87184944
7.04622845      -5.86405176
7.03954692      -5.85834241
7.03542402      -5.85481941
7.0310171       -5.85105372
7.02627398      -5.84700075
7.02109076      -5.84257171
7.01553589      -5.8378251
7.00958152      -5.83273711
7.00319893      -5.82728322
6.99635848      -5.82143808
6.98919316      -5.81568588
6.98155349      -5.8095538
6.97349863      -5.80308846
6.96488644      -5.79617578
6.95555832      -5.78868845
6.9454514       -5.780576
6.93465789      -5.77191245
6.92303947      -5.76258677
6.9103926       -5.7524356
6.89721495      -5.74185838
6.87	-5.72002	
6.63322	-5.52516	
6.47039	-4.95384	
6.39486	-4.86358	
6.3464	-4.81423	
6.25511	-4.74044	
6.16998	-4.68606	
6.05319	-4.63302	
5.9538	-4.6085	
5.85663	-4.6036	
5.75002	-4.59997	
5.23746	-4.8317	
5.08007	-4.85999	
4.78	-4.91	
4.84002	-4.78502	
4.89841166      -4.66452693
4.90201746      -4.65618851
4.90544371      -4.64826532
4.90869525      -4.64074614
4.91177782      -4.6336177
4.91469522      -4.6268712
4.91747862      -4.6204346
4.92011258      -4.61434356
4.92259759      -4.60859699
4.92493945      -4.60318143
4.92714412      -4.59808314
4.92921768      -4.59328803
4.93105012      -4.5888025
4.93275377      -4.58459355
4.9343528       -4.58064307
4.93585331      -4.57693597
4.9372615       -4.57345696
4.93858362      -4.57019059
4.93985113      -4.56705914
4.94184868      -4.56212409
4.94467197      -4.55514902
4.94825257      -4.54630295
4.95257611      -4.53562144
4.95762976      -4.52313612
4.96340214      -4.50887517
4.96992041      -4.49277143
4.97679767      -4.47489839
4.9843204       -4.45527367
4.99252075      -4.43388122
5.00148451      -4.41049726
5.01110668      -4.3853957
5.02152519      -4.3582167
5.03111272      -4.32964192
5.04029433      -4.29954698
5.05008863      -4.26744382
5.06050874      -4.23328944
5.07080269      -4.19743213
5.12006	-3.79517	
5.12	-3.67004	
5.12	5.1096	
5.1373	5.3392	
5.1904	5.5633	
5.2778	5.7763	
5.4309	5.9448	
5.6433	6.0298	
5.8699	6.012	
6.0874	5.9355	
6.3023	5.8521	
6.5144	5.7618	
6.7235	5.6649	
6.9297	5.5618	
7.1331	5.4534	
7.3336	5.3397	
7.5311	5.2209	
7.7255	5.0969	
7.9165	4.9679	
8.1042	4.8341	
8.2883	4.6953	
8.4687	4.5519	
8.6453	4.4038	
8.818	4.2511	
8.9867	4.094	
9.1513	3.9326	
9.3106	3.766	
9.4625	3.5926	
9.6067	3.4128	
9.743	3.2269	
9.871	3.0352	
9.9905	2.8382	
10.101	2.6361	
10.203	2.4294	
10.296	2.2184	
10.37	2.0006	
10.418	1.7752	
10.457	1.548	
10.486	1.3193	
10.506	1.0897	
10.516	0.85937	
10.516	0.62887	
10.497	0.39952	
10.455	0.1729	
10.403	-0.051702	
10.342	-0.27388	
10.271	-0.49322	
10.191	-0.70933	
10.101	-0.9218	
10.003	-1.1302	
9.8956	-1.3343	
9.7797	-1.5335	
9.6437	-1.7194	
9.5032	-1.9022	
9.3608	-2.0835	
9.2165	-2.2633	
9.0702	-2.4414	
8.9221	-2.618	
8.772	-2.793	
8.6201	-2.9663	
8.4663	-3.138	
8.3106	-3.3081	
8.1531	-3.4764	
7.9939	-3.6431	
7.94551	-3.69688	
7.88567	-3.76419	