# Poloidal particle flux (s@S@-1@N@)/(m@S@2@N@) <ix = 96> D@S@0@N@
 -7.366374279853694E-003 -1.176360432786868E+021
 -6.934512399930007E-003 -1.176543520739565E+021
 -6.122679149671692E-003 -1.182616915903752E+021
 -5.394321662577509E-003 -1.682431758929055E+021
 -4.743029890692586E-003 -1.856337087504273E+021
 -4.162388786281747E-003 -1.860635173632335E+021
 -3.645983244041715E-003 -2.091902563890254E+021
 -3.187400692299502E-003 -2.399294249806006E+021
 -2.780236106221317E-003 -2.770392081969211E+021
 -2.418089474031527E-003 -2.569110298330286E+021
 -2.094545749233716E-003 -2.587296909871903E+021
 -1.803197325209583E-003 -2.639785557895859E+021
 -1.537636655470164E-003 -2.816024308201208E+021
 -1.291451206405147E-003 -2.954135838789123E+021
 -1.058230746472447E-003 -2.877579782477723E+021
 -8.315525833619934E-004 -3.001050024631874E+021
 -6.050142305797038E-004 -2.958354494489578E+021
 -3.722155165582809E-004 -2.997192467976196E+021
 -1.267243500675166E-004 -3.032594192609240E+021
  3.275869489539774E-004 -3.116263614159458E+021
  9.471685799052072E-004 -3.124606547023154E+021
  1.505782843423996E-003 -3.040491898765422E+021
  2.023799399777352E-003 -3.244441236490513E+021
  2.521160850949732E-003 -4.025901779581474E+021
  3.018047355929761E-003 -4.070977836650023E+021
  3.535136559501309E-003 -4.063140951210247E+021
  4.092853598111424E-003 -4.006107049491392E+021
  4.711481149636772E-003 -3.921868908131385E+021
  5.411306891964946E-003 -3.905346608747072E+021
  6.212613523411143E-003 -3.920000208212789E+021
  7.135678671227205E-003 -3.804052176316719E+021
  8.200790023533770E-003 -3.775832296518936E+021
  9.428230278783121E-003 -3.652841115875782E+021
  1.083827209470778E-002 -3.007718252406556E+021
  1.245119562890156E-002 -2.655022875371869E+021
  1.428492607923539E-002 -1.949014788357742E+021
  1.635853610324690E-002 -9.276175954305314E+020
  1.746912797504878E-002 -9.278786906497055E+020
# Poloidal particle flux (s@S@-1@N@)/(m@S@2@N@) <ix = 96> D@S@+1@N@
 -7.366374279853694E-003  0.000000000000000E+000
 -6.934512399930007E-003  5.818277185707297E+021
 -6.122679149671692E-003  6.142965060139319E+021
 -5.394321662577509E-003  6.544150174575994E+021
 -4.743029890692586E-003  6.981520225393960E+021
 -4.162388786281747E-003  7.423261982634004E+021
 -3.645983244041715E-003  7.855097423164813E+021
 -3.187400692299502E-003  8.271551211468636E+021
 -2.780236106221317E-003  8.674184841934804E+021
 -2.418089474031527E-003  9.045546957597556E+021
 -2.094545749233716E-003  9.399057754042973E+021
 -1.803197325209583E-003  9.731895835479188E+021
 -1.537636655470164E-003  1.004717654595364E+022
 -1.291451206405147E-003  1.034720334862507E+022
 -1.058230746472447E-003  1.065224024820658E+022
 -8.315525833619934E-004  1.094816518836063E+022
 -6.050142305797038E-004  1.125177893452643E+022
 -3.722155165582809E-004  1.157579823653210E+022
 -1.267243500675166E-004  1.324387702710425E+022
  3.275869489539774E-004  1.209078513997681E+022
  9.471685799052072E-004  1.360089175399949E+022
  1.505782843423996E-003  1.448500359578014E+022
  2.023799399777352E-003  1.548039426992093E+022
  2.521160850949732E-003  1.618753078867668E+022
  3.018047355929761E-003  1.677754537257665E+022
  3.535136559501309E-003  1.726314484736783E+022
  4.092853598111424E-003  1.766135305491511E+022
  4.711481149636772E-003  1.798864570052342E+022
  5.411306891964946E-003  1.815904213523426E+022
  6.212613523411143E-003  1.815789409701426E+022
  7.135678671227205E-003  1.793899915735936E+022
  8.200790023533770E-003  1.760902050501657E+022
  9.428230278783121E-003  1.703817404639575E+022
  1.083827209470778E-002  1.612401054190889E+022
  1.245119562890156E-002  1.498372680491157E+022
  1.428492607923539E-002  1.366465422007585E+022
  1.635853610324690E-002  1.222765425564815E+022
  1.746912797504878E-002  0.000000000000000E+000
# Poloidal particle flux (s@S@-1@N@)/(m@S@2@N@) <ix = 96> C@S@0@N@
 -7.366374279853694E-003  5.546447715355785E+018
 -6.934512399930007E-003  5.547307047357736E+018
 -6.122679149671692E-003  9.759624792888508E+018
 -5.394321662577509E-003  1.364182306395853E+019
 -4.743029890692586E-003  1.625121738437673E+019
 -4.162388786281747E-003  1.603348467277648E+019
 -3.645983244041715E-003  1.619003616447526E+019
 -3.187400692299502E-003  1.698459412791853E+019
 -2.780236106221317E-003  1.783333683833831E+019
 -2.418089474031527E-003  1.800459583943759E+019
 -2.094545749233716E-003  1.818623095949629E+019
 -1.803197325209583E-003  1.826231040260713E+019
 -1.537636655470164E-003  1.703670116607587E+019
 -1.291451206405147E-003  1.611379982747463E+019
 -1.058230746472447E-003  1.563149685607983E+019
 -8.315525833619934E-004  1.523523299430620E+019
 -6.050142305797038E-004  1.503889779499950E+019
 -3.722155165582809E-004  1.485080794684919E+019
 -1.267243500675166E-004  1.375444754876717E+019
  3.275869489539774E-004  1.310986189939294E+019
  9.471685799052072E-004  1.186279175598270E+019
  1.505782843423996E-003  1.063610320708206E+019
  2.023799399777352E-003  9.802747233201043E+018
  2.521160850949732E-003  9.261548870125761E+018
  3.018047355929761E-003  8.673350310520674E+018
  3.535136559501309E-003  8.165678404516803E+018
  4.092853598111424E-003  7.977389208000391E+018
  4.711481149636772E-003  8.049198797012374E+018
  5.411306891964946E-003  8.239264444917012E+018
  6.212613523411143E-003  8.921562473508848E+018
  7.135678671227205E-003  9.675294671865788E+018
  8.200790023533770E-003  1.075677190974250E+019
  9.428230278783121E-003  1.211160169120332E+019
  1.083827209470778E-002  1.424907054564844E+019
  1.245119562890156E-002  1.772890165165074E+019
  1.428492607923539E-002  2.078137998551075E+019
  1.635853610324690E-002  1.698918658797378E+019
  1.746912797504878E-002  1.699395173627639E+019
# Poloidal particle flux (s@S@-1@N@)/(m@S@2@N@) <ix = 96> C@S@+1@N@
 -7.366374279853694E-003  0.000000000000000E+000
 -6.934512399930007E-003  7.931293975868056E+019
 -6.122679149671692E-003  8.283821980430315E+019
 -5.394321662577509E-003  8.673423778491525E+019
 -4.743029890692586E-003  9.072697497366032E+019
 -4.162388786281747E-003  9.460973361393228E+019
 -3.645983244041715E-003  9.831533037930617E+019
 -3.187400692299502E-003  1.018018205564505E+020
 -2.780236106221317E-003  1.051283446732412E+020
 -2.418089474031527E-003  1.081034843536882E+020
 -2.094545749233716E-003  1.108859820943724E+020
 -1.803197325209583E-003  1.134886769900054E+020
 -1.537636655470164E-003  1.159223011876376E+020
 -1.291451206405147E-003  1.181802201634355E+020
 -1.058230746472447E-003  1.205045942617064E+020
 -8.315525833619934E-004  1.226337853463417E+020
 -6.050142305797038E-004  1.247857851508872E+020
 -3.722155165582809E-004  1.270827973370718E+020
 -1.267243500675166E-004  1.436634036152819E+020
  3.275869489539774E-004  1.284381236900006E+020
  9.471685799052072E-004  1.402168395462736E+020
  1.505782843423996E-003  1.451668778053055E+020
  2.023799399777352E-003  1.517071892661930E+020
  2.521160850949732E-003  1.558080370962555E+020
  3.018047355929761E-003  1.593894285266221E+020
  3.535136559501309E-003  1.631295257689117E+020
  4.092853598111424E-003  1.676044417040063E+020
  4.711481149636772E-003  1.734507324447731E+020
  5.411306891964946E-003  1.808592787157840E+020
  6.212613523411143E-003  1.902547166857243E+020
  7.135678671227205E-003  2.022162564500060E+020
  8.200790023533770E-003  2.186831000464876E+020
  9.428230278783121E-003  2.385221366418290E+020
  1.083827209470778E-002  2.602374097388530E+020
  1.245119562890156E-002  2.811231478653397E+020
  1.428492607923539E-002  2.954790897929032E+020
  1.635853610324690E-002  2.936367252659014E+020
  1.746912797504878E-002  0.000000000000000E+000
# Poloidal particle flux (s@S@-1@N@)/(m@S@2@N@) <ix = 96> C@S@+2@N@
 -7.366374279853694E-003  0.000000000000000E+000
 -6.934512399930007E-003  9.844685649723872E+019
 -6.122679149671692E-003  1.030911609260407E+020
 -5.394321662577509E-003  1.083851925556141E+020
 -4.743029890692586E-003  1.139257061486861E+020
 -4.162388786281747E-003  1.193781803766311E+020
 -3.645983244041715E-003  1.246310848091543E+020
 -3.187400692299502E-003  1.296110682840019E+020
 -2.780236106221317E-003  1.343951082116528E+020
 -2.418089474031527E-003  1.387346994081428E+020
 -2.094545749233716E-003  1.428332030977878E+020
 -1.803197325209583E-003  1.467151366294953E+020
 -1.537636655470164E-003  1.503985383257071E+020
 -1.291451206405147E-003  1.538791212872397E+020
 -1.058230746472447E-003  1.574800824392952E+020
 -8.315525833619934E-004  1.608800771540990E+020
 -6.050142305797038E-004  1.643860030362868E+020
 -3.722155165582809E-004  1.681898903243772E+020
 -1.267243500675166E-004  1.912005472213245E+020
  3.275869489539774E-004  1.727107092734465E+020
  9.471685799052072E-004  1.918063827962386E+020
  1.505782843423996E-003  2.020644879816532E+020
  2.023799399777352E-003  2.145843037933960E+020
  2.521160850949732E-003  2.233600242399661E+020
  3.018047355929761E-003  2.307299854512448E+020
  3.535136559501309E-003  2.372861220423803E+020
  4.092853598111424E-003  2.432834254042662E+020
  4.711481149636772E-003  2.488618193980848E+020
  5.411306891964946E-003  2.532385209372615E+020
  6.212613523411143E-003  2.558176180460223E+020
  7.135678671227205E-003  2.558456137490937E+020
  8.200790023533770E-003  2.549636809841114E+020
  9.428230278783121E-003  2.507259540989857E+020
  1.083827209470778E-002  2.418285131199848E+020
  1.245119562890156E-002  2.288902519015434E+020
  1.428492607923539E-002  2.123203520198982E+020
  1.635853610324690E-002  1.930503905784478E+020
  1.746912797504878E-002  0.000000000000000E+000
# Poloidal particle flux (s@S@-1@N@)/(m@S@2@N@) <ix = 96> C@S@+3@N@
 -7.366374279853694E-003  0.000000000000000E+000
 -6.934512399930007E-003  3.226439680038087E+019
 -6.122679149671692E-003  3.346419879253163E+019
 -5.394321662577509E-003  3.463745053492387E+019
 -4.743029890692586E-003  3.571690472601639E+019
 -4.162388786281747E-003  3.665095100764651E+019
 -3.645983244041715E-003  3.745175779712041E+019
 -3.187400692299502E-003  3.813588588575271E+019
 -2.780236106221317E-003  3.875504441375956E+019
 -2.418089474031527E-003  3.925708573293887E+019
 -2.094545749233716E-003  3.971257050241256E+019
 -1.803197325209583E-003  4.013230192795534E+019
 -1.537636655470164E-003  4.052002635857434E+019
 -1.291451206405147E-003  4.086958779495828E+019
 -1.058230746472447E-003  4.125795719348024E+019
 -8.315525833619934E-004  4.158957160907836E+019
 -6.050142305797038E-004  4.193243742519465E+019
 -3.722155165582809E-004  4.232071154317720E+019
 -1.267243500675166E-004  4.737268414906982E+019
  3.275869489539774E-004  4.170387440188662E+019
  9.471685799052072E-004  4.479624939669631E+019
  1.505782843423996E-003  4.581937259792850E+019
  2.023799399777352E-003  4.742608687484588E+019
  2.521160850949732E-003  4.825760082043157E+019
  3.018047355929761E-003  4.884881523926230E+019
  3.535136559501309E-003  4.931732231134428E+019
  4.092853598111424E-003  4.971212239601965E+019
  4.711481149636772E-003  5.006854440748250E+019
  5.411306891964946E-003  5.024943278203089E+019
  6.212613523411143E-003  5.017930688388114E+019
  7.135678671227205E-003  4.976831690749908E+019
  8.200790023533770E-003  4.939424554270465E+019
  9.428230278783121E-003  4.864814320994544E+019
  1.083827209470778E-002  4.735788987887547E+019
  1.245119562890156E-002  4.559706509219593E+019
  1.428492607923539E-002  4.327360310120489E+019
  1.635853610324690E-002  4.022603670713562E+019
  1.746912797504878E-002  0.000000000000000E+000
# Poloidal particle flux (s@S@-1@N@)/(m@S@2@N@) <ix = 96> C@S@+4@N@
 -7.366374279853694E-003  0.000000000000000E+000
 -6.934512399930007E-003  6.728832089930053E+018
 -6.122679149671692E-003  6.964568322787366E+018
 -5.394321662577509E-003  7.183909085932935E+018
 -4.743029890692586E-003  7.375989453617004E+018
 -4.162388786281747E-003  7.532602544831327E+018
 -3.645983244041715E-003  7.658441219288452E+018
 -3.187400692299502E-003  7.758967674324060E+018
 -2.780236106221317E-003  7.846359202727906E+018
 -2.418089474031527E-003  7.911062561500446E+018
 -2.094545749233716E-003  7.967950512408491E+018
 -1.803197325209583E-003  8.019347116864882E+018
 -1.537636655470164E-003  8.065880613665361E+018
 -1.291451206405147E-003  8.106004488150193E+018
 -1.058230746472447E-003  8.154478901315424E+018
 -8.315525833619934E-004  8.191780827041886E+018
 -6.050142305797038E-004  8.230694895820689E+018
 -3.722155165582809E-004  8.277154976225191E+018
 -1.267243500675166E-004  9.227202689333885E+018
  3.275869489539774E-004  8.066504530017928E+018
  9.471685799052072E-004  8.584330192530394E+018
  1.505782843423996E-003  8.706589643383969E+018
  2.023799399777352E-003  8.946233208665481E+018
  2.521160850949732E-003  9.046848188413826E+018
  3.018047355929761E-003  9.111961047052630E+018
  3.535136559501309E-003  9.165415527289105E+018
  4.092853598111424E-003  9.219212363017548E+018
  4.711481149636772E-003  9.284291115270871E+018
  5.411306891964946E-003  9.340587251607720E+018
  6.212613523411143E-003  9.380164926029636E+018
  7.135678671227205E-003  9.390824230437775E+018
  8.200790023533770E-003  9.445717934884069E+018
  9.428230278783121E-003  9.464919082685987E+018
  1.083827209470778E-002  9.404106494929897E+018
  1.245119562890156E-002  9.251620987941296E+018
  1.428492607923539E-002  8.951971461693306E+018
  1.635853610324690E-002  8.432190866785963E+018
  1.746912797504878E-002  0.000000000000000E+000
# Poloidal particle flux (s@S@-1@N@)/(m@S@2@N@) <ix = 96> C@S@+5@N@
 -7.366374279853694E-003  0.000000000000000E+000
 -6.934512399930007E-003  8.432891146725502E+016
 -6.122679149671692E-003  8.732893864470859E+016
 -5.394321662577509E-003  9.015028929265275E+016
 -4.743029890692586E-003  9.264551433111806E+016
 -4.162388786281747E-003  9.469876342444342E+016
 -3.645983244041715E-003  9.635996214137466E+016
 -3.187400692299502E-003  9.769586964309019E+016
 -2.780236106221317E-003  9.886123603812920E+016
 -2.418089474031527E-003  9.973595793616066E+016
 -2.094545749233716E-003  1.005084540311415E+017
 -1.803197325209583E-003  1.012089436462513E+017
 -1.537636655470164E-003  1.018462622546289E+017
 -1.291451206405147E-003  1.024016808591072E+017
 -1.058230746472447E-003  1.030626672921591E+017
 -8.315525833619934E-004  1.035834753895786E+017
 -6.050142305797038E-004  1.041269183282979E+017
 -3.722155165582809E-004  1.047696868698992E+017
 -1.267243500675166E-004  1.168672142088309E+017
  3.275869489539774E-004  1.022786769454937E+017
  9.471685799052072E-004  1.090212153289068E+017
  1.505782843423996E-003  1.107617250174273E+017
  2.023799399777352E-003  1.140138085410898E+017
  2.521160850949732E-003  1.155178240070314E+017
  3.018047355929761E-003  1.165917463478552E+017
  3.535136559501309E-003  1.175513375372081E+017
  4.092853598111424E-003  1.185642285722125E+017
  4.711481149636772E-003  1.197883639417805E+017
  5.411306891964946E-003  1.209759604435979E+017
  6.212613523411143E-003  1.220403591076034E+017
  7.135678671227205E-003  1.228314549771277E+017
  8.200790023533770E-003  1.243140127730423E+017
  9.428230278783121E-003  1.254316365325720E+017
  1.083827209470778E-002  1.255661415814699E+017
  1.245119562890156E-002  1.244669168009487E+017
  1.428492607923539E-002  1.212263344022153E+017
  1.635853610324690E-002  1.146976244335740E+017
  1.746912797504878E-002  0.000000000000000E+000
# Poloidal particle flux (s@S@-1@N@)/(m@S@2@N@) <ix = 96> C@S@+6@N@
 -7.366374279853694E-003  0.000000000000000E+000
 -6.934512399930007E-003   421304150657600.     
 -6.122679149671692E-003   436301623861085.     
 -5.394321662577509E-003   450392452843226.     
 -4.743029890692586E-003   462840649292727.     
 -4.162388786281747E-003   473050902056557.     
 -3.645983244041715E-003   481261574994782.     
 -3.187400692299502E-003   487817457350709.     
 -2.780236106221317E-003   493510724016940.     
 -2.418089474031527E-003   497749025129762.     
 -2.094545749233716E-003   501480641733541.     
 -1.803197325209583E-003   504859793500311.     
 -1.537636655470164E-003   507932005909083.     
 -1.291451206405147E-003   510603195999268.     
 -1.058230746472447E-003   513806821824469.     
 -8.315525833619934E-004   516314684698394.     
 -6.050142305797038E-004   518936344372016.     
 -3.722155165582809E-004   522051947611548.     
 -1.267243500675166E-004   582222282592725.     
  3.275869489539774E-004   509386622654363.     
  9.471685799052072E-004   542756056977744.     
  1.505782843423996E-003   551232502312497.     
  2.023799399777352E-003   567258643972810.     
  2.521160850949732E-003   574601783082121.     
  3.018047355929761E-003   579806653202950.     
  3.535136559501309E-003   584447504254030.     
  4.092853598111424E-003   589355692932570.     
  4.711481149636772E-003   595317882146695.     
  5.411306891964946E-003   601072451003305.     
  6.212613523411143E-003   606199535183551.     
  7.135678671227205E-003   609962615222721.     
  8.200790023533770E-003   617159510484870.     
  9.428230278783121E-003   622538514140679.     
  1.083827209470778E-002   623083268490310.     
  1.245119562890156E-002   617543063917002.     
  1.428492607923539E-002   601347356351533.     
  1.635853610324690E-002   568956211681510.     
  1.746912797504878E-002  0.000000000000000E+000
