# Incident energy (eV) <ix = -1> D@S@0@N@
 -2.763493722132500E-002  0.000000000000000E+000
 -2.689076635196357E-002   1.61829842288865     
 -2.541784959503192E-002   1.75331209172541     
 -2.394440031549894E-002   1.83981849915840     
 -2.245902356563881E-002   1.90224466420019     
 -2.096350680853401E-002   1.93429410423498     
 -1.946887753116082E-002   1.95245748075051     
 -1.796118828063125E-002   1.96359871566322     
 -1.644054652987059E-002   1.97670235257579     
 -1.492039977094186E-002   1.99276558664199     
 -1.338795555243630E-002   2.00888378932351     
 -1.184302293495344E-002   2.03222302250736     
 -1.029830153793506E-002   2.05151848555209     
 -8.741200871919565E-003   2.07059869195133     
 -7.169765108656370E-003   2.09192117084713     
 -5.596391782924343E-003   2.11306333708068     
 -4.009285715665004E-003   2.13325177332387     
 -2.407231793499862E-003   2.15582415637963     
 -8.027186780715442E-004   2.17811883828995     
  7.222482027063638E-004   2.18630505045392     
  2.445727663856482E-003   2.21781189953068     
  4.705028124355796E-003   2.27868790855873     
  7.448756847466896E-003   2.37226605218746     
  1.062892123894494E-002   2.51402354385131     
  1.419191372374710E-002   2.69472163440769     
  1.807690669065985E-002   2.90498272048633     
  2.222966506509995E-002   3.13369648696994     
  2.659237875228051E-002   3.35476515636702     
  3.110208014362341E-002   3.57090275979623     
  3.569070415039962E-002   3.77848779269915     
  4.028434566690176E-002   3.96429283762744     
  4.480240081374449E-002   4.10587041526455     
  4.916212234554631E-002   4.22374485590932     
  5.327443888981451E-002   4.21598134042452     
  5.704014173954997E-002   4.09696859011648     
  6.035151553084311E-002   3.78978237944077     
  6.310748000134161E-002   3.27056175451953     
  6.434766180578094E-002  0.000000000000000E+000
# Incident energy (eV) <ix = -1> D@S@+1@N@
 -2.763493722132500E-002  0.000000000000000E+000
 -2.689076635196357E-002   3.37334108814845     
 -2.541784959503192E-002   3.59084367452841     
 -2.394440031549894E-002   3.74553159055260     
 -2.245902356563881E-002   3.84805389112599     
 -2.096350680853401E-002   3.89267173530558     
 -1.946887753116082E-002   3.90042788241131     
 -1.796118828063125E-002   3.89239036435762     
 -1.644054652987059E-002   3.87012454771599     
 -1.492039977094186E-002   3.86489901759769     
 -1.338795555243630E-002   3.86904778077171     
 -1.184302293495344E-002   3.86613790153366     
 -1.029830153793506E-002   3.85951862637079     
 -8.741200871919565E-003   3.86346511333493     
 -7.169765108656370E-003   3.85363820538593     
 -5.596391782924343E-003   3.85336281603128     
 -4.009285715665004E-003   3.85148815459817     
 -2.407231793499862E-003   3.85048544531223     
 -8.027186780715442E-004   3.85093822849845     
  7.222482027063638E-004   3.78801971691562     
  2.445727663856482E-003   3.84722807854428     
  4.705028124355796E-003   3.93927392018763     
  7.448756847466896E-003   4.08185819926656     
  1.062892123894494E-002   4.30571631671631     
  1.419191372374710E-002   4.61158121169809     
  1.807690669065985E-002   4.99444611988913     
  2.222966506509995E-002   5.43166265460654     
  2.659237875228051E-002   5.88747037310832     
  3.110208014362341E-002   6.34739280927203     
  3.569070415039962E-002   6.78046420038715     
  4.028434566690176E-002   7.19056481998354     
  4.480240081374449E-002   7.47767887489395     
  4.916212234554631E-002   7.71298985375662     
  5.327443888981451E-002   7.72160179177492     
  5.704014173954997E-002   7.54854049578418     
  6.035151553084311E-002   7.07530181539207     
  6.310748000134161E-002   6.29570117085153     
  6.434766180578094E-002  0.000000000000000E+000
# Incident energy (eV) <ix = -1> Ar@S@0@N@
 -2.763493722132500E-002  0.000000000000000E+000
 -2.689076635196357E-002   1.61829842288865     
 -2.541784959503192E-002   1.75331209172541     
 -2.394440031549894E-002   1.83981849915840     
 -2.245902356563881E-002   1.90224466420019     
 -2.096350680853401E-002   1.93429410423498     
 -1.946887753116082E-002   1.95245748075051     
 -1.796118828063125E-002   1.96359871566322     
 -1.644054652987059E-002   1.97670235257579     
 -1.492039977094186E-002   1.99276558664199     
 -1.338795555243630E-002   2.00888378932351     
 -1.184302293495344E-002   2.03222302250736     
 -1.029830153793506E-002   2.05151848555209     
 -8.741200871919565E-003   2.07059869195133     
 -7.169765108656370E-003   2.09192117084713     
 -5.596391782924343E-003   2.11306333708068     
 -4.009285715665004E-003   2.13325177332387     
 -2.407231793499862E-003   2.15582415637963     
 -8.027186780715442E-004   2.17811883828995     
  7.222482027063638E-004   2.18630505045392     
  2.445727663856482E-003   2.21781189953068     
  4.705028124355796E-003   2.27868790855873     
  7.448756847466896E-003   2.37226605218746     
  1.062892123894494E-002   2.51402354385131     
  1.419191372374710E-002   2.69472163440769     
  1.807690669065985E-002   2.90498272048633     
  2.222966506509995E-002   3.13369648696994     
  2.659237875228051E-002   3.35476515636702     
  3.110208014362341E-002   3.57090275979623     
  3.569070415039962E-002   3.77848779269915     
  4.028434566690176E-002   3.96429283762744     
  4.480240081374449E-002   4.10587041526455     
  4.916212234554631E-002   4.22374485590932     
  5.327443888981451E-002   4.21598134042452     
  5.704014173954997E-002   4.09696859011648     
  6.035151553084311E-002   3.78978237944077     
  6.310748000134161E-002   3.27056175451953     
  6.434766180578094E-002  0.000000000000000E+000
# Incident energy (eV) <ix = -1> Ar@S@+1@N@
 -2.763493722132500E-002  0.000000000000000E+000
 -2.689076635196357E-002   3.37334108814845     
 -2.541784959503192E-002   3.59084367452841     
 -2.394440031549894E-002   3.74553159055260     
 -2.245902356563881E-002   3.84805389112599     
 -2.096350680853401E-002   3.89267173530558     
 -1.946887753116082E-002   3.90042788241131     
 -1.796118828063125E-002   3.89239036435762     
 -1.644054652987059E-002   3.87012454771599     
 -1.492039977094186E-002   3.86489901759769     
 -1.338795555243630E-002   3.86904778077171     
 -1.184302293495344E-002   3.86613790153366     
 -1.029830153793506E-002   3.85951862637079     
 -8.741200871919565E-003   3.86346511333493     
 -7.169765108656370E-003   3.85363820538593     
 -5.596391782924343E-003   3.85336281603128     
 -4.009285715665004E-003   3.85148815459817     
 -2.407231793499862E-003   3.85048544531223     
 -8.027186780715442E-004   3.85093822849845     
  7.222482027063638E-004   3.78801971691562     
  2.445727663856482E-003   3.84722807854428     
  4.705028124355796E-003   3.93927392018763     
  7.448756847466896E-003   4.08185819926656     
  1.062892123894494E-002   4.30571631671631     
  1.419191372374710E-002   4.61158121169809     
  1.807690669065985E-002   4.99444611988913     
  2.222966506509995E-002   5.43166265460654     
  2.659237875228051E-002   5.88747037310832     
  3.110208014362341E-002   6.34739280927203     
  3.569070415039962E-002   6.78046420038715     
  4.028434566690176E-002   7.19056481998354     
  4.480240081374449E-002   7.47767887489395     
  4.916212234554631E-002   7.71298985375662     
  5.327443888981451E-002   7.72160179177492     
  5.704014173954997E-002   7.54854049578418     
  6.035151553084311E-002   7.07530181539207     
  6.310748000134161E-002   6.29570117085153     
  6.434766180578094E-002  0.000000000000000E+000
# Incident energy (eV) <ix = -1> Ar@S@+2@N@
 -2.763493722132500E-002  0.000000000000000E+000
 -2.689076635196357E-002   5.12838375340825     
 -2.541784959503192E-002   5.42837525733141     
 -2.394440031549894E-002   5.65124468194680     
 -2.245902356563881E-002   5.79386311805179     
 -2.096350680853401E-002   5.85104936637618     
 -1.946887753116082E-002   5.84839828407211     
 -1.796118828063125E-002   5.82118201305202     
 -1.644054652987059E-002   5.76354674285619     
 -1.492039977094186E-002   5.73703244855339     
 -1.338795555243630E-002   5.72921177221991     
 -1.184302293495344E-002   5.70005278055996     
 -1.029830153793506E-002   5.66751876718949     
 -8.741200871919565E-003   5.65633153471853     
 -7.169765108656370E-003   5.61535523992473     
 -5.596391782924343E-003   5.59366229498188     
 -4.009285715665004E-003   5.56972453587247     
 -2.407231793499862E-003   5.54514673424483     
 -8.027186780715442E-004   5.52375761870695     
  7.222482027063638E-004   5.38973438337732     
  2.445727663856482E-003   5.47664425755788     
  4.705028124355796E-003   5.59985993181653     
  7.448756847466896E-003   5.79145034634566     
  1.062892123894494E-002   6.09740908958131     
  1.419191372374710E-002   6.52844078898849     
  1.807690669065985E-002   7.08390951929193     
  2.222966506509995E-002   7.72962882224314     
  2.659237875228051E-002   8.42017558984962     
  3.110208014362341E-002   9.12388285874783     
  3.569070415039962E-002   9.78244060807515     
  4.028434566690176E-002   10.4168368023396     
  4.480240081374449E-002   10.8494873345234     
  4.916212234554631E-002   11.2022348516039     
  5.327443888981451E-002   11.2272222431253     
  5.704014173954997E-002   11.0001124014519     
  6.035151553084311E-002   10.3608212513434     
  6.310748000134161E-002   9.32084058718353     
  6.434766180578094E-002  0.000000000000000E+000
# Incident energy (eV) <ix = -1> Ar@S@+3@N@
 -2.763493722132500E-002  0.000000000000000E+000
 -2.689076635196357E-002   6.88342641866805     
 -2.541784959503192E-002   7.26590684013441     
 -2.394440031549894E-002   7.55695777334100     
 -2.245902356563881E-002   7.73967234497759     
 -2.096350680853401E-002   7.80942699744678     
 -1.946887753116082E-002   7.79636868573291     
 -1.796118828063125E-002   7.74997366174642     
 -1.644054652987059E-002   7.65696893799639     
 -1.492039977094186E-002   7.60916587950909     
 -1.338795555243630E-002   7.58937576366811     
 -1.184302293495344E-002   7.53396765958626     
 -1.029830153793506E-002   7.47551890800819     
 -8.741200871919565E-003   7.44919795610213     
 -7.169765108656370E-003   7.37707227446353     
 -5.596391782924343E-003   7.33396177393248     
 -4.009285715665004E-003   7.28796091714677     
 -2.407231793499862E-003   7.23980802317743     
 -8.027186780715442E-004   7.19657700891545     
  7.222482027063638E-004   6.99144904983902     
  2.445727663856482E-003   7.10606043657148     
  4.705028124355796E-003   7.26044594344543     
  7.448756847466896E-003   7.50104249342476     
  1.062892123894494E-002   7.88910186244631     
  1.419191372374710E-002   8.44530036627889     
  1.807690669065985E-002   9.17337291869473     
  2.222966506509995E-002   10.0275949898797     
  2.659237875228051E-002   10.9528808065909     
  3.110208014362341E-002   11.9003729082236     
  3.569070415039962E-002   12.7844170157632     
  4.028434566690176E-002   13.6431087846957     
  4.480240081374449E-002   14.2212957941528     
  4.916212234554631E-002   14.6914798494512     
  5.327443888981451E-002   14.7328426944757     
  5.704014173954997E-002   14.4516843071196     
  6.035151553084311E-002   13.6463406872947     
  6.310748000134161E-002   12.3459800035155     
  6.434766180578094E-002  0.000000000000000E+000
# Incident energy (eV) <ix = -1> Ar@S@+4@N@
 -2.763493722132500E-002  0.000000000000000E+000
 -2.689076635196357E-002   8.63846908392784     
 -2.541784959503192E-002   9.10343842293741     
 -2.394440031549894E-002   9.46267086473520     
 -2.245902356563881E-002   9.68548157190339     
 -2.096350680853401E-002   9.76780462851738     
 -1.946887753116082E-002   9.74433908739371     
 -1.796118828063125E-002   9.67876531044082     
 -1.644054652987059E-002   9.55039113313659     
 -1.492039977094186E-002   9.48129931046479     
 -1.338795555243630E-002   9.44953975511631     
 -1.184302293495344E-002   9.36788253861256     
 -1.029830153793506E-002   9.28351904882689     
 -8.741200871919565E-003   9.24206437748573     
 -7.169765108656370E-003   9.13878930900233     
 -5.596391782924343E-003   9.07426125288308     
 -4.009285715665004E-003   9.00619729842107     
 -2.407231793499862E-003   8.93446931211003     
 -8.027186780715442E-004   8.86939639912395     
  7.222482027063638E-004   8.59316371630072     
  2.445727663856482E-003   8.73547661558508     
  4.705028124355796E-003   8.92103195507433     
  7.448756847466896E-003   9.21063464050386     
  1.062892123894494E-002   9.68079463531131     
  1.419191372374710E-002   10.3621599435693     
  1.807690669065985E-002   11.2628363180975     
  2.222966506509995E-002   12.3255611575163     
  2.659237875228051E-002   13.4855860233322     
  3.110208014362341E-002   14.6768629576994     
  3.569070415039962E-002   15.7863934234512     
  4.028434566690176E-002   16.8693807670518     
  4.480240081374449E-002   17.5931042537822     
  4.916212234554631E-002   18.1807248472985     
  5.327443888981451E-002   18.2384631458261     
  5.704014173954997E-002   17.9032562127873     
  6.035151553084311E-002   16.9318601232460     
  6.310748000134161E-002   15.3711194198475     
  6.434766180578094E-002  0.000000000000000E+000
# Incident energy (eV) <ix = -1> Ar@S@+5@N@
 -2.763493722132500E-002  0.000000000000000E+000
 -2.689076635196357E-002   10.3935117491876     
 -2.541784959503192E-002   10.9409700057404     
 -2.394440031549894E-002   11.3683839561294     
 -2.245902356563881E-002   11.6312907988292     
 -2.096350680853401E-002   11.7261822595880     
 -1.946887753116082E-002   11.6923094890545     
 -1.796118828063125E-002   11.6075569591352     
 -1.644054652987059E-002   11.4438133282768     
 -1.492039977094186E-002   11.3534327414205     
 -1.338795555243630E-002   11.3097037465645     
 -1.184302293495344E-002   11.2017974176389     
 -1.029830153793506E-002   11.0915191896456     
 -8.741200871919565E-003   11.0349307988693     
 -7.169765108656370E-003   10.9005063435411     
 -5.596391782924343E-003   10.8145607318337     
 -4.009285715665004E-003   10.7244336796954     
 -2.407231793499862E-003   10.6291306010426     
 -8.027186780715442E-004   10.5422157893325     
  7.222482027063638E-004   10.1948783827624     
  2.445727663856482E-003   10.3648927945987     
  4.705028124355796E-003   10.5816179667032     
  7.448756847466896E-003   10.9202267875830     
  1.062892123894494E-002   11.4724874081763     
  1.419191372374710E-002   12.2790195208597     
  1.807690669065985E-002   13.3522997175003     
  2.222966506509995E-002   14.6235273251529     
  2.659237875228051E-002   16.0182912400735     
  3.110208014362341E-002   17.4533530071752     
  3.569070415039962E-002   18.7883698311392     
  4.028434566690176E-002   20.0956527494079     
  4.480240081374449E-002   20.9649127134116     
  4.916212234554631E-002   21.6699698451458     
  5.327443888981451E-002   21.7440835971765     
  5.704014173954997E-002   21.3548281184550     
  6.035151553084311E-002   20.2173795591973     
  6.310748000134161E-002   18.3962588361795     
  6.434766180578094E-002  0.000000000000000E+000
# Incident energy (eV) <ix = -1> Ar@S@+6@N@
 -2.763493722132500E-002  0.000000000000000E+000
 -2.689076635196357E-002   12.1485544144474     
 -2.541784959503192E-002   12.7785015885434     
 -2.394440031549894E-002   13.2740970475236     
 -2.245902356563881E-002   13.5771000257550     
 -2.096350680853401E-002   13.6845598906586     
 -1.946887753116082E-002   13.6402798907153     
 -1.796118828063125E-002   13.5363486078296     
 -1.644054652987059E-002   13.3372355234170     
 -1.492039977094186E-002   13.2255661723762     
 -1.338795555243630E-002   13.1698677380127     
 -1.184302293495344E-002   13.0357122966652     
 -1.029830153793506E-002   12.8995193304643     
 -8.741200871919565E-003   12.8277972202529     
 -7.169765108656370E-003   12.6622233780799     
 -5.596391782924343E-003   12.5548602107843     
 -4.009285715665004E-003   12.4426700609697     
 -2.407231793499862E-003   12.3237918899752     
 -8.027186780715442E-004   12.2150351795409     
  7.222482027063638E-004   11.7965930492241     
  2.445727663856482E-003   11.9943089736123     
  4.705028124355796E-003   12.2422039783321     
  7.448756847466896E-003   12.6298189346621     
  1.062892123894494E-002   13.2641801810413     
  1.419191372374710E-002   14.1958790981501     
  1.807690669065985E-002   15.4417631169031     
  2.222966506509995E-002   16.9214934927895     
  2.659237875228051E-002   18.5509964568148     
  3.110208014362341E-002   20.2298430566510     
  3.569070415039962E-002   21.7903462388272     
  4.028434566690176E-002   23.3219247317640     
  4.480240081374449E-002   24.3367211730410     
  4.916212234554631E-002   25.1592148429931     
  5.327443888981451E-002   25.2497040485269     
  5.704014173954997E-002   24.8064000241227     
  6.035151553084311E-002   23.5028989951486     
  6.310748000134161E-002   21.4213982525115     
  6.434766180578094E-002  0.000000000000000E+000
# Incident energy (eV) <ix = -1> Ar@S@+7@N@
 -2.763493722132500E-002  0.000000000000000E+000
 -2.689076635196357E-002   13.9035970797072     
 -2.541784959503192E-002   14.6160331713464     
 -2.394440031549894E-002   15.1798101389178     
 -2.245902356563881E-002   15.5229092526808     
 -2.096350680853401E-002   15.6429375217292     
 -1.946887753116082E-002   15.5882502923761     
 -1.796118828063125E-002   15.4651402565240     
 -1.644054652987059E-002   15.2306577185572     
 -1.492039977094186E-002   15.0976996033319     
 -1.338795555243630E-002   15.0300317294609     
 -1.184302293495344E-002   14.8696271756915     
 -1.029830153793506E-002   14.7075194712830     
 -8.741200871919565E-003   14.6206636416365     
 -7.169765108656370E-003   14.4239404126187     
 -5.596391782924343E-003   14.2951596897349     
 -4.009285715665004E-003   14.1609064422440     
 -2.407231793499862E-003   14.0184531789078     
 -8.027186780715442E-004   13.8878545697495     
  7.222482027063638E-004   13.3983077156858     
  2.445727663856482E-003   13.6237251526259     
  4.705028124355796E-003   13.9027899899610     
  7.448756847466896E-003   14.3394110817412     
  1.062892123894494E-002   15.0558729539063     
  1.419191372374710E-002   16.1127386754405     
  1.807690669065985E-002   17.5312265163059     
  2.222966506509995E-002   19.2194596604261     
  2.659237875228051E-002   21.0837016735561     
  3.110208014362341E-002   23.0063331061268     
  3.569070415039962E-002   24.7923226465152     
  4.028434566690176E-002   26.5481967141201     
  4.480240081374449E-002   27.7085296326704     
  4.916212234554631E-002   28.6484598408404     
  5.327443888981451E-002   28.7553244998773     
  5.704014173954997E-002   28.2579719297904     
  6.035151553084311E-002   26.7884184310999     
  6.310748000134161E-002   24.4465376688435     
  6.434766180578094E-002  0.000000000000000E+000
# Incident energy (eV) <ix = -1> Ar@S@+8@N@
 -2.763493722132500E-002  0.000000000000000E+000
 -2.689076635196357E-002   15.6586397449670     
 -2.541784959503192E-002   16.4535647541494     
 -2.394440031549894E-002   17.0855232303120     
 -2.245902356563881E-002   17.4687184796066     
 -2.096350680853401E-002   17.6013151527998     
 -1.946887753116082E-002   17.5362206940369     
 -1.796118828063125E-002   17.3939319052184     
 -1.644054652987059E-002   17.1240799136974     
 -1.492039977094186E-002   16.9698330342876     
 -1.338795555243630E-002   16.8901957209091     
 -1.184302293495344E-002   16.7035420547178     
 -1.029830153793506E-002   16.5155196121017     
 -8.741200871919565E-003   16.4135300630201     
 -7.169765108656370E-003   16.1856574471575     
 -5.596391782924343E-003   16.0354591686855     
 -4.009285715665004E-003   15.8791428235183     
 -2.407231793499862E-003   15.7131144678404     
 -8.027186780715442E-004   15.5606739599580     
  7.222482027063638E-004   15.0000223821475     
  2.445727663856482E-003   15.2531413316395     
  4.705028124355796E-003   15.5633760015899     
  7.448756847466896E-003   16.0490032288203     
  1.062892123894494E-002   16.8475657267713     
  1.419191372374710E-002   18.0295982527309     
  1.807690669065985E-002   19.6206899157087     
  2.222966506509995E-002   21.5174258280627     
  2.659237875228051E-002   23.6164068902974     
  3.110208014362341E-002   25.7828231556026     
  3.569070415039962E-002   27.7942990542032     
  4.028434566690176E-002   29.7744686964762     
  4.480240081374449E-002   31.0803380922998     
  4.916212234554631E-002   32.1377048386877     
  5.327443888981451E-002   32.2609449512277     
  5.704014173954997E-002   31.7095438354581     
  6.035151553084311E-002   30.0739378670512     
  6.310748000134161E-002   27.4716770851755     
  6.434766180578094E-002  0.000000000000000E+000
# Incident energy (eV) <ix = -1> Ar@S@+9@N@
 -2.763493722132500E-002  0.000000000000000E+000
 -2.689076635196357E-002   17.4136824102268     
 -2.541784959503192E-002   18.2910963369524     
 -2.394440031549894E-002   18.9912363217062     
 -2.245902356563881E-002   19.4145277065324     
 -2.096350680853401E-002   19.5596927838704     
 -1.946887753116082E-002   19.4841910956977     
 -1.796118828063125E-002   19.3227235539128     
 -1.644054652987059E-002   19.0175021088376     
 -1.492039977094186E-002   18.8419664652433     
 -1.338795555243630E-002   18.7503597123573     
 -1.184302293495344E-002   18.5374569337441     
 -1.029830153793506E-002   18.3235197529204     
 -8.741200871919565E-003   18.2063964844037     
 -7.169765108656370E-003   17.9473744816963     
 -5.596391782924343E-003   17.7757586476361     
 -4.009285715665004E-003   17.5973792047926     
 -2.407231793499862E-003   17.4077757567730     
 -8.027186780715442E-004   17.2334933501664     
  7.222482027063638E-004   16.6017370486092     
  2.445727663856482E-003   16.8825575106531     
  4.705028124355796E-003   17.2239620132188     
  7.448756847466896E-003   17.7585953758994     
  1.062892123894494E-002   18.6392584996363     
  1.419191372374710E-002   19.9464578300213     
  1.807690669065985E-002   21.7101533151115     
  2.222966506509995E-002   23.8153919956993     
  2.659237875228051E-002   26.1491121070387     
  3.110208014362341E-002   28.5593132050784     
  3.569070415039962E-002   30.7962754618911     
  4.028434566690176E-002   33.0007406788323     
  4.480240081374449E-002   34.4521465519292     
  4.916212234554631E-002   35.6269498365350     
  5.327443888981451E-002   35.7665654025781     
  5.704014173954997E-002   35.1611157411258     
  6.035151553084311E-002   33.3594573030025     
  6.310748000134161E-002   30.4968165015075     
  6.434766180578094E-002  0.000000000000000E+000
# Incident energy (eV) <ix = -1> Ar@S@+10@N@
 -2.763493722132500E-002  0.000000000000000E+000
 -2.689076635196357E-002   19.1687250754866     
 -2.541784959503192E-002   20.1286279197554     
 -2.394440031549894E-002   20.8969494131004     
 -2.245902356563881E-002   21.3603369334582     
 -2.096350680853401E-002   21.5180704149410     
 -1.946887753116082E-002   21.4321614973585     
 -1.796118828063125E-002   21.2515152026072     
 -1.644054652987059E-002   20.9109243039778     
 -1.492039977094186E-002   20.7140998961990     
 -1.338795555243630E-002   20.6105237038055     
 -1.184302293495344E-002   20.3713718127704     
 -1.029830153793506E-002   20.1315198937391     
 -8.741200871919565E-003   19.9992629057873     
 -7.169765108656370E-003   19.7090915162351     
 -5.596391782924343E-003   19.5160581265867     
 -4.009285715665004E-003   19.3156155860669     
 -2.407231793499862E-003   19.1024370457056     
 -8.027186780715442E-004   18.9063127403750     
  7.222482027063638E-004   18.2034517150709     
  2.445727663856482E-003   18.5119736896667     
  4.705028124355796E-003   18.8845480248477     
  7.448756847466896E-003   19.4681875229785     
  1.062892123894494E-002   20.4309512725013     
  1.419191372374710E-002   21.8633174073117     
  1.807690669065985E-002   23.7996167145143     
  2.222966506509995E-002   26.1133581633359     
  2.659237875228051E-002   28.6818173237800     
  3.110208014362341E-002   31.3358032545542     
  3.569070415039962E-002   33.7982518695792     
  4.028434566690176E-002   36.2270126611884     
  4.480240081374449E-002   37.8239550115585     
  4.916212234554631E-002   39.1161948343823     
  5.327443888981451E-002   39.2721858539285     
  5.704014173954997E-002   38.6126876467935     
  6.035151553084311E-002   36.6449767389538     
  6.310748000134161E-002   33.5219559178395     
  6.434766180578094E-002  0.000000000000000E+000
# Incident energy (eV) <ix = -1> Ar@S@+11@N@
 -2.763493722132500E-002  0.000000000000000E+000
 -2.689076635196357E-002   20.9237677407464     
 -2.541784959503192E-002   21.9661595025584     
 -2.394440031549894E-002   22.8026625044946     
 -2.245902356563881E-002   23.3061461603840     
 -2.096350680853401E-002   23.4764480460116     
 -1.946887753116082E-002   23.3801318990193     
 -1.796118828063125E-002   23.1803068513016     
 -1.644054652987059E-002   22.8043464991180     
 -1.492039977094186E-002   22.5862333271547     
 -1.338795555243630E-002   22.4706876952537     
 -1.184302293495344E-002   22.2052866917967     
 -1.029830153793506E-002   21.9395200345578     
 -8.741200871919565E-003   21.7921293271709     
 -7.169765108656370E-003   21.4708085507739     
 -5.596391782924343E-003   21.2563576055373     
 -4.009285715665004E-003   21.0338519673412     
 -2.407231793499862E-003   20.7970983346382     
 -8.027186780715442E-004   20.5791321305834     
  7.222482027063638E-004   19.8051663815326     
  2.445727663856482E-003   20.1413898686803     
  4.705028124355796E-003   20.5451340364766     
  7.448756847466896E-003   21.1777796700576     
  1.062892123894494E-002   22.2226440453663     
  1.419191372374710E-002   23.7801769846021     
  1.807690669065985E-002   25.8890801139171     
  2.222966506509995E-002   28.4113243309725     
  2.659237875228051E-002   31.2145225405213     
  3.110208014362341E-002   34.1122933040300     
  3.569070415039962E-002   36.8002282772672     
  4.028434566690176E-002   39.4532846435445     
  4.480240081374449E-002   41.1957634711880     
  4.916212234554631E-002   42.6054398322296     
  5.327443888981451E-002   42.7778063052789     
  5.704014173954997E-002   42.0642595524612     
  6.035151553084311E-002   39.9304961749051     
  6.310748000134161E-002   36.5470953341715     
  6.434766180578094E-002  0.000000000000000E+000
# Incident energy (eV) <ix = -1> Ar@S@+12@N@
 -2.763493722132500E-002  0.000000000000000E+000
 -2.689076635196357E-002   22.6788104060062     
 -2.541784959503192E-002   23.8036910853614     
 -2.394440031549894E-002   24.7083755958888     
 -2.245902356563881E-002   25.2519553873098     
 -2.096350680853401E-002   25.4348256770822     
 -1.946887753116082E-002   25.3281023006801     
 -1.796118828063125E-002   25.1090984999960     
 -1.644054652987059E-002   24.6977686942582     
 -1.492039977094186E-002   24.4583667581104     
 -1.338795555243630E-002   24.3308516867019     
 -1.184302293495344E-002   24.0392015708230     
 -1.029830153793506E-002   23.7475201753765     
 -8.741200871919565E-003   23.5849957485545     
 -7.169765108656370E-003   23.2325255853127     
 -5.596391782924343E-003   22.9966570844879     
 -4.009285715665004E-003   22.7520883486155     
 -2.407231793499862E-003   22.4917596235708     
 -8.027186780715442E-004   22.2519515207919     
  7.222482027063638E-004   21.4068810479943     
  2.445727663856482E-003   21.7708060476939     
  4.705028124355796E-003   22.2057200481055     
  7.448756847466896E-003   22.8873718171367     
  1.062892123894494E-002   24.0143368182313     
  1.419191372374710E-002   25.6970365618925     
  1.807690669065985E-002   27.9785435133199     
  2.222966506509995E-002   30.7092904986091     
  2.659237875228051E-002   33.7472277572626     
  3.110208014362341E-002   36.8887833535058     
  3.569070415039962E-002   39.8022046849552     
  4.028434566690176E-002   42.6795566259006     
  4.480240081374449E-002   44.5675719308174     
  4.916212234554631E-002   46.0946848300769     
  5.327443888981451E-002   46.2834267566293     
  5.704014173954997E-002   45.5158314581289     
  6.035151553084311E-002   43.2160156108564     
  6.310748000134161E-002   39.5722347505035     
  6.434766180578094E-002  0.000000000000000E+000
# Incident energy (eV) <ix = -1> Ar@S@+13@N@
 -2.763493722132500E-002  0.000000000000000E+000
 -2.689076635196357E-002   24.4338530712660     
 -2.541784959503192E-002   25.6412226681644     
 -2.394440031549894E-002   26.6140886872830     
 -2.245902356563881E-002   27.1977646142356     
 -2.096350680853401E-002   27.3932033081528     
 -1.946887753116082E-002   27.2760727023409     
 -1.796118828063125E-002   27.0378901486904     
 -1.644054652987059E-002   26.5911908893984     
 -1.492039977094186E-002   26.3305001890661     
 -1.338795555243630E-002   26.1910156781501     
 -1.184302293495344E-002   25.8731164498493     
 -1.029830153793506E-002   25.5555203161952     
 -8.741200871919565E-003   25.3778621699381     
 -7.169765108656370E-003   24.9942426198515     
 -5.596391782924343E-003   24.7369565634385     
 -4.009285715665004E-003   24.4703247298898     
 -2.407231793499862E-003   24.1864209125034     
 -8.027186780715442E-004   23.9247709110005     
  7.222482027063638E-004   23.0085957144560     
  2.445727663856482E-003   23.4002222267075     
  4.705028124355796E-003   23.8663060597344     
  7.448756847466896E-003   24.5969639642158     
  1.062892123894494E-002   25.8060295910963     
  1.419191372374710E-002   27.6138961391829     
  1.807690669065985E-002   30.0680069127227     
  2.222966506509995E-002   33.0072566662457     
  2.659237875228051E-002   36.2799329740039     
  3.110208014362341E-002   39.6652734029816     
  3.569070415039962E-002   42.8041810926431     
  4.028434566690176E-002   45.9058286082567     
  4.480240081374449E-002   47.9393803904468     
  4.916212234554631E-002   49.5839298279242     
  5.327443888981451E-002   49.7890472079797     
  5.704014173954997E-002   48.9674033637966     
  6.035151553084311E-002   46.5015350468077     
  6.310748000134161E-002   42.5973741668355     
  6.434766180578094E-002  0.000000000000000E+000
# Incident energy (eV) <ix = -1> Ar@S@+14@N@
 -2.763493722132500E-002  0.000000000000000E+000
 -2.689076635196357E-002   26.1888957365258     
 -2.541784959503192E-002   27.4787542509674     
 -2.394440031549894E-002   28.5198017786772     
 -2.245902356563881E-002   29.1435738411614     
 -2.096350680853401E-002   29.3515809392234     
 -1.946887753116082E-002   29.2240431040017     
 -1.796118828063125E-002   28.9666817973848     
 -1.644054652987059E-002   28.4846130845386     
 -1.492039977094186E-002   28.2026336200218     
 -1.338795555243630E-002   28.0511796695983     
 -1.184302293495344E-002   27.7070313288756     
 -1.029830153793506E-002   27.3635204570139     
 -8.741200871919565E-003   27.1707285913217     
 -7.169765108656370E-003   26.7559596543903     
 -5.596391782924343E-003   26.4772560423891     
 -4.009285715665004E-003   26.1885611111641     
 -2.407231793499862E-003   25.8810822014360     
 -8.027186780715442E-004   25.5975903012089     
  7.222482027063638E-004   24.6103103809177     
  2.445727663856482E-003   25.0296384057211     
  4.705028124355796E-003   25.5268920713633     
  7.448756847466896E-003   26.3065561112949     
  1.062892123894494E-002   27.5977223639613     
  1.419191372374710E-002   29.5307557164733     
  1.807690669065985E-002   32.1574703121255     
  2.222966506509995E-002   35.3052228338823     
  2.659237875228051E-002   38.8126381907452     
  3.110208014362341E-002   42.4417634524574     
  3.569070415039962E-002   45.8061575003312     
  4.028434566690176E-002   49.1321005906129     
  4.480240081374449E-002   51.3111888500761     
  4.916212234554631E-002   53.0731748257715     
  5.327443888981451E-002   53.2946676593301     
  5.704014173954997E-002   52.4189752694643     
  6.035151553084311E-002   49.7870544827590     
  6.310748000134161E-002   45.6225135831675     
  6.434766180578094E-002  0.000000000000000E+000
# Incident energy (eV) <ix = -1> Ar@S@+15@N@
 -2.763493722132500E-002  0.000000000000000E+000
 -2.689076635196357E-002   27.9439384017856     
 -2.541784959503192E-002   29.3162858337704     
 -2.394440031549894E-002   30.4255148700714     
 -2.245902356563881E-002   31.0893830680872     
 -2.096350680853401E-002   31.3099585702940     
 -1.946887753116082E-002   31.1720135056625     
 -1.796118828063125E-002   30.8954734460792     
 -1.644054652987059E-002   30.3780352796788     
 -1.492039977094186E-002   30.0747670509775     
 -1.338795555243630E-002   29.9113436610465     
 -1.184302293495344E-002   29.5409462079019     
 -1.029830153793506E-002   29.1715205978326     
 -8.741200871919565E-003   28.9635950127053     
 -7.169765108656370E-003   28.5176766889291     
 -5.596391782924343E-003   28.2175555213397     
 -4.009285715665004E-003   27.9067974924384     
 -2.407231793499862E-003   27.5757434903686     
 -8.027186780715442E-004   27.2704096914175     
  7.222482027063638E-004   26.2120250473794     
  2.445727663856482E-003   26.6590545847347     
  4.705028124355796E-003   27.1874780829922     
  7.448756847466896E-003   28.0161482583740     
  1.062892123894494E-002   29.3894151368263     
  1.419191372374710E-002   31.4476152937637     
  1.807690669065985E-002   34.2469337115283     
  2.222966506509995E-002   37.6031890015189     
  2.659237875228051E-002   41.3453434074865     
  3.110208014362341E-002   45.2182535019332     
  3.569070415039962E-002   48.8081339080192     
  4.028434566690176E-002   52.3583725729689     
  4.480240081374449E-002   54.6829973097056     
  4.916212234554631E-002   56.5624198236188     
  5.327443888981451E-002   56.8002881106805     
  5.704014173954997E-002   55.8705471751320     
  6.035151553084311E-002   53.0725739187103     
  6.310748000134161E-002   48.6476529994995     
  6.434766180578094E-002  0.000000000000000E+000
# Incident energy (eV) <ix = -1> Ar@S@+16@N@
 -2.763493722132500E-002  0.000000000000000E+000
 -2.689076635196357E-002   29.6989810670454     
 -2.541784959503192E-002   31.1538174165734     
 -2.394440031549894E-002   32.3312279614656     
 -2.245902356563881E-002   33.0351922950130     
 -2.096350680853401E-002   33.2683362013646     
 -1.946887753116082E-002   33.1199839073233     
 -1.796118828063125E-002   32.8242650947736     
 -1.644054652987059E-002   32.2714574748190     
 -1.492039977094186E-002   31.9469004819332     
 -1.338795555243630E-002   31.7715076524947     
 -1.184302293495344E-002   31.3748610869282     
 -1.029830153793506E-002   30.9795207386513     
 -8.741200871919565E-003   30.7564614340889     
 -7.169765108656370E-003   30.2793937234679     
 -5.596391782924343E-003   29.9578550002903     
 -4.009285715665004E-003   29.6250338737127     
 -2.407231793499862E-003   29.2704047793012     
 -8.027186780715442E-004   28.9432290816260     
  7.222482027063638E-004   27.8137397138411     
  2.445727663856482E-003   28.2884707637483     
  4.705028124355796E-003   28.8480640946211     
  7.448756847466896E-003   29.7257404054531     
  1.062892123894494E-002   31.1811079096913     
  1.419191372374710E-002   33.3644748710541     
  1.807690669065985E-002   36.3363971109311     
  2.222966506509995E-002   39.9011551691555     
  2.659237875228051E-002   43.8780486242278     
  3.110208014362341E-002   47.9947435514090     
  3.569070415039962E-002   51.8101103157071     
  4.028434566690176E-002   55.5846445553250     
  4.480240081374449E-002   58.0548057693350     
  4.916212234554631E-002   60.0516648214661     
  5.327443888981451E-002   60.3059085620309     
  5.704014173954997E-002   59.3221190807997     
  6.035151553084311E-002   56.3580933546616     
  6.310748000134161E-002   51.6727924158315     
  6.434766180578094E-002  0.000000000000000E+000
# Incident energy (eV) <ix = -1> Ar@S@+17@N@
 -2.763493722132500E-002  0.000000000000000E+000
 -2.689076635196357E-002   31.4540237323052     
 -2.541784959503192E-002   32.9913489993764     
 -2.394440031549894E-002   34.2369410528598     
 -2.245902356563881E-002   34.9810015219388     
 -2.096350680853401E-002   35.2267138324352     
 -1.946887753116082E-002   35.0679543089841     
 -1.796118828063125E-002   34.7530567434680     
 -1.644054652987059E-002   34.1648796699592     
 -1.492039977094186E-002   33.8190339128889     
 -1.338795555243630E-002   33.6316716439429     
 -1.184302293495344E-002   33.2087759659545     
 -1.029830153793506E-002   32.7875208794700     
 -8.741200871919565E-003   32.5493278554725     
 -7.169765108656370E-003   32.0411107580067     
 -5.596391782924343E-003   31.6981544792409     
 -4.009285715665004E-003   31.3432702549870     
 -2.407231793499862E-003   30.9650660682338     
 -8.027186780715442E-004   30.6160484718344     
  7.222482027063638E-004   29.4154543803028     
  2.445727663856482E-003   29.9178869427619     
  4.705028124355796E-003   30.5086501062500     
  7.448756847466896E-003   31.4353325525322     
  1.062892123894494E-002   32.9728006825563     
  1.419191372374710E-002   35.2813344483445     
  1.807690669065985E-002   38.4258605103339     
  2.222966506509995E-002   42.1991213367921     
  2.659237875228051E-002   46.4107538409691     
  3.110208014362341E-002   50.7712336008848     
  3.569070415039962E-002   54.8120867233951     
  4.028434566690176E-002   58.8109165376812     
  4.480240081374449E-002   61.4266142289643     
  4.916212234554631E-002   63.5409098193134     
  5.327443888981451E-002   63.8115290133813     
  5.704014173954997E-002   62.7736909864674     
  6.035151553084311E-002   59.6436127906129     
  6.310748000134161E-002   54.6979318321635     
  6.434766180578094E-002  0.000000000000000E+000
# Incident energy (eV) <ix = -1> Ar@S@+18@N@
 -2.763493722132500E-002  0.000000000000000E+000
 -2.689076635196357E-002   33.2090663975650     
 -2.541784959503192E-002   34.8288805821794     
 -2.394440031549894E-002   36.1426541442540     
 -2.245902356563881E-002   36.9268107488646     
 -2.096350680853401E-002   37.1850914635058     
 -1.946887753116082E-002   37.0159247106449     
 -1.796118828063125E-002   36.6818483921624     
 -1.644054652987059E-002   36.0583018650994     
 -1.492039977094186E-002   35.6911673438446     
 -1.338795555243630E-002   35.4918356353911     
 -1.184302293495344E-002   35.0426908449808     
 -1.029830153793506E-002   34.5955210202887     
 -8.741200871919565E-003   34.3421942768561     
 -7.169765108656370E-003   33.8028277925455     
 -5.596391782924343E-003   33.4384539581915     
 -4.009285715665004E-003   33.0615066362613     
 -2.407231793499862E-003   32.6597273571664     
 -8.027186780715442E-004   32.2888678620429     
  7.222482027063638E-004   31.0171690467645     
  2.445727663856482E-003   31.5473031217755     
  4.705028124355796E-003   32.1692361178789     
  7.448756847466896E-003   33.1449246996113     
  1.062892123894494E-002   34.7644934554213     
  1.419191372374710E-002   37.1981940256349     
  1.807690669065985E-002   40.5153239097367     
  2.222966506509995E-002   44.4970875044287     
  2.659237875228051E-002   48.9434590577104     
  3.110208014362341E-002   53.5477236503606     
  3.569070415039962E-002   57.8140631310831     
  4.028434566690176E-002   62.0371885200372     
  4.480240081374449E-002   64.7984226885937     
  4.916212234554631E-002   67.0301548171607     
  5.327443888981451E-002   67.3171494647317     
  5.704014173954997E-002   66.2252628921351     
  6.035151553084311E-002   62.9291322265642     
  6.310748000134161E-002   57.7230712484955     
  6.434766180578094E-002  0.000000000000000E+000
# Incident energy (eV) <ix = -1> D
 -2.763493722132500E-002  0.000000000000000E+000
 -2.689076635196357E-002  0.000000000000000E+000
 -2.541784959503192E-002  0.000000000000000E+000
 -2.394440031549894E-002  0.000000000000000E+000
 -2.245902356563881E-002  0.000000000000000E+000
 -2.096350680853401E-002  0.000000000000000E+000
 -1.946887753116082E-002  0.000000000000000E+000
 -1.796118828063125E-002  0.000000000000000E+000
 -1.644054652987059E-002  0.000000000000000E+000
 -1.492039977094186E-002  0.000000000000000E+000
 -1.338795555243630E-002  0.000000000000000E+000
 -1.184302293495344E-002  0.000000000000000E+000
 -1.029830153793506E-002  0.000000000000000E+000
 -8.741200871919565E-003  0.000000000000000E+000
 -7.169765108656370E-003  0.000000000000000E+000
 -5.596391782924343E-003  0.000000000000000E+000
 -4.009285715665004E-003  0.000000000000000E+000
 -2.407231793499862E-003  0.000000000000000E+000
 -8.027186780715442E-004  0.000000000000000E+000
  7.222482027063638E-004  0.000000000000000E+000
  2.445727663856482E-003  0.000000000000000E+000
  4.705028124355796E-003  0.000000000000000E+000
  7.448756847466896E-003  0.000000000000000E+000
  1.062892123894494E-002  0.000000000000000E+000
  1.419191372374710E-002  0.000000000000000E+000
  1.807690669065985E-002  0.000000000000000E+000
  2.222966506509995E-002  0.000000000000000E+000
  2.659237875228051E-002  0.000000000000000E+000
  3.110208014362341E-002  0.000000000000000E+000
  3.569070415039962E-002  0.000000000000000E+000
  4.028434566690176E-002  0.000000000000000E+000
  4.480240081374449E-002  0.000000000000000E+000
  4.916212234554631E-002  0.000000000000000E+000
  5.327443888981451E-002  0.000000000000000E+000
  5.704014173954997E-002  0.000000000000000E+000
  6.035151553084311E-002  0.000000000000000E+000
  6.310748000134161E-002  0.000000000000000E+000
  6.434766180578094E-002  0.000000000000000E+000
# Incident energy (eV) <ix = -1> AR
 -2.763493722132500E-002  0.000000000000000E+000
 -2.689076635196357E-002  0.000000000000000E+000
 -2.541784959503192E-002  0.000000000000000E+000
 -2.394440031549894E-002  0.000000000000000E+000
 -2.245902356563881E-002  0.000000000000000E+000
 -2.096350680853401E-002  0.000000000000000E+000
 -1.946887753116082E-002  0.000000000000000E+000
 -1.796118828063125E-002  0.000000000000000E+000
 -1.644054652987059E-002  0.000000000000000E+000
 -1.492039977094186E-002  0.000000000000000E+000
 -1.338795555243630E-002  0.000000000000000E+000
 -1.184302293495344E-002  0.000000000000000E+000
 -1.029830153793506E-002  0.000000000000000E+000
 -8.741200871919565E-003  0.000000000000000E+000
 -7.169765108656370E-003  0.000000000000000E+000
 -5.596391782924343E-003  0.000000000000000E+000
 -4.009285715665004E-003  0.000000000000000E+000
 -2.407231793499862E-003  0.000000000000000E+000
 -8.027186780715442E-004  0.000000000000000E+000
  7.222482027063638E-004  0.000000000000000E+000
  2.445727663856482E-003  0.000000000000000E+000
  4.705028124355796E-003  0.000000000000000E+000
  7.448756847466896E-003  0.000000000000000E+000
  1.062892123894494E-002  0.000000000000000E+000
  1.419191372374710E-002  0.000000000000000E+000
  1.807690669065985E-002  0.000000000000000E+000
  2.222966506509995E-002  0.000000000000000E+000
  2.659237875228051E-002  0.000000000000000E+000
  3.110208014362341E-002  0.000000000000000E+000
  3.569070415039962E-002  0.000000000000000E+000
  4.028434566690176E-002  0.000000000000000E+000
  4.480240081374449E-002  0.000000000000000E+000
  4.916212234554631E-002  0.000000000000000E+000
  5.327443888981451E-002  0.000000000000000E+000
  5.704014173954997E-002  0.000000000000000E+000
  6.035151553084311E-002  0.000000000000000E+000
  6.310748000134161E-002  0.000000000000000E+000
  6.434766180578094E-002  0.000000000000000E+000
# Incident energy (eV) <ix = -1> D2
 -2.763493722132500E-002  0.000000000000000E+000
 -2.689076635196357E-002  0.000000000000000E+000
 -2.541784959503192E-002  0.000000000000000E+000
 -2.394440031549894E-002  0.000000000000000E+000
 -2.245902356563881E-002  0.000000000000000E+000
 -2.096350680853401E-002  0.000000000000000E+000
 -1.946887753116082E-002  0.000000000000000E+000
 -1.796118828063125E-002  0.000000000000000E+000
 -1.644054652987059E-002  0.000000000000000E+000
 -1.492039977094186E-002  0.000000000000000E+000
 -1.338795555243630E-002  0.000000000000000E+000
 -1.184302293495344E-002  0.000000000000000E+000
 -1.029830153793506E-002  0.000000000000000E+000
 -8.741200871919565E-003  0.000000000000000E+000
 -7.169765108656370E-003  0.000000000000000E+000
 -5.596391782924343E-003  0.000000000000000E+000
 -4.009285715665004E-003  0.000000000000000E+000
 -2.407231793499862E-003  0.000000000000000E+000
 -8.027186780715442E-004  0.000000000000000E+000
  7.222482027063638E-004  0.000000000000000E+000
  2.445727663856482E-003  0.000000000000000E+000
  4.705028124355796E-003  0.000000000000000E+000
  7.448756847466896E-003  0.000000000000000E+000
  1.062892123894494E-002  0.000000000000000E+000
  1.419191372374710E-002  0.000000000000000E+000
  1.807690669065985E-002  0.000000000000000E+000
  2.222966506509995E-002  0.000000000000000E+000
  2.659237875228051E-002  0.000000000000000E+000
  3.110208014362341E-002  0.000000000000000E+000
  3.569070415039962E-002  0.000000000000000E+000
  4.028434566690176E-002  0.000000000000000E+000
  4.480240081374449E-002  0.000000000000000E+000
  4.916212234554631E-002  0.000000000000000E+000
  5.327443888981451E-002  0.000000000000000E+000
  5.704014173954997E-002  0.000000000000000E+000
  6.035151553084311E-002  0.000000000000000E+000
  6.310748000134161E-002  0.000000000000000E+000
  6.434766180578094E-002  0.000000000000000E+000
# Incident energy (eV) <ix = -1> D2+
 -2.763493722132500E-002  0.000000000000000E+000
 -2.689076635196357E-002  0.000000000000000E+000
 -2.541784959503192E-002  0.000000000000000E+000
 -2.394440031549894E-002  0.000000000000000E+000
 -2.245902356563881E-002  0.000000000000000E+000
 -2.096350680853401E-002  0.000000000000000E+000
 -1.946887753116082E-002  0.000000000000000E+000
 -1.796118828063125E-002  0.000000000000000E+000
 -1.644054652987059E-002  0.000000000000000E+000
 -1.492039977094186E-002  0.000000000000000E+000
 -1.338795555243630E-002  0.000000000000000E+000
 -1.184302293495344E-002  0.000000000000000E+000
 -1.029830153793506E-002  0.000000000000000E+000
 -8.741200871919565E-003  0.000000000000000E+000
 -7.169765108656370E-003  0.000000000000000E+000
 -5.596391782924343E-003  0.000000000000000E+000
 -4.009285715665004E-003  0.000000000000000E+000
 -2.407231793499862E-003  0.000000000000000E+000
 -8.027186780715442E-004  0.000000000000000E+000
  7.222482027063638E-004  0.000000000000000E+000
  2.445727663856482E-003  0.000000000000000E+000
  4.705028124355796E-003  0.000000000000000E+000
  7.448756847466896E-003  0.000000000000000E+000
  1.062892123894494E-002  0.000000000000000E+000
  1.419191372374710E-002  0.000000000000000E+000
  1.807690669065985E-002  0.000000000000000E+000
  2.222966506509995E-002  0.000000000000000E+000
  2.659237875228051E-002  0.000000000000000E+000
  3.110208014362341E-002  0.000000000000000E+000
  3.569070415039962E-002  0.000000000000000E+000
  4.028434566690176E-002  0.000000000000000E+000
  4.480240081374449E-002  0.000000000000000E+000
  4.916212234554631E-002  0.000000000000000E+000
  5.327443888981451E-002  0.000000000000000E+000
  5.704014173954997E-002  0.000000000000000E+000
  6.035151553084311E-002  0.000000000000000E+000
  6.310748000134161E-002  0.000000000000000E+000
  6.434766180578094E-002  0.000000000000000E+000
