2.27700000000000
2.27700000000000
2.30600000000000
2.32800000000000
2.34300000000000
2.35000000000000
2.35000000000000
2.35000000000000
2.34300000000000
2.32800000000000
2.30600000000000
2.27700000000000
2.27700000000000
2.27300000000000
2.26700000000000
1.97100000000000
1.96140002441406
1.82130004882813
1.80269995117188
1.78650000000000
1.77330004882812
1.76350000000000
1.75780004882813
1.75590002441406
1.75590002441406
1.65119995117188
1.64800000000000
1.62713903808594
1.61455395507812
1.59885095214844
1.58961999511719
1.56079797363281
1.53001196289063
1.44869995117188
1.39600000000000
1.36100000000000
1.36100000000000
1.36100000000000
1.36100000000000
1.36300000000000
1.43700000000000
1.44200000000000
1.43900000000000
1.43000000000000
1.39200000000000
1.37900000000000
1.39900000000000
1.43600000000000
1.44000000000000
1.45900000000000
1.47800000000000
1.61200000000000
1.63500000000000
1.65600000000000
1.66500000000000
1.69600000000000
1.70700000000000
1.71400000000000
1.73600000000000
1.75100000000000
1.77300000000000
1.80200000000000
1.94000000000000
2.26700000000000
2.27300000000000
2.27700000000000