2.30764e+16
5.59448e+16
9.08994e+15
9.60621e+15
3.52397e+16
7.26284e+16
7.48586e+16
1.28678e+16
1.36647e+16
2.41636e+16
3.31971e+16
4.83135e+16
4.71833e+16
5.03349e+16
5.35856e+16
4.81698e+16
7.01074e+16
1.39622e+16
5.60292e+16
3.34723e+16
3.74066e+16
4.22365e+16
4.34483e+16
7.81276e+15
1.75277e+16
1.12604e+16
3.49181e+16
4.36458e+16
3.71596e+16
4.96785e+16
3.94234e+16
9.92413e+15
1.72174e+16
7.37604e+15
1.17994e+18
1.15906e+18
1.39745e+18
9.31211e+17
1.70415e+18
8.80585e+17
2.13955e+18
4.10574e+16
8.33116e+17
2.64774e+18
8.16892e+17
4.21852e+16
6.66769e+17
5.61013e+17
5.44824e+16
3.42787e+16
6.73363e+18
7.89229e+17
8.39595e+17
4.96479e+15
8.04564e+17
5.54102e+17
1.02288e+18
6.59557e+17
1.08305e+18
5.63391e+17
5.39508e+16
4.57824e+16
6.1495e+16
1.36759e+18
3.97906e+16
8.57029e+16
4.74366e+17
5.60569e+17
3.69843e+16
8.44539e+16
1.583e+18
2.95702e+16
1.26173e+17
5.17305e+17
2.78758e+16
4.44996e+17
1.27747e+17
2.38555e+16
1.19795e+17
2.95833e+16
3.98689e+17
3.21271e+15
1.46825e+16
1.10748e+17
2.83865e+16
3.57597e+17
2.95521e+16
1.10238e+17
1.6886e+18
1.13056e+18
1.52027e+18
2.15421e+18
1.6094e+18
1.1119e+18
3.32909e+18
2.41169e+16
3.54268e+17
9.81128e+17
4.16182e+18
3.21993e+16
1.92585e+17
9.51078e+17
1.35849e+17
8.01608e+17
6.80109e+16
1.75149e+16
4.94043e+18
2.65956e+18
2.1447e+18
2.41477e+17
3.68654e+17
7.57087e+17
2.89932e+17
3.02189e+17
1.32097e+16
7.62788e+17
7.00106e+17
6.66002e+16
2.0638e+16
6.42051e+17
1.32346e+17
2.00524e+16
1.04598e+17
5.36196e+16
2.33465e+16
6.03992e+17
7.53039e+15
6.72473e+17
3.78829e+16
1.17424e+16
9.89763e+17
8.24711e+17
7.19276e+17
1.32978e+18
1.17099e+17
5.18967e+16
5.54525e+17
1.38529e+18
4.69875e+16
1.24634e+16
6.92179e+16
9.49526e+15
1.16855e+17
7.39524e+16
4.61486e+17
1.37668e+17
3.71179e+16
3.97042e+16
9.14174e+16
8.89147e+15
1.32279e+18
4.63425e+17
1.48508e+18
1.53647e+16
4.03713e+17
8.05121e+15
1.11113e+18
1.16201e+16
2.76328e+16
1.89191e+18
3.78705e+17
5.39764e+16
1.24848e+16
1.03551e+18
1.45702e+16
5.91256e+15
3.35797e+17
2.48192e+16
3.46603e+17
4.42696e+17
3.51446e+17
3.50445e+17
3.09643e+17
9.36357e+16
7.61431e+17
6.66707e+18
1.44621e+18
2.85439e+16
2.57705e+16
1.08625e+18
1.22696e+18
1.14447e+18
3.26923e+17
3.99588e+17
4.83216e+16
5.91328e+16
4.00705e+16
3.24331e+17
1.4662e+18
2.23886e+17
1.58245e+16
6.45533e+17
3.07241e+16
8.1867e+17
7.20196e+16
1.20643e+17
5.86801e+16
5.24428e+16
1.32296e+17
3.21872e+16
2.29236e+16
1.52007e+18
6.51079e+17
5.21638e+17
1.90979e+16
1.57887e+16
1.97222e+16
2.98412e+16
1.3105e+17
1.44644e+17
1.59446e+17
6.3034e+15
2.54376e+15
5.22205e+17
1.10911e+17
7.79969e+16
5.57844e+16
3.61155e+17
2.95408e+16
4.88818e+17
2.4916e+17
1.32764e+18
1.58783e+18
1.50287e+18
1.40514e+18
1.13023e+18
9.35604e+17
2.12443e+18
1.13754e+16
9.61907e+15
1.8245e+18
3.17208e+18
7.23108e+15
9.06114e+15
1.32665e+17
1.20711e+18
1.00572e+18
1.70809e+18
2.35189e+18
8.9586e+16
1.22472e+17
1.86765e+17
1.64666e+16
3.9447e+17
2.8786e+18
1.75617e+18
5.69485e+16
2.38125e+16
2.2796e+16
1.70069e+16
1.30664e+16
1.64502e+18
3.24496e+15
6.51471e+15
5.34733e+15
1.74544e+16
3.84361e+17
1.9441e+16
4.59116e+15
7.84269e+17
3.70039e+17
1.97602e+18
2.77594e+18
4.97087e+15
7.67222e+17
2.61421e+16
5.12094e+16
1.02279e+17
7.07209e+16
1.09222e+16
7.27423e+15
1.04851e+18
9.6741e+15
2.77266e+16
6.05198e+17
3.40593e+16
4.44826e+16
4.53651e+16
3.0945e+16
4.09916e+16
3.56544e+16
2.85093e+16
2.92217e+16
2.51232e+16
3.41078e+17
1.95968e+17
1.74348e+16
4.98307e+17
3.86385e+16
3.80799e+17
5.30257e+15
2.82937e+15
3.32144e+17
8.54544e+15
2.58244e+16
2.31331e+16
1.72852e+17
3.32263e+17
3.61421e+17
5.90562e+17
1.6916e+16
1.64814e+16
3.35181e+16
2.29083e+16
1.45065e+16
1.75413e+16
1.1806e+16
2.76138e+16
1.38772e+16
1.01194e+16
1.26877e+16
2.67728e+16
2.19414e+16
2.17469e+16
1.65568e+16
1.34288e+16
1.04996e+16
3.29975e+16
2.64419e+16
2.52826e+16
1.75092e+16
3.02098e+17
1.25174e+16
7.03502e+15
1.14429e+16
6.98679e+15
6.44159e+15
2.40361e+15
3.5227e+15
5.28829e+15
3.60454e+15
3.16283e+15
5.97124e+15
8.6287e+15
4.09114e+15
6.06704e+15
6.56807e+15
9.59855e+15
1.70776e+15
1.45688e+15
5.92687e+15
5.76936e+15
9.41999e+15
3.26391e+15
5.84503e+15
5.63058e+15
3.35269e+15
3.04017e+15
3.83084e+15
4.78445e+15
3.47984e+15
3.3516e+15
4.10886e+15
1.5135e+15
3.14219e+15
2.23707e+15
2.83202e+15
3.57694e+15
2.93069e+15
1.5051e+16
1.08108e+16
1.20771e+16
9.32437e+15
9.97207e+15
8.98055e+15
1.02801e+16
8.84701e+15
6.26078e+15
4.77661e+15
1.35933e+16
1.19339e+16
1.14615e+16
1.46779e+16
1.12688e+16
1.14413e+16
1.11237e+16
1.27675e+16
2.60681e+16
1.51152e+16
1.31627e+16
1.34141e+16
1.34922e+16
1.03674e+16
7.82369e+15
2.38985e+16
8.41524e+15
7.38427e+15
7.60001e+15
9.45705e+15
8.61821e+14
1.83998e+15
8.01651e+14
1.28349e+15
7.66198e+14
1.63061e+15
1.29395e+15
1.7914e+15
1.32041e+15
1.19615e+15
1.11314e+15
1.66467e+15
1.59941e+15
1.7198e+15
1.84273e+15
2.09513e+15
1.89561e+16
1.75365e+16
2.28347e+16
3.04303e+16
3.85822e+15
1.41839e+16
1.21207e+16
9.98916e+15
6.34398e+15
8.08961e+15
8.61815e+15
7.86463e+15
8.08031e+15
1.03351e+16
1.37383e+16
8.06864e+15
6.51131e+15
8.98368e+15
8.95355e+15
7.1253e+15
6.2411e+15
5.35589e+15
6.02151e+15
6.15047e+15
8.31674e+15
8.34296e+15
2.16766e+16
1.27919e+16
1.01972e+16
6.47433e+15
7.37913e+15
4.56835e+15
4.7194e+15
4.95928e+15
9.04272e+15
1.32209e+16
7.17912e+15
1.71636e+16
1.51895e+16
1.35501e+16
5.47313e+15
4.19518e+15
9.00115e+15
1.79372e+16
1.40423e+16
8.60825e+15
1.95028e+16
3.01944e+15
1.32234e+15
2.22335e+15
1.46537e+15
1.22015e+16
1.25135e+16
1.38699e+16
2.51595e+16
2.43392e+15
7.58092e+16
7.21925e+16
4.43555e+16
2.3726e+17
1.94026e+17
8.84323e+16
1.07167e+17
9.79216e+15
4.38851e+15
1.06716e+16
5.92838e+15
2.59742e+15
1.47176e+16
1.3818e+16
2.92609e+16
2.20462e+16
1.58433e+16
1.08514e+16
1.97529e+17
9.40245e+15
9.33139e+15
8.87404e+15
1.39135e+16
2.1561e+16
2.32835e+16
5.50284e+16
1.02907e+16
1.10427e+16
2.50169e+16
3.6441e+15
4.12371e+15
2.40817e+15
4.88217e+15
7.82532e+15
7.95945e+15
9.15595e+15
9.36416e+15
8.117e+15
7.06609e+15
5.16054e+15
4.7129e+15
1.55803e+16
9.80048e+15
5.03546e+15
3.98558e+15
2.89153e+15
3.99257e+15
9.9963e+15
1.47736e+16
4.11115e+16
6.81507e+15
3.81092e+15
3.91034e+15
3.69659e+15
2.44854e+15
3.46846e+15
4.0803e+15
5.41445e+15
4.4585e+15
4.88606e+15
1.24824e+16
1.53486e+16
1.7675e+16
1.63991e+16
1.43106e+16
1.29586e+16
1.26987e+16
1.72006e+16
1.33761e+16
1.33436e+16
1.26281e+16
1.771e+16
4.30017e+16
2.69694e+16
1.60942e+16
2.75828e+16
2.6153e+16
3.54921e+16
2.30431e+16
4.74166e+15
2.97822e+15
1.09768e+16
9.56079e+15
3.2092e+15
1.05576e+16
4.61528e+16
5.20138e+16
3.58699e+16
5.96457e+16
4.11962e+16
4.26873e+15
2.00777e+15
9.72941e+15
2.24047e+16
1.99969e+16
1.50972e+16
1.38449e+15
2.97734e+15
4.6402e+15
5.6756e+15
2.27651e+15
1.76355e+15
1.43095e+15
1.42326e+15
1.32505e+15
1.03059e+15
2.58883e+16
1.95012e+16
1.00752e+16
2.18435e+16
1.31398e+15
2.24001e+15
4.8193e+15
8.95139e+15
6.15763e+15
4.54094e+15
1.37231e+16
8.80145e+15
7.1308e+15
6.06674e+15
5.24914e+15
4.36905e+15
5.74885e+15
6.45431e+15
4.5846e+15
9.14095e+15
2.18616e+15
1.28965e+15
1.32779e+15
2.26421e+15
1.93458e+15
1.85809e+15
2.06409e+15
1.18947e+15
7.33957e+15
1.61917e+15
2.06615e+16
2.66205e+15
2.18897e+15
1.55484e+16
2.60743e+15
2.47268e+15
4.4587e+15
3.75122e+15
1.68966e+15
1.34895e+15
3.21608e+15
5.35209e+15
1.99921e+15
5.39188e+15
2.8735e+15
2.72621e+15
3.91974e+15
3.80836e+15
1.17975e+16
6.83868e+15
5.9169e+15
6.35568e+15
6.56282e+15
5.49023e+15
4.68983e+15
1.02453e+16
7.59841e+15
7.41198e+15
9.39366e+15
8.51131e+15
5.0423e+15
1.40749e+15
1.98094e+15
2.55468e+15
3.84223e+15
3.3515e+15
1.6407e+16
8.3244e+15
1.58055e+16
1.57352e+16
1.46887e+16
3.37743e+15
5.18737e+15
1.07341e+16
8.45447e+15
6.46641e+15
7.72688e+15
8.97203e+15
8.31016e+15
6.47623e+15
1.12302e+16
3.18856e+15
8.72201e+15
1.35143e+15
1.65907e+15
5.87291e+15
6.30576e+15
8.40424e+15
4.26096e+15
3.94087e+15
1.16931e+16
6.99468e+15
1.10043e+16
8.20232e+15
1.08668e+16
7.23752e+15
5.3448e+15
7.09765e+15
3.82927e+15
2.13439e+15
2.18265e+15
3.34374e+15
4.31505e+15
2.99233e+15
4.24494e+15
2.19849e+15
3.05012e+15
2.78738e+15
2.79203e+15
3.40402e+15
2.42483e+15
3.65249e+15
5.20119e+15
6.94339e+15
4.17768e+15
4.01551e+15
4.79967e+15
4.09705e+15
4.90524e+15
6.12561e+15
6.75576e+15
4.03359e+15
3.8079e+15
2.59973e+15
6.39567e+15
3.3938e+15
1.7181e+15
5.75187e+15
3.81916e+15
1.35262e+16
1.28396e+16
7.75831e+15
2.94722e+15
4.18256e+15
5.22793e+15
4.40659e+15
5.86352e+15
7.8941e+15
6.76678e+15
4.5712e+15
3.94923e+15
4.17709e+15
4.60097e+15
4.17071e+15
4.84492e+15
9.19996e+15
8.04882e+15
3.25176e+15
1.41429e+15
4.26581e+15
5.43434e+15
5.07728e+15
4.76537e+15
9.24852e+15
8.10698e+15
2.16018e+15
1.4276e+15
1.98352e+15
8.64576e+14
8.02862e+15
8.48924e+15
7.75173e+15
5.75394e+15
5.19182e+15
4.60028e+15
7.24511e+15
4.51316e+15
2.55863e+15
4.43459e+15
4.63931e+15
4.96995e+15
6.03606e+15
3.43533e+15
8.862e+15
3.9e+15
1.12441e+15
2.66123e+15
8.38943e+15
1.33175e+16
4.1938e+15
1.17928e+16
6.67411e+15
5.64101e+15
5.15259e+15
5.51162e+15
6.23774e+15
3.4848e+15
3.12774e+15
2.82087e+15
2.89736e+15
5.42145e+15
9.57808e+15
1.79515e+15
2.20682e+15
1.2286e+16
5.25347e+15
5.6963e+15
7.54496e+15
5.82715e+15
1.03368e+16
1.52908e+15
1.86454e+15
9.60137e+14
1.60761e+15
1.8049e+15
2.54614e+15
1.42747e+15
1.9405e+15
8.70887e+15
7.28453e+15
8.78588e+15
6.19346e+15
6.59608e+15
5.11214e+15
6.41531e+15
2.0564e+15
1.60518e+15
3.27446e+15
4.17471e+15
5.66628e+15
2.56556e+15
2.51907e+15
2.59459e+15
4.60532e+15
1.51672e+15
3.78051e+15
2.74384e+15
3.50979e+15
2.78534e+15
4.02131e+15
3.23769e+15
5.11753e+15
6.29288e+15
6.38582e+15
6.33962e+15
6.08962e+15
4.73347e+15
5.93031e+15
3.23446e+15
4.04792e+15
3.61437e+15
3.31422e+15
1.72462e+15
4.02365e+15
1.96765e+15
2.48193e+15
5.04042e+15
2.92123e+15
6.40407e+15
6.10246e+15
6.2468e+15
4.98766e+15
5.06194e+15
5.92005e+15
7.04318e+15
5.00205e+15
4.86173e+15
6.02585e+15
4.13175e+15
5.57839e+15
5.15572e+15
4.75729e+15
4.98851e+15
4.82749e+15
5.26784e+15
3.59215e+15
4.2378e+15
4.44118e+15
4.22254e+15
5.18783e+15
5.83318e+15
4.46012e+15
5.02693e+15
5.18145e+15
5.49525e+15
4.57573e+15
4.61374e+15
4.13951e+15
4.43776e+15
4.08749e+15
2.8369e+15
5.6867e+15
7.12707e+15
7.67557e+15
1.13161e+16
7.02371e+15
6.10161e+15
1.13392e+16
1.00263e+16
7.23722e+15
9.11928e+15
3.50221e+15
5.70398e+15
6.64556e+15
2.32878e+15
1.56716e+15
5.39165e+15
5.81713e+15
7.57969e+15
1.03431e+16
1.02877e+16
5.56103e+15
9.80793e+15
9.49464e+15
1.04305e+16
9.22936e+15
6.55704e+15
8.94558e+15
1.15001e+16
8.19155e+15
5.80531e+15
9.26873e+15
4.63845e+15
4.80758e+15
3.01975e+15
9.98776e+15
9.39677e+15
6.41852e+15
6.74246e+15
4.45566e+15
5.2954e+15
7.79117e+15
8.02779e+15
7.89945e+15
7.02136e+15
4.51612e+15
4.70383e+15
5.11912e+15
4.0302e+15
6.02e+15
4.93678e+15
4.23478e+15
6.17877e+15
7.6228e+15
3.90735e+15
8.09023e+15
8.52237e+15
8.92051e+15
2.84689e+15
4.80345e+15
6.70195e+15
8.3063e+15
6.21008e+15
9.87271e+15
7.87977e+15
5.4606e+15
7.17504e+15
7.95415e+15
8.82163e+15
5.46408e+15
4.5035e+15
8.60782e+15
5.03968e+15
4.89446e+15
5.49154e+15
4.23726e+15
2.76919e+15
4.15698e+15
3.90346e+15
7.10343e+15
4.09439e+15
3.51198e+15
3.35986e+15
6.0329e+15
6.96814e+15
4.4409e+15
4.43106e+15
1.01743e+16
3.18483e+16
5.22053e+15
6.29083e+15
7.82073e+15
6.24537e+15
1.0029e+16
7.78374e+15
1.60085e+16
1.44068e+16
1.88404e+16
2.41572e+15
1.41606e+15
1.91479e+15
2.12879e+15
1.61785e+15
8.52537e+15
8.25681e+15
4.48237e+15
3.93324e+15
4.97803e+15
4.97577e+15
6.14364e+15
4.72202e+15
1.73442e+15
1.19404e+15
2.28596e+15
2.96841e+15
1.80509e+15
9.01855e+15
4.89508e+15
1.75602e+15
1.17183e+16
8.33424e+15
4.01148e+15
9.21408e+15
4.23395e+15
1.60236e+15
1.85523e+15
1.89799e+15
4.48198e+15
5.62015e+15
6.45574e+15
4.96511e+15
4.35097e+15
2.81005e+15
5.54641e+15
1.01498e+16
9.65448e+15
5.33899e+15
6.21865e+15
5.58425e+15
6.30005e+15
8.07979e+15
6.56868e+15
1.01245e+16
6.87242e+15
9.10913e+15
7.88046e+15
4.39532e+15
3.00241e+15
3.92061e+15
3.35897e+15
1.88942e+15
2.53351e+15
1.43249e+16
9.00525e+15
9.36914e+15
4.44843e+15
6.10081e+15
5.4837e+15
4.71056e+15
6.43545e+15
6.46022e+15
5.9725e+15
4.77928e+15
3.67529e+15
2.46609e+15
3.77444e+15
5.93351e+15
5.05101e+15
5.9412e+15
7.3995e+15
5.08183e+15
3.90959e+15
5.51053e+15
3.40687e+15
9.54047e+15
1.66007e+16
6.342e+15
5.43564e+15
5.71436e+15
9.64665e+15
9.6006e+15
6.30516e+15
5.86733e+15
8.36084e+15
4.96206e+15
5.42001e+15
4.25453e+15
2.42213e+15
5.27425e+15
3.28564e+15
5.28488e+15
3.18275e+15
4.04006e+15
4.94577e+15
3.75385e+15
3.99726e+15
4.75075e+15
9.14406e+15
9.51455e+15
9.55867e+15
6.31191e+15
9.54004e+15
3.20317e+18
2.86513e+18
2.33832e+18
2.04631e+18
1.63808e+18
1.51768e+18
1.14382e+18
1.08447e+18
9.3061e+17
9.84429e+17
8.21827e+17
9.28575e+17
8.66569e+17
7.07589e+17
5.53249e+17
6.91681e+17
6.22231e+17
6.26655e+17
4.97682e+17
6.18617e+17
5.16945e+17
4.23418e+17
4.62425e+17
4.43373e+17
4.32633e+17
3.88762e+17
3.23061e+17
4.12664e+17
2.40667e+17
3.17928e+17
3.2994e+17
2.94718e+17
2.64872e+17
2.60607e+17
2.48528e+17
2.84465e+17
2.45079e+17
3.12202e+17
2.00101e+17
2.43216e+17
1.69088e+17
2.7286e+17
1.94487e+17
2.8532e+17
1.66365e+17
1.6398e+17
1.07907e+17
1.29454e+17
0
0
0
0
0
0
0
0
2.70653e+12
1.58175e+12
0
0
0
0
0
0
0
0
0
0
0
0
0
0
0
0
0
0
0
0
0
0
0
0
0
0
0
0
0
0
0
0
0
0
0
0
0
0
0
0
0
0
0
0
0
0
0
0
0
0
0
0
0
0
0
0
0
0
0
0
0
0
2.59523e+09
4.72522e+07
2.78042e+08
2.19766e+09
0
0
0
0
0
0
0
0
0
0
0
0
0
0
0
0
0
0
0
0
9.63273e+16
1.16128e+17
8.70638e+16
9.57354e+16
9.37191e+16
1.29073e+17
1.00147e+17
9.3079e+16
1.05067e+17
1.16537e+17
8.78825e+16
9.3175e+16
4.7051e+16
3.58256e+16
2.95436e+16
3.07788e+16
2.5763e+16
5.22647e+16
5.51703e+16
6.8611e+16
8.92992e+16
1.14036e+17
8.82276e+16
8.9294e+16
1.33178e+17
2.34812e+17
3.76033e+17
4.63169e+17
3.17827e+17
3.62351e+17
3.95734e+17
4.23427e+17
4.91877e+17
5.87026e+17
5.95225e+17
6.32528e+17
6.42508e+17
6.22143e+17
6.54669e+17
7.27496e+17
6.69239e+17
7.76053e+17
8.31271e+17
8.60053e+17
1.12945e+18
1.20821e+18
1.94048e+18
2.28864e+18
3.3048e+18
2.96335e+18
2.48109e+18
2.10683e+18
1.33437e+18
1.25471e+18
1.00261e+18
8.92598e+17
7.86196e+17
8.12924e+17
6.67567e+17
7.24875e+17
7.14569e+17
6.65476e+17
4.61378e+17
5.93473e+17
4.65526e+17
4.79389e+17
4.39064e+17
4.45314e+17
3.80319e+17
3.21305e+17
3.18261e+17
4.08456e+17
2.31634e+17
2.47695e+17
2.31637e+17
2.59706e+17
1.77044e+17
1.96354e+17
2.32544e+17
2.31134e+17
1.89638e+17
1.93065e+17
1.59659e+17
1.65286e+17
1.54538e+17
1.74236e+17
1.11898e+17
1.47368e+17
1.20187e+17
1.38099e+17
1.25221e+17
1.38938e+17
1.33464e+17
1.2311e+17
6.92284e+16
8.06327e+16
0
0
0
0
0
0
0
0
2.99808e+12
1.30432e+12
0
0
0
0
0
0
0
0
0
0
0
0
0
0
0
0
0
0
0
0
0
0
0
0
0
0
0
0
0
0
0
0
0
0
0
0
0
0
0
0
0
0
0
0
0
0
5.10701e+06
0
0
0
0
0
0
0
0
0
0
0
0
0
0
0
2.39147e+09
2.11555e+09
2.91235e+08
2.17181e+09
0
0
0
0
0
0
0
0
0
0
0
0
0
0
0
0
0
0
0
0
6.59445e+16
7.93058e+16
8.47621e+16
7.27381e+16
5.67001e+16
8.41803e+16
7.16322e+16
8.17042e+16
8.34039e+16
8.49359e+16
6.17243e+16
6.69188e+16
3.91202e+16
3.0553e+16
1.87067e+16
2.43147e+16
2.54681e+16
3.78465e+16
4.08622e+16
4.41807e+16
7.29523e+16
8.88364e+16
5.56443e+16
7.38047e+16
1.19194e+17
2.0609e+17
3.21544e+17
3.25893e+17
2.50984e+17
2.98984e+17
3.10104e+17
3.52735e+17
4.33162e+17
5.1865e+17
5.18538e+17
5.5381e+17
5.95027e+17
5.56265e+17
6.0468e+17
6.31697e+17
5.81673e+17
6.88345e+17
7.22712e+17
8.35673e+17
1.01657e+18
1.24047e+18
2.18394e+18
2.66096e+18
3.39157e+18
3.30294e+18
2.3527e+18
1.99167e+18
1.25466e+18
1.12384e+18
8.60521e+17
8.18446e+17
6.58733e+17
6.30901e+17
5.57969e+17
6.41827e+17
5.88361e+17
5.32013e+17
4.47022e+17
3.79325e+17
3.90837e+17
3.86611e+17
3.82705e+17
4.06204e+17
3.00341e+17
2.71239e+17
2.52366e+17
2.85829e+17
2.42352e+17
1.79488e+17
1.6927e+17
1.56184e+17
1.50511e+17
1.29605e+17
1.51722e+17
1.85425e+17
1.39791e+17
1.42797e+17
1.07782e+17
1.04732e+17
6.67917e+16
1.05091e+17
8.02811e+16
7.28078e+16
7.08412e+16
9.38553e+16
4.86575e+16
8.02136e+16
5.74294e+16
7.26436e+16
4.17396e+16
4.41101e+16
0
0
0
0
0
0
0
0
3.29716e+12
1.02177e+12
0
0
0
0
0
0
0
0
0
0
0
0
0
0
0
0
0
0
0
0
0
0
0
0
0
0
0
0
0
0
0
0
0
0
5.34712e+09
1.67725e+09
0
0
0
0
4.33196e+08
5.94317e+07
0
0
0
0
1.93464e+08
1.66331e+08
0
0
0
0
0
0
0
0
7.25984e+08
1.33623e+09
1.95107e+09
0
0
0
2.19005e+09
2.30588e+09
3.03929e+08
2.14667e+09
0
0
0
0
0
0
0
0
0
0
0
0
0
0
0
0
0
0
0
0
4.92326e+16
5.99419e+16
5.38961e+16
6.07329e+16
3.6147e+16
4.55943e+16
4.12888e+16
5.44247e+16
5.68627e+16
5.50447e+16
4.04482e+16
4.59831e+16
3.16696e+16
2.65977e+16
2.23754e+16
1.92594e+16
1.8392e+16
2.91758e+16
1.74136e+16
2.771e+16
4.51256e+16
5.3534e+16
3.80007e+16
5.54433e+16
1.16682e+17
1.92222e+17
2.47072e+17
2.41037e+17
2.06552e+17
2.54428e+17
2.4885e+17
3.0457e+17
3.46139e+17
4.16116e+17
4.35683e+17
4.94209e+17
5.08241e+17
5.1306e+17
4.96656e+17
5.69477e+17
5.57999e+17
5.79687e+17
7.52068e+17
7.65637e+17
1.03861e+18
1.24063e+18
2.25776e+18
2.86141e+18
3.52523e+18
3.31603e+18
2.11352e+18
1.6986e+18
1.15023e+18
9.88642e+17
7.56248e+17
7.37336e+17
5.41614e+17
5.2672e+17
4.60042e+17
5.27429e+17
4.14786e+17
4.14652e+17
2.93727e+17
3.07516e+17
2.70508e+17
3.02918e+17
2.73193e+17
2.72243e+17
2.08642e+17
2.46049e+17
1.7233e+17
1.89456e+17
1.37448e+17
1.46015e+17
1.04945e+17
1.06531e+17
9.58382e+16
8.27307e+16
9.09383e+16
1.08217e+17
6.44057e+16
7.3112e+16
6.42461e+16
6.40271e+16
5.02418e+16
5.05418e+16
4.34592e+16
4.02782e+16
3.62062e+16
4.65276e+16
2.01442e+16
3.0251e+16
2.25761e+16
3.72229e+16
2.30277e+16
2.6822e+16
0
0
0
0
0
0
0
0
3.60521e+12
7.33284e+11
0
0
0
0
0
0
0
0
0
0
0
0
0
0
0
0
0
0
0
0
0
0
0
0
0
0
0
0
0
0
0
0
0
0
5.43442e+09
1.84704e+10
0
0
0
0
4.45643e+08
2.50162e+09
0
0
0
0
2.00186e+08
1.58059e+08
0
0
0
0
0
0
0
0
4.54199e+09
6.38139e+09
8.383e+09
2.09956e+09
0
0
1.99082e+09
2.49455e+09
3.16101e+08
2.12227e+09
0
0
0
0
0
0
0
0
0
0
0
0
0
0
0
0
0
0
0
0
3.85007e+16
3.29147e+16
1.76473e+16
3.4246e+16
2.49393e+16
2.41764e+16
2.01832e+16
4.03159e+16
3.2795e+16
3.05496e+16
2.61441e+16
3.25552e+16
2.89139e+16
2.46956e+16
1.03271e+16
1.27085e+16
5.57712e+15
1.51376e+16
1.03145e+16
2.02552e+16
2.422e+16
2.11662e+16
3.54589e+16
6.45244e+16
1.02694e+17
1.41197e+17
1.7761e+17
1.79655e+17
1.7694e+17
1.76044e+17
2.15163e+17
2.50968e+17
2.64024e+17
3.15775e+17
3.81521e+17
4.32534e+17
3.6543e+17
4.35967e+17
4.11699e+17
4.57733e+17
4.68884e+17
5.26888e+17
6.33848e+17
6.71353e+17
9.46152e+17
1.20386e+18
2.47442e+18
3.0157e+18
3.62439e+18
3.48625e+18
1.93811e+18
1.56954e+18
9.46796e+17
8.22581e+17
6.22577e+17
6.34954e+17
4.36349e+17
3.90881e+17
3.79401e+17
3.87571e+17
2.86174e+17
2.6404e+17
2.4945e+17
2.28429e+17
1.86161e+17
2.0856e+17
2.00746e+17
2.21474e+17
1.54235e+17
1.72422e+17
1.13623e+17
1.21536e+17
8.412e+16
7.86374e+16
7.07226e+16
6.06484e+16
6.18139e+16
5.34786e+16
4.55284e+16
4.83322e+16
3.65136e+16
3.6932e+16
2.44749e+16
3.29223e+16
2.69035e+16
3.04969e+16
2.20866e+16
2.48128e+16
1.21002e+16
1.53172e+16
1.811e+16
1.40741e+16
1.44407e+16
1.83807e+16
1.31718e+16
9.12729e+15
0
0
0
0
0
0
0
0
3.92366e+12
4.3727e+11
0
0
0
0
0
0
0
0
0
0
0
0
0
0
0
0
0
0
0
0
0
0
0
0
0
0
0
0
0
0
0
0
0
0
5.53033e+09
1.81693e+10
0
0
0
0
4.58194e+08
2.47442e+09
0
0
0
0
2.06832e+08
1.49897e+08
0
0
0
0
0
0
0
0
9.87548e+08
2.53179e+09
0
7.73147e+09
1.00518e+09
0
1.79315e+09
2.68141e+09
3.27809e+08
2.09856e+09
0
0
0
0
0
0
0
0
0
0
0
0
0
0
0
0
0
0
0
0
1.31325e+16
1.42175e+16
8.99159e+15
1.24808e+16
1.57219e+16
1.38172e+16
1.07292e+16
1.80675e+16
1.6136e+16
2.11052e+16
1.27392e+16
2.20115e+16
2.21706e+16
1.62292e+16
8.54886e+15
8.33234e+15
4.79152e+15
5.87151e+15
1.08581e+16
1.61263e+16
1.43737e+16
1.36543e+16
1.86768e+16
4.38323e+16
7.97808e+16
1.02032e+17
1.08281e+17
1.34813e+17
1.36384e+17
1.31441e+17
1.51221e+17
1.72781e+17
2.03089e+17
2.30274e+17
2.84649e+17
3.29927e+17
3.08248e+17
3.45663e+17
3.33562e+17
3.90298e+17
3.85883e+17
4.68318e+17
5.2727e+17
5.91979e+17
7.98695e+17
1.19868e+18
2.4829e+18
3.24155e+18
3.58734e+18
3.27037e+18
1.75966e+18
1.32272e+18
6.55211e+17
5.89402e+17
4.08017e+17
4.47063e+17
3.40305e+17
3.26744e+17
3.08469e+17
3.08184e+17
2.01047e+17
1.71018e+17
1.79327e+17
2.03263e+17
1.54397e+17
1.60923e+17
9.37963e+16
1.28817e+17
1.00311e+17
1.00926e+17
8.14331e+16
6.53303e+16
5.95916e+16
4.64862e+16
3.13087e+16
4.60106e+16
3.96366e+16
4.42929e+16
2.45181e+16
2.36918e+16
2.18378e+16
2.32801e+16
9.99553e+15
8.05957e+15
1.15355e+16
1.21634e+16
9.47806e+15
7.0067e+15
5.41289e+15
8.04398e+15
6.86825e+15
9.95471e+15
8.74574e+15
1.35082e+16
5.26005e+15
3.322e+15
0
0
0
0
0
0
1.48409e+11
2.12717e+12
1.73731e+12
1.33243e+11
0
0
0
0
0
0
0
0
0
0
0
0
0
0
0
0
0
0
0
0
0
0
0
0
0
0
0
0
0
0
0
0
0
0
5.63484e+09
1.78687e+10
0
0
0
0
4.70844e+08
2.44737e+09
2.58534e+08
2.86195e+06
0
0
2.13392e+08
1.41844e+08
0
0
0
0
0
0
2.72415e+08
1.07564e+08
0
0
0
0
3.566e+09
2.3354e+08
1.59692e+09
2.86678e+09
3.39082e+08
2.07548e+09
0
0
0
0
0
0
0
0
0
0
0
0
0
0
0
0
0
0
0
0
3.52698e+15
6.33314e+15
6.76886e+15
6.36176e+15
6.98759e+15
7.84039e+15
4.47774e+15
6.72673e+15
9.57629e+15
1.16989e+16
1.041e+16
9.01589e+15
1.47743e+16
1.09884e+16
6.52336e+15
5.02766e+15
6.75685e+15
7.97856e+15
9.1135e+15
1.45558e+16
7.34869e+15
9.05995e+15
1.13067e+16
2.82396e+16
4.7732e+16
6.26241e+16
7.76056e+16
9.35165e+16
9.11745e+16
1.18252e+17
9.7329e+16
1.20706e+17
1.50192e+17
2.009e+17
2.05791e+17
2.31962e+17
2.31902e+17
2.55014e+17
2.81179e+17
3.3995e+17
3.53026e+17
4.09194e+17
4.29883e+17
5.22676e+17
7.6217e+17
1.10961e+18
2.50556e+18
3.22421e+18
3.51952e+18
3.14323e+18
1.45134e+18
1.06447e+18
5.07724e+17
4.37276e+17
2.96318e+17
3.03184e+17
2.50297e+17
2.38307e+17
2.22477e+17
2.03377e+17
1.44627e+17
1.49867e+17
1.00736e+17
1.28323e+17
9.36119e+16
9.52187e+16
5.14386e+16
6.11834e+16
5.42845e+16
4.86734e+16
3.07822e+16
3.03902e+16
3.04526e+16
2.25191e+16
2.15378e+16
2.29323e+16
1.80233e+16
1.53848e+16
1.65539e+16
1.63581e+16
9.04565e+15
7.75638e+15
6.11377e+15
5.84143e+15
6.02591e+15
5.53955e+15
3.43136e+15
4.60057e+15
1.40994e+15
2.35932e+15
7.29159e+14
2.55812e+15
4.87491e+15
5.2511e+15
4.08594e+15
3.37693e+15
0
0
0
0
0
0
4.12079e+11
3.56445e+12
0
0
0
0
0
0
0
0
0
0
0
0
0
0
0
0
0
0
0
0
0
0
0
0
0
0
0
0
0
0
0
0
0
0
0
0
5.74752e+09
1.75688e+10
0
0
0
0
4.8356e+08
2.42053e+09
2.68905e+08
1.92901e+08
0
0
2.19852e+08
1.33905e+08
0
0
0
0
0
0
2.0896e+09
2.15878e+09
0
0
0
0
2.68788e+09
1.11639e+09
1.40274e+09
3.05048e+09
3.49881e+08
2.05306e+09
0
0
0
0
0
0
0
0
0
0
0
0
0
0
0
0
0
0
0
0
8.92697e+14
1.28954e+15
2.27793e+15
4.7919e+15
3.69687e+15
3.68483e+15
2.07911e+15
2.29911e+15
2.98247e+15
4.52802e+15
4.91005e+15
7.71435e+15
6.90233e+15
5.53505e+15
4.4086e+15
5.57388e+15
3.38505e+15
5.37601e+15
3.72318e+15
9.21518e+15
3.25421e+15
7.16229e+15
8.15953e+15
1.71962e+16
2.53258e+16
4.04612e+16
4.97922e+16
6.09926e+16
5.88841e+16
7.78707e+16
7.29355e+16
7.38224e+16
1.02906e+17
1.51988e+17
1.57574e+17
1.90685e+17
1.81078e+17
1.88471e+17
2.21694e+17
2.53425e+17
2.78866e+17
3.14578e+17
3.53261e+17
4.1319e+17
7.06923e+17
9.86681e+17
2.56728e+18
3.59842e+18
3.50933e+18
2.86735e+18
1.0905e+18
8.36643e+17
3.9829e+17
3.11609e+17
1.96618e+17
2.44218e+17
1.56398e+17
1.44067e+17
1.3966e+17
1.43691e+17
6.84367e+16
8.79992e+16
6.19846e+16
9.24854e+16
7.11224e+16
5.49947e+16
2.74938e+16
2.34044e+16
2.88265e+16
2.41589e+16
1.53702e+16
1.27143e+16
1.36529e+16
1.56502e+16
1.35612e+16
1.54845e+16
6.16611e+15
7.08308e+15
6.69299e+15
6.04159e+15
3.63177e+15
4.0264e+15
2.16211e+15
7.72006e+15
2.08481e+15
2.90354e+15
6.13547e+14
9.99446e+14
6.00224e+14
8.92159e+14
2.52452e+14
5.7987e+14
3.5404e+15
3.85804e+15
1.99438e+15
2.63008e+15
0
0
0
0
0
0
6.82885e+11
3.30824e+12
0
0
0
0
0
0
0
0
0
0
0
0
0
0
0
0
0
0
0
0
0
0
0
0
0
0
0
0
0
0
0
0
0
0
0
0
5.86853e+09
1.72696e+10
0
0
1.56656e+07
0
4.9638e+08
2.39388e+09
2.79199e+08
1.81152e+08
0
0
2.26227e+08
1.26057e+08
2.60094e+07
0
0
0
0
0
3.77398e+09
7.22047e+09
0
0
0
0
1.80569e+09
2.00512e+09
1.2102e+09
3.23265e+09
3.60274e+08
2.03126e+09
0
0
0
0
0
0
0
0
0
0
0
0
0
0
0
0
0
0
0
0
2.20784e+14
3.05599e+14
5.54527e+14
8.16524e+14
3.57729e+15
2.27883e+15
1.55159e+15
1.11023e+15
1.79586e+15
1.49185e+15
2.5938e+15
4.92067e+15
3.10644e+15
4.23391e+15
1.33166e+15
2.13522e+15
3.2291e+15
1.13749e+15
1.70422e+15
8.33414e+15
1.33677e+15
3.76442e+15
7.03125e+15
1.17324e+16
1.42353e+16
2.38502e+16
3.28701e+16
4.20985e+16
3.52025e+16
6.01284e+16
3.9257e+16
3.61769e+16
6.7336e+16
9.57595e+16
1.12052e+17
1.52177e+17
1.12821e+17
1.27578e+17
1.84188e+17
2.12183e+17
2.10726e+17
2.55781e+17
2.68458e+17
3.381e+17
5.70998e+17
8.74615e+17
2.6663e+18
3.77597e+18
3.68985e+18
2.84363e+18
8.64287e+17
6.3473e+17
2.84787e+17
2.15446e+17
1.45675e+17
1.73607e+17
9.59843e+16
9.50779e+16
7.13323e+16
7.5823e+16
4.52582e+16
5.65581e+16
3.38697e+16
4.25563e+16
2.74932e+16
2.64467e+16
1.31206e+16
1.75262e+16
8.42646e+15
1.48216e+16
7.43794e+15
1.05242e+16
6.75263e+15
1.02946e+16
6.84003e+15
6.44679e+15
1.71618e+15
3.96182e+15
2.67534e+15
1.60782e+15
1.54722e+15
1.70216e+15
1.4275e+15
2.15962e+15
1.98937e+15
3.01727e+15
4.56352e+14
6.17603e+14
2.37628e+14
4.46987e+14
5.42004e+13
2.69086e+14
1.69784e+15
2.08626e+15
1.0828e+15
2.08974e+15
0
0
0
0
0
0
9.62899e+11
3.04857e+12
0
0
0
0
0
0
0
0
0
0
0
0
0
0
0
0
0
0
0
0
0
0
0
0
0
0
0
0
0
0
0
0
0
0
0
0
5.99788e+09
1.69708e+10
0
0
5.20284e+08
9.24885e+08
5.09277e+08
2.3674e+09
2.89421e+08
1.69488e+08
0
0
2.32525e+08
1.18307e+08
1.87615e+09
2.2261e+08
0
0
0
0
4.01605e+09
6.92236e+09
0
0
0
0
9.18031e+08
2.9008e+09
1.01891e+09
3.41343e+09
3.70265e+08
2.01003e+09
0
0
0
0
0
0
3.04493e+12
0
0
0
0
0
0
0
0
0
0
0
0
0
7.38351e+14
2.69277e+14
2.32824e+14
5.08243e+14
8.57358e+14
2.52783e+15
1.24899e+15
6.76568e+14
4.92605e+14
9.76908e+14
1.27194e+15
6.41037e+14
2.09784e+15
2.46924e+15
5.08841e+14
1.32784e+15
2.53106e+15
7.44484e+14
1.11799e+15
4.08753e+15
1.00152e+15
4.19693e+15
6.81633e+15
8.96821e+15
6.21986e+15
1.44655e+16
1.67843e+16
1.86376e+16
2.18861e+16
4.17047e+16
1.45471e+16
1.92719e+16
4.3275e+16
5.35788e+16
7.8317e+16
1.12629e+17
7.01727e+16
9.77098e+16
1.42821e+17
1.69904e+17
1.49426e+17
1.96271e+17
1.94232e+17
2.41239e+17
4.52058e+17
7.4787e+17
2.63697e+18
4.04048e+18
3.63239e+18
2.62416e+18
6.72406e+17
4.28801e+17
1.87457e+17
1.52062e+17
9.13653e+16
1.12658e+17
6.96022e+16
5.5508e+16
3.45947e+16
3.59948e+16
2.81808e+16
2.69108e+16
2.33209e+16
2.77632e+16
1.67524e+16
1.30361e+16
6.94375e+15
1.01611e+16
6.16257e+15
7.03699e+15
3.10114e+15
5.47517e+15
4.14729e+15
4.26766e+15
1.34548e+15
3.24356e+15
2.29103e+15
1.34015e+15
7.61063e+14
1.56302e+15
8.83093e+14
1.26576e+15
3.53306e+14
7.39503e+14
3.82474e+14
9.99096e+14
1.03436e+14
4.1922e+14
3.39186e+14
3.52273e+14
6.69379e+13
2.46181e+14
2.23192e+14
3.46259e+14
9.4341e+14
3.67862e+14
0
0
0
0
0
0
1.25467e+12
2.78359e+12
0
0
0
0
0
0
0
0
0
0
0
0
0
0
0
0
0
0
0
0
0
0
0
0
0
0
0
0
0
0
0
0
0
0
0
0
6.13562e+09
1.6672e+10
0
0
5.11795e+08
9.24809e+08
5.22265e+08
2.3411e+09
5.58621e+08
1.57908e+08
0
0
2.38761e+08
1.10653e+08
6.63722e+09
6.54557e+08
0
0
0
0
5.1699e+09
7.1785e+09
0
0
0
0
2.4136e+07
3.80319e+09
8.29294e+08
3.59278e+09
3.79851e+08
1.98939e+09
4.08495e+07
1.18316e+08
0
0
0
0
1.96124e+13
1.09161e+12
0
0
0
0
0
0
0
0
0
0
0
0
4.86978e+14
6.45279e+14
2.08167e+13
1.81507e+14
4.78955e+14
1.10113e+15
1.10072e+15
8.02547e+14
3.16446e+14
7.34284e+14
1.0003e+15
5.68803e+14
8.42141e+13
1.12615e+15
2.94446e+14
2.23608e+14
1.61323e+15
8.65701e+14
8.56913e+13
1.00231e+15
3.44482e+14
3.23905e+15
3.32609e+15
5.79017e+15
1.50388e+15
6.89186e+15
7.6841e+15
7.89701e+15
1.51764e+16
2.09054e+16
8.23501e+15
1.30016e+16
3.01257e+16
3.82693e+16
4.49042e+16
7.04539e+16
5.33159e+16
6.85927e+16
9.07708e+16
1.07167e+17
8.96018e+16
1.22066e+17
1.53077e+17
1.75626e+17
3.94973e+17
6.41117e+17
2.39471e+18
3.94268e+18
3.40498e+18
2.1906e+18
5.05299e+17
2.69397e+17
1.22342e+17
1.04121e+17
6.02247e+16
5.36039e+16
4.07387e+16
4.09477e+16
1.87289e+16
2.30731e+16
1.69442e+16
1.39711e+16
1.50268e+16
1.38007e+16
6.67457e+15
5.59069e+15
2.40869e+15
2.33404e+15
4.78658e+15
3.99518e+15
5.80881e+14
4.94655e+14
2.96775e+15
1.56857e+15
1.0113e+15
6.20751e+14
1.1601e+14
3.15565e+14
2.81152e+14
9.29639e+14
1.109e+14
1.06429e+14
5.27641e+14
1.14226e+14
5.51131e+14
4.48681e+13
4.27413e+14
1.00043e+14
5.4475e+11
3.85044e+13
8.5576e+11
6.03246e+13
1.27655e+14
8.00684e+13
2.41419e+14
4.11426e+14
0
0
0
0
4.27045e+12
2.76867e+11
1.56112e+12
2.51141e+12
0
0
0
0
0
0
0
0
0
0
0
0
0
0
0
0
0
0
0
0
0
0
0
0
0
0
0
0
0
0
0
0
0
0
0
0
6.28164e+09
1.63733e+10
0
0
5.0374e+08
9.24489e+08
5.55786e+08
2.31495e+09
4.1861e+09
2.2702e+09
0
0
6.81447e+08
6.16407e+08
6.7966e+09
1.24733e+09
0
0
0
0
5.6627e+09
1.13797e+10
0
0
0
0
2.71531e+08
1.02836e+08
3.029e+09
3.77065e+09
3.89051e+08
1.96932e+09
2.82382e+07
1.05208e+09
0
0
0
0
1.87477e+13
1.97576e+12
0
0
0
0
0
0
0
0
0
0
0
0
2.88453e+14
4.59141e+14
4.4073e+14
1.32291e+13
1.67201e+14
7.28154e+14
1.48784e+14
4.06404e+14
2.6137e+14
7.49452e+14
4.46667e+14
2.9893e+14
3.44865e+13
4.73159e+13
2.3378e+14
1.45807e+14
3.95264e+14
3.34944e+14
1.93753e+14
3.37985e+13
2.0099e+13
2.49455e+14
1.16836e+15
1.45321e+15
1.3888e+14
1.2917e+15
1.80855e+15
2.22652e+15
6.61022e+15
9.77636e+15
4.95668e+15
7.95179e+15
1.87808e+16
2.59866e+16
2.33555e+16
3.81046e+16
4.04714e+16
4.42139e+16
5.45595e+16
7.93036e+16
4.99783e+16
8.13302e+16
1.05696e+17
1.42285e+17
2.74404e+17
4.37956e+17
2.16398e+18
3.9073e+18
3.41325e+18
1.83606e+18
2.87723e+17
1.80222e+17
5.32178e+16
5.12498e+16
3.57286e+16
3.33096e+16
2.35018e+16
2.66844e+16
7.60406e+15
1.18236e+16
5.1127e+15
7.3825e+15
9.1482e+15
8.0378e+15
4.65455e+15
2.34919e+15
1.7059e+15
1.47516e+15
3.43049e+15
3.09199e+15
4.15529e+14
2.1548e+14
4.60773e+14
6.32113e+14
1.00651e+15
1.34226e+14
1.06181e+14
3.22917e+14
6.44302e+13
4.55198e+14
5.02348e+13
1.60801e+14
2.88935e+14
1.7319e+14
0
1.74526e+12
3.74934e+13
2.46601e+14
7.16533e+11
8.29073e+11
0
1.34462e+12
0
0
0
1.18304e+14
0
0
0
0
4.52093e+12
2.84934e+12
1.88585e+12
2.22902e+12
0
0
0
0
0
0
0
0
0
0
0
0
0
0
0
0
0
0
0
0
0
0
0
0
0
0
0
0
0
0
0
0
0
0
0
0
6.43624e+09
1.60745e+10
0
0
4.96108e+08
9.23929e+08
1.90478e+09
3.81526e+09
4.72408e+09
5.35537e+09
0
0
6.95189e+08
4.11661e+09
5.91706e+12
1.30866e+12
0
0
0
1.32366e+09
6.51231e+09
1.08093e+10
7.80261e+08
3.90091e+08
0
0
6.58709e+09
2.15696e+09
2.58021e+09
4.27861e+09
3.97895e+08
1.94977e+09
1.56302e+07
1.06124e+09
0
0
0
0
1.78767e+13
2.87429e+12
0
0
0
0
0
0
0
0
0
0
0
0
1.08393e+14
9.77695e+13
1.51646e+14
2.26455e+14
1.18011e+12
1.3152e+14
2.37375e+14
1.20207e+14
1.16549e+14
5.75869e+14
4.40627e+14
3.15462e+14
7.54129e+13
4.10291e+13
5.63228e+13
2.0316e+14
8.67211e+13
5.11463e+14
7.76896e+13
1.23609e+14
7.79972e+11
5.72749e+12
5.15575e+14
1.25987e+15
5.15291e+13
9.99105e+13
1.89916e+15
1.62295e+15
3.52079e+15
6.36095e+15
1.69244e+15
2.9473e+15
9.74489e+15
1.61884e+16
1.34141e+16
1.30765e+16
2.49366e+16
2.34911e+16
2.35078e+16
4.3926e+16
2.38006e+16
4.72096e+16
5.41382e+16
8.82409e+16
1.79168e+17
3.37488e+17
1.95018e+18
3.80606e+18
3.35775e+18
1.58235e+18
1.49821e+17
9.45365e+16
1.87684e+16
2.43692e+16
2.01912e+16
2.03577e+16
1.15914e+16
1.12512e+16
3.19556e+15
5.12895e+15
3.87253e+15
4.27234e+15
2.0224e+15
3.28005e+15
2.15069e+15
1.49995e+15
1.29087e+15
1.32324e+15
1.26057e+15
1.83327e+15
3.4076e+14
1.99103e+14
2.02707e+14
3.12122e+14
8.12982e+14
6.04639e+13
0
3.44319e+13
8.07068e+13
3.79259e+14
0
1.55205e+14
6.62016e+13
3.4059e+14
0
0
2.11874e+12
5.36949e+13
8.72544e+11
6.42197e+11
0
0
0
0
0
0
0
0
0
0
4.80109e+12
2.53338e+12
2.23248e+12
1.93309e+12
0
0
0
0
0
0
0
0
0
0
0
0
0
0
0
0
0
0
0
0
0
0
0
0
0
0
0
0
0
0
0
0
0
0
0
0
6.59974e+09
1.5775e+10
0
0
4.88889e+08
9.23156e+08
1.9283e+09
3.82416e+09
6.78599e+09
5.26447e+09
5.45668e+06
0
7.08864e+08
4.08027e+09
4.64906e+12
3.17691e+13
0
0
4.71881e+08
0
1.23894e+10
1.02588e+10
8.83787e+08
2.84666e+09
0
0
7.3684e+11
1.98903e+09
2.05595e+09
4.7972e+09
4.06402e+08
1.93072e+09
3.00814e+06
1.07045e+09
0
0
0
0
1.69957e+13
3.7998e+12
6.55144e+10
0
0
0
0
0
0
0
0
0
0
0
0
0
0
7.12233e+11
0
3.56212e+12
2.79969e+13
1.73213e+14
4.099e+13
6.43174e+14
2.56775e+14
2.66605e+14
1.57203e+14
5.39914e+13
1.73363e+13
1.33869e+14
1.06591e+14
1.66509e+14
2.04446e+14
2.29126e+13
5.19496e+11
1.80202e+12
3.03725e+13
8.80863e+14
4.62126e+13
1.22394e+13
7.65196e+14
1.8647e+15
9.31873e+14
2.40985e+15
1.69571e+15
1.52714e+15
4.20925e+15
7.61304e+15
6.28335e+15
6.13606e+15
8.70258e+15
1.04864e+16
1.09869e+16
2.14909e+16
1.5934e+16
2.54058e+16
3.50222e+16
5.02924e+16
1.11407e+17
2.44141e+17
1.74865e+18
3.59212e+18
2.97081e+18
1.28438e+18
6.83012e+16
4.66803e+16
1.62503e+16
1.52943e+16
1.31976e+16
1.00636e+16
7.30313e+15
7.90977e+15
2.24479e+15
1.79788e+15
9.79276e+14
3.77115e+15
2.60901e+14
4.96624e+13
6.71994e+14
1.44841e+13
2.61728e+14
5.76626e+14
1.04788e+15
2.78316e+14
1.24082e+13
1.24628e+14
2.20143e+14
1.092e+15
1.72977e+11
2.37195e+11
0
0
1.051e+14
3.5402e+14
0
0
1.85347e+14
1.73752e+13
0
0
0
0
1.00828e+12
4.7373e+11
0
0
0
0
0
0
0
0
0
0
5.12097e+12
2.20451e+12
3.06396e+12
1.62034e+12
0
0
0
0
0
0
0
0
9.23607e+08
0
0
0
0
0
0
0
0
0
0
0
0
0
0
0
0
0
0
0
0
0
0
0
0
0
0
0
6.772e+09
1.54744e+10
0
0
4.82062e+08
9.22169e+08
3.88207e+09
5.71225e+09
6.9757e+09
5.03654e+09
3.22115e+08
1.04433e+09
7.22471e+08
4.0442e+09
3.41246e+12
3.28103e+13
0
0
4.78235e+09
7.38054e+08
1.29472e+10
9.86976e+09
9.91578e+08
2.72561e+09
1.73716e+08
0
8.55423e+12
3.84538e+12
1.53058e+09
5.31698e+09
4.14552e+08
1.91217e+09
0
2.53232e+08
8.35427e+08
0
0
0
1.61006e+13
4.71861e+12
7.80666e+10
5.59883e+08
0
0
0
0
0
0
0
0
0
0
0
0
0
0
0
0
3.07731e+12
4.19144e+10
1.28213e+14
1.41608e+14
7.56513e+14
3.34732e+14
4.6904e+13
9.55671e+13
0
7.00861e+13
1.51001e+14
3.4697e+13
6.77132e+12
8.9542e+13
4.72279e+11
5.51741e+11
1.58705e+12
1.06179e+14
5.28718e+14
1.14655e+13
2.79061e+14
1.09902e+15
2.96799e+14
1.18125e+15
1.64788e+15
6.83751e+14
2.04051e+15
3.81398e+15
3.57036e+15
4.42693e+15
3.47033e+15
4.20217e+15
3.32664e+15
8.74909e+15
9.86721e+15
1.51125e+16
2.09689e+16
2.73754e+16
6.96196e+16
1.63243e+17
1.46404e+18
3.35137e+18
2.68809e+18
8.93708e+17
3.56687e+16
2.44338e+16
9.34655e+15
9.36015e+15
6.53668e+15
5.38353e+15
4.77755e+15
3.61527e+15
2.49066e+15
2.52038e+15
2.38748e+14
7.92935e+14
1.62307e+15
1.74391e+13
6.05321e+12
2.74083e+13
7.17496e+13
3.38254e+14
8.773e+14
2.07755e+14
0
4.03842e+12
2.18092e+14
9.66637e+14
1.20822e+11
2.91455e+11
0
0
0
1.25264e+14
0
0
7.76358e+13
9.39741e+13
0
0
0
0
1.11961e+12
3.30928e+11
0
0
0
0
0
0
0
0
0
0
7.00457e+12
2.22281e+12
1.73026e+13
7.09388e+12
0
0
0
0
4.24198e+07
3.10509e+07
8.23218e+08
1.33605e+08
4.20877e+09
1.72481e+09
0
0
0
0
0
0
0
0
0
0
0
0
0
0
0
0
0
0
0
0
0
0
0
0
0
0
6.9534e+09
1.51729e+10
0
0
4.75612e+08
9.20974e+08
3.77139e+09
5.7694e+09
7.16913e+09
4.80604e+09
3.48937e+08
1.01252e+09
7.35997e+08
4.00842e+09
2.19349e+12
3.38281e+13
0
0
4.74336e+09
7.50167e+08
1.49786e+10
1.20694e+10
2.81573e+09
4.63585e+09
2.69968e+09
4.20182e+08
8.68722e+12
3.65081e+12
1.10233e+09
3.37792e+09
2.5997e+09
1.89411e+09
2.14874e+09
0
2.00628e+09
4.92384e+08
0
0
1.51934e+13
5.66962e+12
7.70152e+10
1.27912e+09
4.39946e+12
0
0
0
0
0
0
0
0
0
0
0
0
0
0
0
2.255e+12
7.83851e+11
9.18595e+13
4.20937e+13
4.8177e+14
5.33364e+13
3.37168e+13
4.17357e+13
0
0
1.64724e+14
9.05681e+13
0
0
4.16763e+11
6.04181e+11
1.27045e+12
8.76264e+11
4.85723e+14
1.51524e+14
4.25489e+13
9.57277e+14
2.99142e+14
3.79928e+14
1.54497e+15
8.83431e+14
1.065e+15
1.88036e+15
2.09772e+15
1.99258e+15
1.10207e+15
1.24551e+15
3.28322e+15
4.77421e+15
6.87826e+15
1.05386e+16
1.12574e+16
1.87581e+16
3.13694e+16
9.56414e+16
1.173e+18
2.91e+18
2.08265e+18
5.61457e+17
2.16344e+16
1.31479e+16
5.68636e+15
5.75815e+15
2.57108e+15
1.84783e+15
4.60562e+15
3.20632e+15
1.74519e+12
1.01097e+15
1.19211e+15
2.9819e+14
1.26253e+15
8.15544e+13
2.63364e+10
1.77228e+13
1.82914e+13
1.38138e+14
1.01543e+15
3.62644e+13
0
0
3.28387e+14
8.50921e+14
6.52092e+10
3.50439e+11
0
0
0
0
0
0
0
8.94631e+13
1.08531e+13
0
0
0
1.2033e+12
2.23659e+11
0
0
0
0
0
0
0
0
0
0
7.868e+12
5.03675e+12
2.14704e+13
9.12456e+12
7.09565e+12
0
0
0
2.21851e+08
4.14609e+09
7.7378e+09
3.37106e+09
4.37585e+09
1.56274e+09
4.86859e+12
4.87682e+11
1.29842e+09
7.56037e+08
1.79935e+07
0
3.81349e+07
2.25501e+08
0
0
0
0
0
0
0
0
0
0
0
0
0
0
0
0
0
0
7.14439e+09
1.48701e+10
4.2343e+10
3.05253e+09
4.69528e+08
9.19581e+08
3.93709e+09
5.82403e+09
7.36661e+09
4.57216e+09
6.77455e+08
1.21135e+09
7.49472e+08
3.97289e+09
9.97879e+11
3.48267e+13
0
0
4.70483e+09
7.61995e+08
4.22753e+10
1.83132e+10
3.16585e+09
4.43344e+09
3.50194e+09
6.2697e+08
8.81781e+12
3.45978e+12
6.50575e+09
1.71678e+09
9.8954e+09
3.06294e+09
6.14577e+09
4.02459e+08
4.72575e+09
2.42999e+09
0
0
1.42706e+13
6.64155e+12
7.59647e+10
2.0437e+09
1.3286e+13
1.16144e+12
0
0
0
0
0
0
0
0
0
0
0
0
0
0
1.57644e+12
1.38407e+12
6.03181e+13
7.13581e+13
6.44008e+13
5.74395e+13
5.11787e+11
4.4245e+12
0
0
9.01653e+13
1.63468e+14
0
0
3.5488e+11
6.66619e+11
2.80798e+11
1.19336e+12
1.26575e+14
3.29143e+14
4.36906e+13
4.87833e+13
3.75559e+14
2.56022e+14
7.23972e+14
3.02378e+14
7.9387e+14
1.10053e+15
1.06347e+15
1.01104e+15
7.79211e+14
7.25016e+14
8.50817e+14
2.94577e+15
4.26085e+15
6.40471e+15
5.62751e+15
1.57639e+16
2.26362e+16
5.32087e+16
9.45092e+17
2.65672e+18
1.79181e+18
3.58915e+17
1.79753e+16
8.62069e+15
4.84889e+15
1.99723e+15
1.50803e+15
1.36976e+15
1.79169e+15
1.86054e+15
2.11111e+12
1.81008e+12
7.06192e+14
5.77366e+14
1.21356e+15
1.08959e+14
8.3029e+10
1.61753e+11
5.06771e+13
6.27182e+14
4.4556e+14
1.06185e+14
0
0
4.42833e+14
7.41958e+14
0
1.31783e+11
0
0
0
0
0
0
0
0
0
0
0
0
1.26014e+12
1.67609e+11
0
0
0
0
0
0
0
0
4.19032e+11
0
1.23463e+13
4.50014e+12
2.81672e+13
3.72136e+13
4.03805e+12
4.82894e+11
0
0
1.1704e+13
3.97825e+09
1.55997e+10
3.47075e+09
4.54393e+09
1.40015e+09
9.65897e+12
5.77695e+12
1.53535e+09
4.00947e+09
3.03899e+09
2.2857e+09
5.63827e+07
3.0975e+09
0
0
0
0
0
0
0
0
1.00503e+09
0
0
0
0
0
3.64281e+09
0
3.21663e+08
0
7.34541e+09
1.45652e+10
4.22777e+10
2.57206e+10
4.63801e+08
9.17998e+08
9.28357e+09
6.65444e+09
9.25478e+09
4.3353e+09
2.21246e+10
4.16504e+09
2.38228e+12
1.36819e+10
2.46093e+10
2.99818e+13
1.22201e+14
6.01842e+09
4.4535e+10
9.19629e+09
8.5703e+10
3.40282e+10
5.3178e+12
5.7936e+09
5.08019e+10
1.17045e+10
8.97831e+12
3.28512e+12
4.82548e+10
1.6059e+10
5.67487e+10
1.44242e+10
1.03462e+10
7.60238e+09
3.26512e+10
6.39637e+09
0
0
1.33293e+13
7.63869e+12
7.49115e+10
2.85577e+09
1.26791e+13
1.84197e+12
9.2973e+12
0
0
0
0
0
0
0
0
0
0
0
0
0
1.06652e+12
1.82306e+12
3.4486e+13
9.51256e+13
0
0
2.47584e+11
1.31204e+12
0
0
4.99309e+13
1.0542e+14
9.99051e+13
0
3.01503e+11
3.41267e+11
7.67878e+08
5.01987e+11
5.54525e+13
1.05737e+14
4.89028e+13
4.42745e+13
6.77144e+13
2.06098e+14
4.54101e+14
3.12297e+14
8.57592e+13
7.49188e+14
5.28506e+14
5.25176e+14
6.48595e+14
5.21276e+14
6.4159e+14
1.27829e+15
2.54233e+15
4.65466e+15
3.73743e+15
7.64534e+15
1.33918e+16
2.67372e+16
6.8024e+17
2.4509e+18
1.36674e+18
2.45377e+17
8.71507e+15
5.98795e+15
1.95127e+15
1.59589e+15
1.0673e+15
1.01731e+15
9.15648e+14
2.05741e+14
2.59998e+12
1.22732e+12
1.93875e+14
5.59888e+14
1.35444e+14
7.92925e+13
1.41875e+11
1.00258e+11
1.57322e+13
1.39499e+14
0
8.71832e+13
0
0
5.38761e+13
6.59591e+14
0
0
0
0
0
0
0
0
0
0
0
0
0
0
2.87689e+10
1.98495e+11
0
0
0
0
0
0
0
0
4.6573e+12
4.15831e+12
1.97122e+13
1.7533e+13
2.35478e+13
3.52132e+13
1.21863e+12
0
1.51493e+12
2.51453e+13
1.48527e+12
9.59001e+10
3.91989e+10
1.20249e+10
2.65541e+11
2.13308e+09
2.69229e+13
1.16605e+13
1.92318e+10
3.33554e+10
1.30492e+10
2.04512e+09
2.83043e+10
3.0782e+09
8.3134e+07
0
0
0
1.65851e+09
2.43534e+09
4.84857e+07
0
2.16171e+10
7.50693e+09
2.10928e+09
0
9.32588e+08
9.83465e+08
8.68882e+09
9.88389e+09
4.45813e+09
7.08296e+08
2.50113e+10
3.59197e+10
7.47752e+10
6.29476e+10
5.85621e+12
4.33265e+10
2.47388e+12
2.44639e+11
2.54277e+13
1.37612e+11
1.67034e+11
6.58808e+10
4.57596e+13
8.64947e+13
1.12288e+14
1.22704e+12
2.47103e+14
9.62723e+13
6.12486e+13
1.98289e+13
1.25474e+14
4.2007e+13
2.13162e+14
4.58787e+14
2.41676e+11
1.49202e+11
6.58718e+13
5.80343e+13
3.69674e+14
1.26511e+11
3.4257e+13
4.7835e+13
2.55221e+11
3.75115e+10
1.21769e+13
2.38841e+13
2.30684e+10
0
2.70943e+13
8.66182e+12
7.38538e+10
3.71742e+09
1.24943e+13
1.48656e+13
8.78447e+13
4.83229e+13
0
0
0
0
0
0
0
0
0
0
0
0
7.49091e+11
2.08868e+12
0
9.92181e+12
0
0
0
1.3121e+11
0
0
2.25013e+13
1.06197e+14
1.5703e+13
3.17087e+13
8.33208e+09
2.0868e+11
0
0
7.4082e+12
1.53355e+14
5.37822e+13
4.02174e+13
2.74741e+10
1.53702e+14
1.16587e+14
5.15266e+14
0
3.78068e+14
2.36203e+14
4.12476e+14
6.85283e+14
3.1381e+14
5.1932e+14
1.15713e+15
9.49669e+14
2.11291e+15
1.88021e+15
3.98043e+15
8.18248e+15
1.49866e+16
4.2195e+17
2.17606e+18
1.03397e+18
1.94055e+17
5.90254e+15
4.07901e+15
1.78909e+15
1.30713e+15
4.29293e+14
1.27433e+15
4.96188e+14
0
1.44622e+13
7.31944e+11
0
2.3228e+14
3.97631e+14
0
1.91212e+11
5.28769e+10
1.70752e+14
1.17106e+14
0
0
0
0
0
0
0
0
0
0
0
0
0
0
0
0
0
0
0
0
0
0
0
0
0
0
0
0
0
0
5.56023e+12
1.04558e+13
2.61734e+13
3.74031e+13
2.32495e+13
3.24977e+13
1.63287e+13
4.32257e+12
2.00777e+12
2.64139e+13
1.10004e+09
7.63621e+09
1.06228e+13
1.99815e+10
4.95624e+11
6.13965e+11
2.75744e+13
1.10334e+13
6.09278e+10
2.51802e+11
7.9061e+10
1.26085e+10
1.47763e+11
9.60511e+10
6.78085e+10
2.21138e+10
2.69782e+09
3.62619e+07
2.11863e+09
1.46537e+10
0
0
2.30984e+10
6.23599e+09
2.61346e+10
9.7767e+09
8.20443e+08
3.77792e+09
1.13839e+10
1.26304e+10
7.78729e+09
1.57132e+09
4.49121e+10
1.96302e+11
1.29892e+11
1.86074e+11
4.15668e+13
9.05718e+13
1.01419e+14
2.89899e+13
1.79374e+14
1.80971e+14
4.5817e+11
3.70147e+11
9.16132e+13
2.81725e+14
2.05503e+14
8.77056e+13
5.6977e+14
2.16683e+14
9.86471e+13
2.04893e+14
1.80657e+14
2.15798e+14
2.44332e+14
5.68215e+14
4.96425e+11
4.65285e+11
9.08435e+13
1.48162e+14
6.37745e+14
3.34612e+14
2.85056e+14
2.4509e+14
1.3834e+12
7.23668e+11
2.47527e+12
1.39078e+14
1.54416e+13
1.47928e+10
1.22087e+14
2.72578e+13
7.31124e+10
4.60966e+09
1.14737e+13
2.19779e+13
8.61138e+13
8.16284e+13
0
0
0
0
0
0
0
0
0
0
0
0
1.32712e+11
1.98693e+12
0
0
0
0
0
0
0
0
2.49253e+13
1.03573e+14
0
0
0
0
0
0
1.68883e+13
1.44522e+14
1.41513e+12
2.82341e+13
0
0
2.57697e+14
1.6038e+14
0
0
9.00525e+13
3.35233e+14
6.65198e+14
3.01601e+14
4.43824e+14
8.66408e+14
9.09264e+14
6.67587e+14
1.49143e+15
2.9033e+15
4.85435e+15
9.75086e+15
3.21181e+17
1.87944e+18
8.83761e+17
9.50211e+16
2.83359e+15
2.81083e+15
3.74535e+14
1.06383e+15
4.67887e+14
1.28644e+15
8.55321e+14
3.48054e+13
1.49803e+14
1.50835e+14
0
0
0
3.45226e+14
9.60144e+13
1.37898e+14
3.10927e+13
2.15647e+13
4.23695e+13
8.28281e+11
0
0
0
0
0
0
0
0
0
0
0
0
0
0
0
0
0
0
0
0
0
0
0
0
0
0
0
0
6.59353e+12
1.00416e+13
3.20889e+13
3.70653e+13
3.47108e+13
3.34997e+13
1.96518e+13
3.79276e+12
2.43825e+12
2.6129e+13
5.08424e+10
1.90425e+10
5.34619e+13
2.29792e+13
4.98808e+11
6.14034e+11
2.7776e+13
1.08766e+13
6.16901e+10
2.81685e+11
1.42844e+11
3.23797e+10
1.55546e+11
1.20681e+11
1.03721e+11
4.17119e+10
9.42666e+09
9.37853e+10
2.55194e+09
1.41475e+10
0
0
2.31943e+10
5.74419e+09
2.89094e+10
1.05787e+10
7.72009e+08
3.78224e+09
1.12631e+10
1.266e+10
7.85407e+09
4.08198e+09
5.21025e+10
2.01927e+11
1.3367e+11
1.87465e+11
4.01657e+13
3.39645e+14
1.0091e+14
2.97065e+13
1.79713e+14
1.80945e+14
1.99106e+12
5.33682e+11
9.14706e+13
4.89931e+14
2.26817e+14
3.14728e+14
5.69593e+14
3.00632e+14
3.03741e+14
2.09599e+14
1.81752e+14
2.15646e+14
2.50765e+14
5.66532e+14
6.82713e+11
5.37085e+11
1.73347e+14
1.79527e+14
6.39584e+14
3.32954e+14
2.83816e+14
3.24955e+14
1.54073e+12
8.56908e+11
1.28267e+12
3.14073e+13
2.17747e+14
1.22871e+14
1.18892e+14
3.13777e+13
1.39554e+11
1.87934e+10
1.13111e+13
3.44577e+12
1.01029e+14
8.75514e+13
0
0
0
0
0
0
0
0
0
0
0
0
0
0
0
0
0
0
0
0
0
0
0
2.93749e+13
0
0
0
0
0
0
1.69601e+11
1.05369e+13
0
0
0
0
2.96715e+14
1.22882e+14
9.02636e+12
0
2.31963e+14
7.18599e+14
2.55504e+13
1.55955e+14
5.47441e+14
8.8439e+14
6.61206e+14
5.31443e+14
1.74256e+15
2.11175e+15
3.88834e+15
9.71751e+15
2.46428e+17
1.79102e+18
8.43526e+17
6.08366e+16
1.63362e+15
8.95796e+14
8.19841e+14
1.10051e+14
4.77982e+14
3.19812e+14
6.12512e+14
2.25672e+14
3.98277e+14
2.15032e+14
1.14816e+14
0
6.62779e+13
7.68995e+13
1.15374e+14
7.51416e+13
1.2266e+14
8.13613e+13
4.80329e+13
9.06015e+13
0
0
0
0
0
0
0
0
0
0
0
0
0
0
0
0
0
0
0
0
0
0
0
0
0
0
0
0
8.1281e+12
9.40532e+12
3.70743e+13
5.19057e+13
7.13934e+13
7.70987e+13
2.0658e+13
5.2424e+12
2.15615e+13
4.91232e+13
1.50928e+13
1.29452e+12
5.39237e+13
2.26969e+13
1.23843e+13
8.98345e+12
2.80761e+13
1.06904e+13
8.22728e+10
3.04752e+11
2.6828e+11
1.31084e+11
2.3186e+11
1.48414e+11
1.30965e+11
1.50811e+11
1.06771e+10
1.54984e+11
3.07328e+09
1.35265e+10
0
0
2.33014e+10
5.12472e+09
2.71705e+10
1.44716e+10
7.13187e+08
3.78236e+09
1.11414e+10
1.26939e+10
9.98206e+09
3.99092e+09
1.28074e+11
2.35301e+11
1.52684e+11
2.16622e+11
1.4468e+14
3.89579e+14
1.09443e+14
3.42329e+13
2.4086e+14
1.85292e+14
2.24573e+12
2.63008e+12
9.88781e+13
4.89974e+14
4.1528e+14
7.23354e+14
5.72031e+14
3.01453e+14
3.05149e+14
2.95072e+14
1.89287e+14
2.18347e+14
3.23597e+14
6.3278e+14
3.56655e+13
2.00206e+12
1.73382e+14
1.79735e+14
6.43894e+14
3.31095e+14
2.82073e+14
3.26748e+14
1.62417e+12
9.77967e+11
2.16753e+12
5.3392e+11
5.22421e+14
4.09294e+14
1.14133e+14
3.72526e+13
3.89153e+11
1.10492e+11
1.10702e+13
3.78857e+12
9.78424e+13
7.90181e+13
1.79461e+13
0
0
0
0
0
0
0
0
0
0
0
0
0
0
0
0
0
0
0
0
0
0
0
0
0
0
0
3.72856e+13
3.99647e+10
7.41383e+13
1.40718e+11
0
0
0
0
3.98589e+14
1.85561e+14
5.01684e+13
1.56432e+13
2.94626e+14
3.15723e+14
1.68941e+13
1.09319e+14
5.49938e+13
6.71544e+14
8.18453e+14
6.79099e+14
1.38744e+15
1.93366e+15
3.58475e+15
7.11316e+15
2.3104e+17
1.86132e+18
8.48633e+17
7.95504e+16
2.6899e+15
9.8197e+14
7.30996e+14
5.77112e+14
3.60041e+14
3.26186e+14
9.46919e+14
3.83978e+14
7.03648e+13
1.03972e+13
7.37209e+13
2.23923e+14
2.06605e+14
1.49401e+14
7.21489e+13
1.59817e+14
0
0
0
0
0
0
0
0
0
0
0
0
0
0
0
0
0
0
0
1.20211e+10
1.31252e+11
0
0
0
0
0
0
0
0
0
0
0
1.0341e+13
8.43533e+12
4.51793e+13
5.89892e+13
8.07502e+13
1.48614e+14
2.19468e+13
4.26115e+12
3.89961e+13
9.17731e+13
1.27406e+14
9.67978e+13
5.45261e+13
2.23322e+13
1.25842e+13
5.91309e+13
2.84736e+13
1.0619e+13
1.16424e+11
3.11522e+11
6.88859e+12
3.07681e+11
9.81903e+11
4.84921e+11
2.17948e+11
1.54052e+11
1.21287e+10
1.53303e+11
3.66253e+09
1.28149e+10
3.54904e+07
7.51029e+08
2.23003e+10
4.424e+09
2.51404e+10
1.55894e+10
6.47194e+08
3.77615e+09
1.2324e+10
1.39223e+10
5.94309e+10
8.54859e+09
2.98401e+11
3.48352e+11
3.49754e+11
6.27058e+11
2.78506e+14
7.06504e+14
1.08696e+14
3.72057e+13
2.4108e+14
2.17667e+14
3.11942e+12
2.95626e+12
1.94767e+14
6.57014e+14
4.25874e+14
9.52274e+14
6.58801e+14
3.07889e+14
3.07262e+14
3.04687e+14
2.02253e+14
2.18857e+14
4.48425e+14
6.6326e+14
2.98707e+14
8.15726e+13
1.99486e+14
1.80131e+14
6.63997e+14
3.31498e+14
2.80597e+14
3.29121e+14
3.36409e+13
1.08451e+12
2.04079e+13
4.43705e+12
5.09825e+14
4.55722e+14
1.74396e+14
4.63067e+13
4.58384e+11
1.83552e+11
1.07513e+13
4.23066e+12
9.07502e+13
7.669e+13
4.92389e+13
1.00967e+12
0
0
0
0
0
0
0
0
0
0
0
0
0
0
0
0
0
0
0
0
0
0
0
0
0
0
2.36621e+14
9.47946e+13
3.38615e+14
1.09955e+14
0
0
1.77052e+13
7.39017e+13
4.31343e+14
3.74596e+14
0
1.19677e+13
1.78993e+14
3.88137e+14
3.96481e+13
1.07706e+14
4.03692e+14
5.14878e+14
8.21415e+14
1.04044e+15
1.27083e+15
1.34944e+15
3.7494e+15
5.7621e+15
2.99026e+17
2.20412e+18
9.71752e+17
1.54084e+17
3.8132e+15
2.1435e+15
1.07538e+15
8.23031e+14
5.63884e+14
6.22385e+14
8.93567e+14
3.5483e+14
1.78044e+14
1.31033e+14
1.17933e+14
1.77914e+14
5.11064e+10
2.0329e+11
3.41667e+13
6.42963e+13
0
0
0
0
0
0
0
0
0
0
0
0
0
0
0
0
0
0
0
0
2.55942e+11
1.99939e+10
0
0
0
0
0
0
0
0
5.71292e+12
7.43227e+12
1.54811e+13
1.56452e+13
5.2068e+13
7.00648e+13
8.44659e+13
6.82713e+13
6.31418e+13
3.10561e+12
5.0973e+13
2.02423e+14
1.45478e+14
5.05438e+14
5.53011e+13
2.19578e+13
3.03871e+13
1.12809e+14
4.35581e+14
1.03721e+13
1.63944e+11
3.60426e+11
3.43543e+13
1.24051e+13
1.12848e+12
5.30785e+11
2.87928e+11
1.79389e+11
1.0222e+11
1.51423e+11
7.57144e+10
1.2037e+10
1.51855e+08
2.21558e+09
2.01736e+10
3.74759e+09
2.29223e+10
1.67743e+10
5.77995e+08
3.7627e+09
2.96946e+11
3.22788e+10
7.77562e+12
1.12508e+13
8.08772e+11
6.32765e+11
5.42505e+11
1.17699e+12
4.97638e+14
1.58011e+15
1.24525e+14
9.09546e+13
4.24263e+14
2.24109e+14
6.80328e+13
1.03623e+14
2.32692e+14
6.64795e+14
5.32991e+14
9.63762e+14
7.809e+14
3.91298e+14
3.82032e+14
3.59889e+14
3.82897e+14
2.77069e+14
4.8443e+14
1.00661e+15
5.20565e+14
8.72451e+13
3.07746e+14
3.23079e+14
6.72335e+14
3.74852e+14
3.82579e+14
3.3311e+14
3.11894e+14
2.22389e+14
2.11231e+13
5.57647e+12
5.10324e+14
4.73848e+14
3.65051e+14
2.77367e+14
1.67201e+14
2.13614e+14
1.03534e+13
4.76814e+12
8.84186e+13
8.70403e+13
5.11416e+13
4.60525e+12
0
0
0
0
0
0
0
0
0
0
0
0
0
0
0
0
0
0
0
0
2.65373e+12
2.66094e+10
0
0
0
0
2.57256e+14
2.26692e+14
2.99093e+14
4.93386e+13
0
0
4.22885e+13
7.6394e+13
4.52563e+14
3.37766e+14
1.31792e+14
1.07146e+14
3.68959e+14
3.69616e+14
2.67806e+14
1.72311e+14
6.22148e+14
8.9815e+14
1.69649e+15
1.21833e+15
2.34812e+15
2.33449e+15
7.91966e+15
1.28995e+16
5.10555e+17
2.80313e+18
1.0718e+18
2.52418e+17
4.36084e+15
3.17005e+15
1.64032e+15
1.55645e+15
4.48887e+14
2.78837e+14
8.99188e+14
4.35954e+14
1.07676e+14
7.39195e+13
1.08854e+14
5.04622e+13
3.20487e+14
1.32453e+14
1.22837e+14
3.20872e+14
5.50986e+13
2.74977e+12
5.49608e+12
0
4.90146e+12
0
0
0
1.25369e+11
0
0
0
0
0
0
0
0
0
0
0
2.19343e+11
7.73032e+10
0
0
0
0
0
0
0
0
1.2562e+13
1.85806e+13
1.77881e+13
3.64946e+13
5.04235e+13
7.2528e+13
8.76578e+13
7.57391e+13
3.81101e+14
3.44217e+14
1.93652e+14
3.30157e+14
2.48195e+14
5.11526e+14
7.63225e+13
9.19043e+13
3.99168e+13
4.14382e+14
4.57685e+14
2.41685e+13
2.32099e+13
4.74629e+11
3.40647e+13
1.33622e+13
1.29473e+12
6.4945e+11
3.49818e+11
2.40619e+11
4.3795e+11
2.7215e+11
2.01208e+11
1.08231e+11
3.82313e+10
2.90446e+10
2.01023e+10
3.20278e+09
2.06058e+10
1.79522e+10
4.08785e+09
4.7114e+09
9.42216e+11
1.28815e+14
7.5911e+12
2.40759e+13
2.26498e+12
1.86139e+12
9.36183e+11
1.49754e+12
5.04346e+14
1.7203e+15
4.3457e+14
2.17241e+14
6.49055e+14
3.41024e+14
6.91871e+13
1.4781e+14
5.63047e+14
9.41353e+14
7.59599e+14
1.23565e+15
1.12087e+15
4.93694e+14
3.88861e+14
4.09849e+14
4.90087e+14
5.40469e+14
7.4646e+14
1.27368e+15
4.67346e+14
1.13877e+14
4.30521e+14
3.85056e+14
7.17125e+14
4.2658e+14
3.98977e+14
3.7341e+14
4.46553e+14
2.90565e+14
3.11432e+13
4.3024e+13
6.23002e+14
5.21312e+14
7.79846e+14
1.0766e+15
5.42946e+14
4.39296e+14
1.20587e+14
2.46903e+13
1.38549e+14
1.33076e+14
7.48792e+13
1.24848e+13
0
0
0
0
0
0
0
0
0
0
0
0
0
0
0
0
0
0
0
0
2.53327e+12
5.07235e+11
1.64484e+11
2.02325e+10
2.10594e+14
2.81389e+12
7.76723e+14
8.06832e+14
8.67065e+13
8.37578e+13
1.38127e+13
1.32266e+14
1.93565e+14
1.68192e+14
3.32154e+14
2.92513e+14
3.15381e+14
3.21184e+14
7.76913e+14
5.0553e+14
5.10666e+14
1.83587e+14
1.84552e+15
1.35667e+15
3.20636e+15
1.71391e+15
5.22275e+15
5.50542e+15
1.53659e+16
2.48439e+16
9.0165e+17
3.72492e+18
1.12277e+18
4.09563e+17
5.68352e+16
1.51882e+16
5.26291e+15
1.77949e+15
1.90418e+15
1.41782e+15
1.53166e+15
5.63221e+14
2.9179e+14
1.62734e+14
1.88083e+14
2.45042e+14
6.34479e+13
2.47595e+13
2.86765e+14
3.45518e+14
7.69485e+13
8.75706e+13
5.44052e+14
3.78373e+14
1.61563e+14
2.18253e+14
9.54459e+13
6.10964e+13
4.15418e+13
8.70854e+13
2.16984e+09
0
8.84347e+12
6.35537e+12
2.95778e+13
5.51336e+12
0
0
0
0
1.53572e+11
1.63077e+11
0
0
0
0
0
0
2.44079e+13
6.14444e+11
2.41963e+13
1.2802e+13
2.87945e+13
4.28179e+13
6.08374e+13
6.81629e+13
2.37729e+14
1.45074e+14
5.17973e+14
4.70725e+14
3.17489e+14
9.06988e+14
2.73611e+14
6.17942e+14
7.66345e+13
2.11332e+14
1.31397e+14
9.18218e+14
3.54676e+14
1.34923e+13
2.61194e+14
1.2356e+14
3.37517e+13
1.44583e+13
1.42806e+12
8.96083e+11
4.18762e+11
4.18951e+11
5.46554e+11
4.50473e+11
2.45288e+13
2.53064e+11
4.70333e+10
7.51385e+10
3.85468e+10
2.66475e+09
1.83421e+10
1.95246e+10
6.01878e+09
8.10975e+10
7.98632e+11
1.29574e+13
1.62007e+14
2.50847e+13
4.06855e+12
4.20405e+12
1.37875e+12
1.98928e+12
7.90585e+14
1.87498e+15
4.3929e+14
9.66896e+14
6.50915e+14
3.41666e+14
2.52554e+14
1.54626e+14
8.86428e+14
1.08032e+15
8.55804e+14
1.66117e+15
1.35708e+15
1.07555e+15
5.06533e+14
4.65029e+14
5.38273e+14
5.41152e+14
9.15069e+14
1.60855e+15
6.79753e+14
4.00201e+14
5.16461e+14
4.5347e+14
7.93166e+14
6.96107e+14
6.35725e+14
4.02502e+14
7.29169e+14
5.55846e+14
2.07512e+14
2.38918e+14
7.80379e+14
4.4585e+14
1.01768e+15
1.19802e+15
1.08389e+15
5.93588e+14
2.19081e+14
1.37453e+14
1.59099e+14
1.6602e+14
1.24382e+14
2.87658e+13
0
0
2.29067e+13
0
0
0
0
0
0
0
0
0
0
0
0
0
3.19822e+13
0
2.43765e+14
1.69321e+13
2.41701e+12
6.22907e+11
2.18856e+14
1.00193e+13
3.53961e+14
3.34966e+14
1.06235e+15
7.00912e+14
3.6094e+14
5.03636e+14
8.03014e+14
4.67483e+14
6.65854e+14
3.93525e+14
4.67874e+14
1.55848e+14
1.5386e+15
8.56405e+14
2.2934e+15
1.6618e+15
1.58093e+15
1.50666e+15
4.34364e+15
3.23323e+15
4.58673e+15
4.54391e+15
1.45146e+16
1.41391e+16
4.51278e+16
5.55344e+16
1.43878e+18
4.58345e+18
1.15704e+18
6.08417e+17
1.2439e+17
5.22944e+16
2.97823e+16
1.2471e+16
1.07629e+16
4.3436e+15
4.41467e+15
2.47106e+15
2.17764e+15
4.33765e+14
2.09158e+14
2.09691e+14
2.36273e+14
7.53528e+13
5.77684e+14
5.33133e+14
1.22848e+15
7.12772e+14
5.46822e+14
4.8329e+14
3.84881e+13
8.29372e+13
6.96252e+10
0
1.06158e+10
1.73372e+10
2.45244e+13
1.73292e+13
1.37911e+14
3.08793e+13
0
0
0
0
1.84081e+13
7.02108e+12
3.49554e+11
2.80074e+11
0
0
2.12541e+13
1.119e+13
2.4203e+13
3.02926e+13
4.12262e+13
3.28616e+13
2.46187e+13
1.79585e+13
5.57688e+13
8.23877e+13
1.74096e+14
1.42254e+14
2.92764e+14
2.0417e+14
5.46115e+14
5.18605e+14
7.59526e+14
1.13241e+15
6.09872e+14
8.28003e+14
1.0629e+14
2.20116e+14
3.28544e+14
1.31705e+15
2.17629e+14
2.1842e+14
2.78204e+14
1.29126e+14
3.33998e+13
1.55951e+13
1.68974e+12
1.15577e+12
6.46152e+11
7.86977e+11
7.48902e+11
8.12685e+11
6.6588e+13
1.11554e+13
1.63428e+11
1.33059e+11
4.22334e+10
2.1525e+09
3.75668e+10
2.60262e+10
1.21234e+10
1.34805e+11
2.358e+12
1.199e+12
1.65801e+14
3.12604e+13
4.3862e+12
4.52209e+12
2.41223e+12
2.54214e+12
8.24629e+14
2.04927e+15
4.75762e+14
1.03967e+15
7.24225e+14
3.85215e+14
3.85572e+14
3.5419e+14
8.93791e+14
1.0746e+15
1.15612e+15
1.87465e+15
1.64598e+15
1.58673e+15
6.56829e+14
6.27358e+14
8.22457e+14
1.17469e+15
1.15189e+15
1.7121e+15
7.23888e+14
4.14075e+14
7.32886e+14
5.85497e+14
1.11791e+15
8.70966e+14
9.3181e+14
5.54678e+14
1.02737e+15
1.80352e+15
5.07581e+14
4.32459e+14
9.36802e+14
7.49666e+14
1.28043e+15
1.35963e+15
1.33654e+15
9.41089e+14
8.27618e+14
5.5188e+14
3.18801e+14
1.88295e+14
3.13222e+14
2.04518e+14
1.15848e+13
0
7.70569e+13
1.56278e+13
4.154e+12
0
0
0
0
0
1.9036e+13
6.11444e+13
2.71207e+13
3.52883e+13
1.6787e+12
0
1.59691e+14
3.53348e+14
3.54219e+14
1.28092e+14
1.49631e+14
1.00331e+14
2.51404e+14
5.29035e+13
7.25232e+14
7.4466e+14
7.41697e+14
1.03139e+15
8.14484e+14
6.42218e+14
1.55045e+15
1.27956e+15
1.83655e+15
8.02388e+14
1.64361e+15
1.82369e+15
2.72866e+15
2.7506e+15
4.83562e+15
5.14694e+15
5.0866e+15
5.53154e+15
7.77959e+15
5.78894e+15
1.36673e+16
1.41476e+16
3.73733e+16
3.56639e+16
1.20337e+17
1.48333e+17
2.21205e+18
5.39741e+18
1.09287e+18
7.24394e+17
2.17869e+17
1.11376e+17
6.77663e+16
3.9788e+16
1.83185e+16
9.24833e+15
1.66168e+16
9.24547e+15
4.16447e+15
2.48049e+15
2.49025e+15
1.21979e+15
1.59197e+15
5.25622e+14
1.26799e+15
6.87657e+14
1.80654e+15
1.29797e+15
3.96132e+14
3.98475e+13
4.21606e+10
8.18309e+10
1.52107e+12
1.02914e+12
3.93083e+13
2.9265e+13
4.50495e+13
5.66222e+13
5.70492e+14
2.98287e+14
5.23e+13
2.35023e+13
5.17762e+13
6.00569e+13
1.14113e+13
2.81204e+13
1.32512e+14
5.61879e+13
9.07447e+13
1.17661e+14
8.6814e+13
5.268e+13
1.26022e+14
5.84517e+13
2.4744e+13
3.9252e+13
9.41045e+13
3.51037e+13
1.54163e+14
9.54525e+13
6.17073e+14
2.73318e+14
3.54425e+14
3.16754e+14
9.69663e+14
8.8031e+14
1.50866e+15
1.51156e+15
1.09507e+15
1.32777e+15
4.68492e+14
4.02957e+14
3.66708e+14
1.30301e+15
2.73748e+14
2.2698e+14
2.82045e+14
1.7568e+14
3.33754e+13
1.68029e+13
2.16104e+12
1.58629e+12
1.06141e+12
1.13826e+12
1.07802e+12
1.3529e+12
6.77457e+13
1.0175e+13
4.45099e+11
1.70254e+11
1.8109e+11
1.65865e+10
3.55454e+10
5.14707e+10
2.06384e+11
3.20977e+11
3.47054e+12
2.61042e+12
1.58768e+14
3.80432e+13
4.99585e+12
5.14617e+12
3.25172e+12
3.712e+12
9.73648e+14
2.26337e+15
5.03257e+14
9.00353e+14
1.62608e+15
7.19321e+14
6.98263e+14
4.74746e+14
9.75421e+14
1.07286e+15
1.52964e+15
2.29604e+15
1.74718e+15
1.61271e+15
8.71827e+14
8.2176e+14
8.76652e+14
1.32893e+15
1.23376e+15
1.74266e+15
1.15048e+15
4.35306e+14
8.25982e+14
6.1446e+14
1.30075e+15
1.11793e+15
9.96893e+14
5.74106e+14
1.62911e+15
2.4765e+15
6.1337e+14
7.71195e+14
1.12642e+15
7.78484e+14
2.20118e+15
1.87608e+15
1.63933e+15
1.09408e+15
1.15597e+15
1.08385e+15
6.61112e+14
5.18856e+14
4.72329e+14
3.23554e+14
1.46345e+14
4.0682e+13
1.57375e+14
1.45749e+14
1.90643e+14
1.63899e+13
1.22605e+14
6.90003e+13
0
0
3.79579e+13
2.84676e+14
5.57013e+13
3.56727e+14
7.57419e+13
9.58884e+13
4.73366e+14
1.1143e+15
3.44869e+14
2.80315e+14
3.61182e+14
3.48704e+14
3.43898e+14
3.81762e+14
9.54316e+14
6.47223e+14
1.37655e+15
1.12159e+15
3.081e+15
2.53855e+15
2.79761e+15
2.60697e+15
2.16147e+15
2.01364e+15
4.70018e+15
6.12544e+15
1.03077e+16
8.62889e+15
9.31363e+15
8.55971e+15
1.38393e+16
1.49327e+16
2.61583e+16
1.62591e+16
4.7315e+16
4.02616e+16
1.40174e+17
1.02178e+17
2.96079e+17
3.80466e+17
3.10433e+18
5.94494e+18
1.01842e+18
8.08201e+17
3.35926e+17
2.09385e+17
1.13473e+17
6.89592e+16
4.63875e+16
3.45562e+16
2.56582e+16
1.41243e+16
1.50243e+16
8.67063e+15
1.23239e+16
6.57215e+15
2.81254e+15
2.05354e+15
2.88708e+15
1.34969e+15
8.94282e+14
6.33457e+14
4.69335e+14
7.09202e+13
6.40012e+14
2.0751e+14
1.94796e+14
1.35624e+14
1.24371e+14
1.195e+14
6.03136e+14
6.76335e+14
7.53401e+14
7.03958e+14
1.12877e+15
3.25519e+14
3.26845e+14
8.15908e+14
8.37838e+13
1.56832e+14
5.98741e+13
4.43215e+13
1.39748e+14
1.12055e+14
7.73389e+13
1.12787e+14
3.09574e+14
9.09349e+13
4.71321e+14
2.94999e+14
3.86111e+14
1.40466e+14
3.70469e+14
5.10061e+14
1.15813e+15
1.16368e+15
7.96578e+14
8.651e+14
1.42166e+15
1.89422e+15
1.7073e+15
1.59911e+15
1.25715e+15
1.68125e+15
6.28563e+14
4.7811e+14
4.06012e+14
1.26812e+15
3.89711e+14
3.00828e+14
4.75732e+14
1.76672e+14
3.32887e+13
1.85768e+13
4.43068e+13
3.44422e+13
1.99456e+12
1.66286e+12
1.68847e+13
5.08945e+12
6.92456e+13
9.52292e+12
6.42429e+11
4.41112e+11
2.18233e+11
2.8514e+10
3.20514e+11
9.21329e+11
1.189e+13
6.2929e+11
1.31692e+14
1.60778e+14
2.03293e+14
5.87477e+13
6.15829e+12
6.05868e+12
4.25391e+12
4.48998e+12
9.60664e+14
1.71659e+15
9.89365e+14
9.64563e+14
2.32949e+15
1.70311e+15
1.08989e+15
7.88339e+14
9.95517e+14
1.1122e+15
1.61926e+15
2.43513e+15
2.30086e+15
1.81287e+15
1.62856e+15
1.25795e+15
1.00446e+15
1.49774e+15
1.30644e+15
1.82016e+15
1.36774e+15
7.64268e+14
8.31794e+14
9.33769e+14
1.36737e+15
1.29846e+15
1.03687e+15
6.51474e+14
1.6202e+15
2.72436e+15
7.87727e+14
1.5177e+15
1.47158e+15
1.21253e+15
2.35499e+15
2.34867e+15
2.42803e+15
1.98749e+15
1.95852e+15
1.86097e+15
1.02265e+15
1.16254e+15
1.40275e+15
1.19491e+15
6.57041e+14
2.1972e+14
1.5545e+14
2.95063e+14
1.90699e+14
4.40731e+14
9.58231e+14
9.36313e+13
3.02705e+13
0
2.73666e+14
3.58987e+14
3.14306e+14
5.8094e+14
3.40203e+14
2.10797e+14
8.84372e+14
1.1588e+15
1.04578e+15
5.15388e+14
6.38123e+14
5.28187e+14
6.0037e+14
5.14233e+14
1.70233e+15
1.73168e+15
4.05885e+15
2.68506e+15
5.61929e+15
6.28893e+15
6.79237e+15
3.65947e+15
5.20999e+15
3.95406e+15
1.71774e+16
1.33324e+16
3.32084e+16
1.82616e+16
2.98353e+16
2.75061e+16
4.72797e+16
4.36544e+16
8.12333e+16
6.00021e+16
1.46055e+17
1.2415e+17
2.80032e+17
2.6809e+17
6.23573e+17
8.4544e+17
4.04194e+18
6.13925e+18
8.66131e+17
7.28136e+17
3.67713e+17
2.99874e+17
1.62698e+17
1.13151e+17
8.587e+16
4.97161e+16
3.03107e+16
2.24712e+16
2.43413e+16
1.92265e+16
1.10394e+16
8.8583e+15
6.62918e+15
6.71211e+15
3.82912e+15
3.90971e+15
6.08931e+15
3.88778e+15
3.48914e+15
2.36884e+15
7.26159e+14
2.63495e+14
1.38512e+15
6.11801e+14
7.67765e+14
6.83982e+14
1.06471e+15
1.01133e+15
9.1733e+14
1.09178e+15
1.40303e+15
1.28465e+15
1.62774e+15
1.82333e+15
6.75427e+14
1.43374e+14
1.87911e+14
1.75363e+14
1.19555e+14
4.81864e+13
5.24419e+14
4.37187e+14
7.68893e+14
8.43922e+14
1.02813e+15
8.73282e+14
2.30274e+14
1.44622e+14
6.93841e+14
8.19618e+14
2.42234e+15
1.70984e+15
1.11641e+15
1.84204e+15
1.8865e+15
2.85531e+15
2.26467e+15
1.87598e+15
1.34794e+15
1.87702e+15
1.24473e+15
1.38408e+15
4.466e+14
1.23309e+15
3.93848e+14
2.98899e+14
8.62342e+14
2.4401e+14
3.38327e+13
2.04387e+13
4.9179e+13
1.50758e+14
3.17395e+12
2.86097e+12
1.86517e+13
5.56884e+13
7.09322e+13
9.98661e+12
8.81655e+11
5.88216e+11
7.07455e+11
6.5829e+10
4.51448e+11
3.15088e+12
3.52202e+13
1.96253e+13
1.38627e+14
3.58307e+14
3.0494e+14
3.45705e+14
7.01698e+12
6.84777e+12
2.40673e+14
1.45823e+13
9.52977e+14
1.59515e+15
1.07516e+15
9.9693e+14
2.35189e+15
1.79351e+15
1.3648e+15
1.18782e+15
1.31533e+15
1.54013e+15
1.95601e+15
2.46211e+15
2.51751e+15
2.18536e+15
1.86089e+15
1.35386e+15
1.07767e+15
1.91021e+15
1.35859e+15
2.13727e+15
1.45215e+15
9.47897e+14
9.45395e+14
9.43695e+14
1.47553e+15
1.48988e+15
1.61008e+15
8.96561e+14
1.96261e+15
2.61179e+15
1.18058e+15
1.05307e+15
2.34768e+15
1.47372e+15
2.81518e+15
2.82615e+15
2.94796e+15
3.09681e+15
2.82251e+15
2.72709e+15
1.52466e+15
1.82136e+15
2.96665e+15
2.22302e+15
2.30847e+15
1.11097e+15
4.21446e+14
3.90375e+14
1.19053e+15
1.01052e+15
1.08965e+15
8.40356e+14
2.1125e+15
3.56191e+14
9.72574e+14
1.68725e+15
1.02649e+15
5.1516e+14
7.91627e+14
4.064e+14
1.95367e+15
1.16886e+15
1.82317e+15
1.60898e+15
2.22411e+15
1.66278e+15
3.25696e+15
2.54297e+15
7.44158e+15
5.19271e+15
6.14259e+15
6.91561e+15
1.41778e+16
1.1883e+16
1.58654e+16
1.9653e+16
1.97727e+16
1.65032e+16
3.42395e+16
3.03975e+16
7.07923e+16
5.15496e+16
7.43394e+16
7.07755e+16
1.12612e+17
1.00287e+17
1.90643e+17
1.49802e+17
3.01425e+17
2.82213e+17
5.11148e+17
5.19828e+17
1.11426e+18
1.56984e+18
4.7437e+18
6.21043e+18
7.73031e+17
7.03131e+17
3.35993e+17
2.64306e+17
1.70574e+17
1.36773e+17
9.38127e+16
6.76391e+16
4.53291e+16
3.89796e+16
2.81413e+16
1.7381e+16
6.1238e+15
8.16685e+15
4.9909e+15
4.0008e+15
9.07237e+15
7.56513e+15
2.68781e+15
2.88019e+15
1.25406e+15
1.14919e+15
1.765e+15
1.59108e+15
1.26128e+15
1.31086e+15
1.44898e+15
1.33003e+15
3.26635e+15
1.67722e+15
2.02997e+15
1.84468e+15
9.24793e+14
1.11668e+15
2.72885e+15
2.38534e+15
4.107e+14
4.00972e+14
6.53666e+14
5.44734e+14
8.16933e+14
6.90012e+14
9.10594e+14
7.98653e+14
2.0217e+15
2.20245e+15
4.946e+14
3.22997e+14
7.90776e+14
8.60094e+14
1.44981e+15
1.26573e+15
3.48958e+15
2.4268e+15
1.87147e+15
2.06727e+15
2.61085e+15
3.86457e+15
3.2571e+15
2.52324e+15
1.68671e+15
2.96633e+15
2.04795e+15
1.86414e+15
5.03587e+14
1.19891e+15
5.43466e+14
2.99848e+14
8.62811e+14
3.00681e+14
8.59508e+13
2.21968e+13
1.44424e+14
1.59307e+14
4.32033e+12
3.89733e+12
2.0777e+13
6.68123e+13
7.32364e+13
9.54898e+12
1.75369e+13
1.57562e+13
1.62475e+13
4.01166e+11
2.96035e+13
1.40047e+14
3.42486e+13
2.1889e+13
1.52953e+14
3.98263e+14
3.47363e+14
4.55018e+14
8.37789e+12
7.97007e+12
2.60107e+14
6.54959e+14
1.22639e+15
1.67582e+15
1.06813e+15
1.04083e+15
2.68988e+15
1.99885e+15
1.55695e+15
1.4194e+15
1.2857e+15
2.56478e+15
2.11885e+15
3.04726e+15
3.67857e+15
2.6656e+15
1.97865e+15
1.83899e+15
1.10001e+15
2.12372e+15
1.60719e+15
2.43246e+15
3.46374e+15
9.48205e+14
1.54402e+15
1.0715e+15
1.59745e+15
1.64455e+15
1.63756e+15
1.32625e+15
1.97635e+15
3.07227e+15
1.59023e+15
1.27546e+15
2.88e+15
2.45752e+15
4.05816e+15
3.53664e+15
4.03328e+15
3.19932e+15
3.92987e+15
3.39892e+15
3.76283e+15
2.43371e+15
5.0457e+15
4.0411e+15
6.5274e+15
3.36001e+15
3.15341e+15
1.59541e+15
1.91154e+15
1.44073e+15
3.01846e+15
1.06567e+15
2.56558e+15
2.19023e+15
5.19217e+15
4.54142e+15
4.72441e+15
2.00689e+15
1.99871e+15
1.49719e+15
4.40554e+15
3.51899e+15
5.99946e+15
2.81775e+15
4.38767e+15
6.46313e+15
9.95691e+15
1.2798e+16
1.84294e+16
1.09502e+16
1.56566e+16
1.45789e+16
2.7697e+16
2.82712e+16
2.78394e+16
4.15604e+16
4.61974e+16
4.47033e+16
7.55938e+16
6.0787e+16
1.38092e+17
1.03301e+17
1.47689e+17
1.38276e+17
2.34875e+17
2.05577e+17
3.52409e+17
3.16607e+17
5.0908e+17
4.75224e+17
8.00769e+17
8.9387e+17
1.76915e+18
2.3129e+18
5.14062e+18
6.24673e+18
6.92958e+17
6.29837e+17
3.47531e+17
2.66057e+17
1.62984e+17
1.42277e+17
8.40941e+16
6.11513e+16
3.85262e+16
3.44311e+16
1.91397e+16
1.50752e+16
1.25088e+16
1.18474e+16
1.5857e+16
1.39684e+16
7.24432e+15
5.28961e+15
6.54597e+15
3.96865e+15
4.89104e+15
2.57091e+15
3.68522e+15
1.04188e+15
3.87408e+15
3.96242e+15
2.43755e+15
2.51927e+15
6.16127e+15
3.40425e+15
1.56087e+15
1.26727e+15
3.25941e+15
2.6895e+15
4.25458e+15
2.38596e+15
1.36261e+15
1.21339e+15
1.7542e+15
1.29436e+15
1.44425e+15
1.44179e+15
1.69223e+15
2.37945e+15
1.67731e+15
1.12731e+15
3.74997e+14
4.28588e+14
2.15768e+15
1.94539e+15
2.40434e+15
2.98228e+15
5.4757e+15
3.57077e+15
2.60104e+15
2.88935e+15
4.12579e+15
4.56435e+15
3.7496e+15
2.77811e+15
2.20203e+15
3.77736e+15
1.71952e+15
1.92819e+15
5.453e+14
1.16724e+15
6.52052e+14
4.56894e+14
9.07737e+14
3.03941e+14
5.9198e+14
2.23796e+14
1.49022e+14
2.25302e+14
5.02791e+14
6.59696e+13
3.27788e+13
1.89526e+14
1.26738e+14
6.17618e+14
1.71559e+13
1.42463e+14
7.63259e+13
4.35708e+13
1.78857e+14
3.08998e+14
3.35603e+13
2.37734e+13
3.98731e+14
6.54271e+14
4.67716e+14
5.51037e+14
1.01862e+13
9.62674e+12
2.79796e+14
6.38923e+14
1.51584e+15
2.08366e+15
1.0675e+15
1.08894e+15
2.66449e+15
2.09147e+15
1.83635e+15
1.51356e+15
1.28316e+15
2.38386e+15
2.54832e+15
3.33047e+15
4.15804e+15
2.99312e+15
2.00467e+15
2.01336e+15
1.35529e+15
2.34493e+15
2.1059e+15
2.68944e+15
4.7973e+15
1.41258e+15
2.83295e+15
1.19459e+15
1.82705e+15
1.68217e+15
2.01203e+15
1.45426e+15
2.35626e+15
3.23658e+15
2.95914e+15
2.5407e+15
4.16944e+15
3.16768e+15
4.45926e+15
4.66486e+15
5.40432e+15
4.97265e+15
5.44224e+15
4.57166e+15
8.32309e+15
4.82048e+15
8.95194e+15
8.43692e+15
1.79136e+16
1.10068e+16
1.52951e+16
7.18482e+15
6.59292e+15
3.07232e+15
6.99841e+15
5.46161e+15
4.92749e+15
4.93545e+15
7.23884e+15
1.02094e+16
7.65811e+15
4.90546e+15
4.59044e+15
3.99206e+15
1.32136e+16
9.12262e+15
1.2012e+16
7.85489e+15
1.38982e+16
1.65792e+16
2.81575e+16
2.68334e+16
3.5796e+16
3.1967e+16
4.217e+16
3.22155e+16
5.52258e+16
5.10565e+16
6.49796e+16
6.69756e+16
8.57818e+16
7.91635e+16
1.57487e+17
1.20048e+17
2.09261e+17
1.86826e+17
2.57913e+17
2.37698e+17
3.60195e+17
3.58019e+17
4.92372e+17
5.5231e+17
7.27489e+17
7.32572e+17
1.25023e+18
1.3081e+18
2.45163e+18
2.93515e+18
5.26219e+18
6.03118e+18
6.34418e+17
5.72961e+17
3.67049e+17
2.7746e+17
1.5599e+17
1.1346e+17
7.6152e+16
6.24053e+16
5.05333e+16
4.74922e+16
3.79036e+16
2.079e+16
2.30874e+16
2.09411e+16
8.1262e+15
9.71023e+15
8.14186e+15
7.32018e+15
3.13377e+15
3.09497e+15
5.64147e+15
4.18406e+15
9.59687e+15
5.69978e+15
9.42049e+15
9.88456e+15
8.08162e+15
7.70823e+15
2.8216e+15
1.63229e+15
5.4037e+15
3.98144e+15
4.04375e+15
3.98552e+15
7.74065e+15
4.58277e+15
2.58949e+15
2.44768e+15
2.18005e+15
2.42196e+15
2.78198e+15
2.83559e+15
4.52701e+15
4.17015e+15
1.77694e+15
2.00411e+15
1.02554e+16
2.81909e+15
4.48871e+15
3.85769e+15
4.49804e+15
4.54957e+15
7.94772e+15
5.49165e+15
4.66391e+15
4.29457e+15
4.72406e+15
5.62706e+15
3.88505e+15
3.21077e+15
2.71656e+15
4.20827e+15
1.82553e+15
2.33833e+15
8.53166e+14
1.17389e+15
6.46821e+14
4.6689e+14
1.84255e+15
5.34365e+14
6.40049e+14
2.15302e+14
2.60799e+14
2.23216e+14
6.47532e+14
5.30517e+14
6.22005e+13
1.21387e+15
1.71243e+14
6.90246e+14
3.09077e+13
1.47529e+14
1.32237e+14
1.30809e+14
6.21869e+14
6.22165e+14
3.56617e+14
2.0677e+14
1.10904e+15
9.44116e+14
5.86188e+14
5.42659e+14
4.76724e+13
1.32648e+13
3.00812e+14
6.23519e+14
1.51553e+15
2.12631e+15
1.18292e+15
1.20609e+15
2.60838e+15
2.14483e+15
2.43366e+15
3.26033e+15
1.37065e+15
2.30266e+15
3.0266e+15
3.74654e+15
4.59604e+15
3.53451e+15
2.29189e+15
2.02287e+15
1.40482e+15
2.3939e+15
2.27303e+15
3.53347e+15
5.34534e+15
1.4314e+15
3.44466e+15
2.53198e+15
1.82056e+15
1.83285e+15
2.37573e+15
2.53946e+15
2.84379e+15
3.43728e+15
3.18856e+15
1.95802e+15
6.19289e+15
5.93705e+15
4.74538e+15
4.73473e+15
8.15367e+15
7.82814e+15
8.23476e+15
7.79393e+15
1.18559e+16
8.93952e+15
1.34447e+16
1.44138e+16
2.99062e+16
3.41124e+16
4.59079e+16
3.56696e+16
2.69661e+16
1.6086e+16
2.8189e+16
1.28081e+16
1.92455e+16
1.11892e+16
1.82832e+16
2.03295e+16
1.98767e+16
1.11557e+16
1.68575e+16
1.44753e+16
2.87653e+16
2.64192e+16
2.40585e+16
2.48732e+16
3.18005e+16
3.00666e+16
5.62299e+16
5.96061e+16
5.75358e+16
5.20015e+16
1.02817e+17
7.27253e+16
8.79502e+16
7.96213e+16
1.11297e+17
1.19336e+17
1.45911e+17
1.26059e+17
2.45543e+17
2.41388e+17
3.17661e+17
3.04118e+17
4.09979e+17
3.80013e+17
5.71181e+17
5.41308e+17
6.89003e+17
7.39426e+17
1.05583e+18
1.02957e+18
1.68404e+18
1.86982e+18
2.95057e+18
3.44031e+18
5.27191e+18
5.92408e+18
5.01248e+17
4.60126e+17
2.61082e+17
2.14662e+17
1.14284e+17
1.07083e+17
6.02074e+16
5.27311e+16
3.96128e+16
2.58985e+16
3.24985e+16
2.80668e+16
1.61233e+16
1.21706e+16
8.08996e+15
8.14975e+15
8.56495e+15
4.50212e+15
1.02744e+16
6.44195e+15
9.39002e+15
8.266e+15
9.59029e+15
7.44993e+15
1.24379e+16
1.4825e+16
3.98612e+15
3.64231e+15
9.00553e+15
5.99277e+15
5.86388e+15
4.7653e+15
9.43959e+15
9.47634e+15
5.77684e+15
4.2809e+15
5.10497e+15
3.45126e+15
3.30273e+15
3.17988e+15
4.47413e+15
3.97052e+15
4.9225e+15
4.05798e+15
1.29034e+16
1.37863e+16
1.28472e+16
9.75785e+15
4.78178e+15
5.09547e+15
6.73988e+15
6.70475e+15
8.88777e+15
7.64481e+15
6.7921e+15
5.66379e+15
4.98818e+15
4.6765e+15
5.60585e+15
4.345e+15
3.95181e+15
5.07306e+15
3.49587e+15
4.05535e+15
1.06419e+15
1.28882e+15
6.43095e+14
4.7574e+14
1.86826e+15
7.41262e+14
6.56961e+14
2.28036e+14
9.4689e+14
9.99401e+14
6.48453e+14
5.33761e+14
1.64872e+14
1.3957e+15
5.09457e+14
1.14838e+15
3.85822e+14
3.66093e+14
2.9552e+14
3.42805e+14
1.03603e+15
8.46646e+14
1.03175e+15
1.31435e+15
1.26358e+15
1.29969e+15
4.9527e+14
5.33937e+14
8.81808e+13
4.44609e+13
3.19748e+14
6.08542e+14
1.5723e+15
2.13832e+15
1.1807e+15
1.54294e+15
2.55382e+15
2.20172e+15
2.25753e+15
3.64118e+15
1.33726e+15
2.66138e+15
3.80025e+15
3.51015e+15
5.68204e+15
3.4462e+15
2.49407e+15
2.055e+15
2.72989e+15
2.96488e+15
2.50482e+15
3.33928e+15
5.66929e+15
1.94983e+15
3.32539e+15
2.90888e+15
1.83831e+15
1.87089e+15
2.51361e+15
3.05748e+15
3.71128e+15
3.73363e+15
3.20433e+15
1.85381e+15
6.40164e+15
7.59109e+15
5.06139e+15
5.44982e+15
9.3693e+15
1.07939e+16
9.29329e+15
1.02409e+16
1.45075e+16
1.20442e+16
1.7027e+16
1.88461e+16
4.1391e+16
6.29872e+16
9.17652e+16
8.41466e+16
8.33747e+16
5.14379e+16
5.91883e+16
4.74669e+16
5.9024e+16
3.76493e+16
5.55584e+16
3.58425e+16
5.04891e+16
3.68611e+16
5.31652e+16
3.06018e+16
6.18527e+16
4.94801e+16
5.70472e+16
3.30108e+16
6.07564e+16
5.70295e+16
8.28588e+16
8.75053e+16
1.03161e+17
8.68903e+16
1.60163e+17
1.30052e+17
1.64006e+17
1.33468e+17
1.98533e+17
1.88529e+17
2.37545e+17
1.8657e+17
3.34429e+17
3.30848e+17
4.88473e+17
4.62479e+17
5.87092e+17
5.86891e+17
7.60403e+17
7.49664e+17
9.23791e+17
9.76529e+17
1.37428e+18
1.41936e+18
2.12694e+18
2.38299e+18
3.44389e+18
3.87306e+18
5.32779e+18
5.99954e+18
4.04812e+17
4.07026e+17
1.69995e+17
1.60571e+17
1.13951e+17
8.21086e+16
5.96967e+16
6.29698e+16
4.06296e+16
4.1933e+16
5.06568e+16
4.30318e+16
2.12991e+16
1.96782e+16
2.35193e+16
1.79402e+16
2.32001e+16
1.5514e+16
1.48281e+16
1.13893e+16
1.07315e+16
9.40044e+15
1.49507e+16
1.17545e+16
1.14234e+16
1.41026e+16
8.2371e+15
1.45303e+16
1.2584e+16
9.30953e+15
9.54145e+15
8.7296e+15
1.64294e+16
1.48884e+16
8.20861e+15
7.98518e+15
5.86569e+15
3.67923e+15
5.5379e+15
5.02407e+15
8.18505e+15
6.97147e+15
1.06613e+16
1.25208e+16
2.04854e+16
1.61972e+16
7.25417e+15
6.06522e+15
8.45016e+15
8.01952e+15
9.14876e+15
1.03341e+16
8.5686e+15
9.53053e+15
8.89732e+15
6.99205e+15
5.79461e+15
5.43139e+15
7.38229e+15
5.48346e+15
5.81601e+15
6.0141e+15
4.00983e+15
4.14619e+15
1.99157e+15
3.11463e+15
9.67632e+14
4.83543e+14
1.94301e+15
7.8023e+14
6.74403e+14
2.16465e+14
9.67057e+14
1.10157e+15
6.50704e+14
5.36996e+14
1.78911e+14
1.66333e+15
1.21083e+15
1.21304e+15
7.52846e+14
8.55695e+14
7.9085e+14
8.59278e+14
1.57439e+15
1.00402e+15
1.53281e+15
1.69369e+15
2.88839e+15
1.77651e+15
8.00599e+14
5.34866e+14
9.11551e+13
2.97392e+14
3.37886e+14
5.95057e+14
1.68414e+15
2.26823e+15
1.17156e+15
1.74933e+15
2.50866e+15
2.24858e+15
2.11656e+15
4.26975e+15
1.30734e+15
2.68733e+15
3.80952e+15
3.84827e+15
5.72668e+15
3.46604e+15
2.72084e+15
2.13348e+15
2.77052e+15
4.34189e+15
3.79947e+15
3.86625e+15
5.69163e+15
2.05427e+15
4.2441e+15
3.54329e+15
1.8742e+15
2.0984e+15
2.71329e+15
3.45217e+15
4.38082e+15
4.57137e+15
4.58222e+15
2.05293e+15
6.86941e+15
1.10714e+16
5.56534e+15
7.29911e+15
1.02108e+16
1.23281e+16
1.15123e+16
1.30974e+16
1.88704e+16
1.80229e+16
2.29195e+16
2.30173e+16
5.03389e+16
7.3679e+16
1.62132e+17
1.38294e+17
1.73033e+17
1.25291e+17
1.3904e+17
9.78937e+16
1.21213e+17
9.56457e+16
1.19705e+17
9.98367e+16
1.04272e+17
8.1166e+16
1.07278e+17
7.51498e+16
1.3796e+17
1.14259e+17
9.37946e+16
8.67346e+16
1.15423e+17
9.97209e+16
1.85853e+17
1.21989e+17
1.75198e+17
1.27506e+17
2.47771e+17
2.18835e+17
2.25734e+17
2.31612e+17
2.88052e+17
2.99491e+17
3.07791e+17
3.13695e+17
4.48969e+17
4.04889e+17
6.37748e+17
6.44855e+17
6.65017e+17
8.03428e+17
9.53598e+17
9.29242e+17
1.15292e+18
1.23634e+18
1.59202e+18
1.74944e+18
2.51492e+18
2.73621e+18
3.81447e+18
4.23072e+18
5.3525e+18
6.05163e+18
3.5989e+17
3.19559e+17
1.76905e+17
1.45044e+17
1.09112e+17
8.86204e+16
8.48404e+16
5.3508e+16
5.54591e+16
6.00077e+16
3.48832e+16
2.69676e+16
2.09271e+16
4.38388e+16
2.62629e+16
3.81722e+16
1.39291e+16
1.42376e+16
2.1886e+16
1.8373e+16
2.11854e+16
1.54481e+16
1.5403e+16
9.46944e+15
1.48987e+16
1.79422e+16
1.67931e+16
2.18937e+16
1.27855e+16
1.16615e+16
1.7252e+16
1.71092e+16
1.13598e+16
1.04112e+16
1.4263e+16
8.57177e+15
4.56919e+15
5.29773e+15
1.28195e+16
1.07475e+16
1.48646e+16
1.41475e+16
2.01332e+16
2.22272e+16
1.25894e+16
9.89164e+15
5.87937e+15
5.81121e+15
1.15595e+16
1.03939e+16
1.18563e+16
1.10099e+16
1.07621e+16
1.40575e+16
9.57932e+15
1.01974e+16
5.64332e+15
6.10384e+15
7.10965e+15
6.19766e+15
7.62208e+15
8.2444e+15
4.44228e+15
4.62596e+15
3.21495e+15
5.90772e+15
6.12868e+14
4.88641e+14
2.06774e+15
8.45509e+14
8.22405e+14
2.05543e+14
9.87762e+14
1.09021e+15
6.55033e+14
5.41247e+14
1.90584e+14
1.65887e+15
2.1941e+15
2.81236e+15
8.91697e+14
1.12291e+15
1.0607e+15
1.92872e+15
2.67087e+15
2.27677e+15
1.70016e+15
2.01959e+15
3.04589e+15
2.77094e+15
8.70866e+14
6.34854e+14
9.11734e+13
3.00427e+14
3.57179e+14
6.15022e+14
1.73664e+15
2.17974e+15
1.21547e+15
1.70781e+15
2.55149e+15
2.32141e+15
3.10972e+15
4.46405e+15
1.33073e+15
2.49725e+15
4.41448e+15
3.82989e+15
5.79493e+15
3.51052e+15
2.69455e+15
2.16044e+15
2.80621e+15
4.64127e+15
3.85727e+15
3.9615e+15
6.16097e+15
2.17901e+15
4.20253e+15
4.66987e+15
1.85773e+15
2.00976e+15
3.98018e+15
6.66283e+15
4.2826e+15
4.85543e+15
4.73656e+15
2.90539e+15
6.86453e+15
1.49584e+16
7.29742e+15
8.21572e+15
1.23327e+16
1.25412e+16
1.45774e+16
1.38435e+16
2.20639e+16
2.51925e+16
2.72963e+16
2.87631e+16
5.07215e+16
7.56576e+16
1.84469e+17
2.07849e+17
2.20914e+17
2.10288e+17
2.31295e+17
2.13505e+17
2.01697e+17
1.72067e+17
1.87454e+17
1.6808e+17
2.00503e+17
1.53607e+17
1.82999e+17
1.4905e+17
1.68985e+17
2.16069e+17
2.43416e+17
1.65607e+17
1.7965e+17
1.83551e+17
2.66798e+17
2.15804e+17
2.69813e+17
2.11267e+17
3.17636e+17
3.09993e+17
3.88246e+17
3.20888e+17
3.81276e+17
4.17144e+17
4.42055e+17
4.00329e+17
4.94843e+17
5.60885e+17
7.73833e+17
8.30235e+17
9.44316e+17
9.18918e+17
1.17929e+18
1.16053e+18
1.40193e+18
1.45405e+18
1.96629e+18
1.9322e+18
2.64511e+18
3.07719e+18
4.07634e+18
4.45997e+18
5.49988e+18
6.02455e+18
1.99467e+17
2.78326e+17
1.85371e+17
1.35561e+17
9.97092e+16
5.68786e+16
5.65501e+16
5.88214e+16
3.28737e+16
3.54562e+16
2.90346e+16
1.9257e+16
3.93476e+16
2.46044e+16
1.46954e+16
1.02944e+16
3.6282e+16
2.76485e+16
2.98914e+16
2.55802e+16
2.04649e+16
1.60271e+16
1.75934e+16
1.20249e+16
2.22418e+16
2.49621e+16
2.10204e+16
2.10269e+16
1.9224e+16
2.04159e+16
1.77148e+16
1.58661e+16
2.26466e+16
1.57975e+16
7.67327e+15
6.57722e+15
1.30144e+16
1.42923e+16
1.56871e+16
1.47612e+16
1.65297e+16
1.80513e+16
3.05382e+16
2.13992e+16
1.26982e+16
8.36361e+15
1.14039e+16
1.14673e+16
1.44261e+16
1.53029e+16
1.70379e+16
1.34021e+16
1.8357e+16
1.62678e+16
9.27505e+15
9.81061e+15
9.26667e+15
9.27208e+15
7.87944e+15
6.66577e+15
7.60627e+15
1.01906e+16
5.76501e+15
7.30874e+15
9.78251e+15
5.70299e+15
4.37904e+15
9.76174e+14
2.97689e+15
8.4117e+14
4.27665e+14
2.27259e+14
1.85128e+15
1.07906e+15
7.19858e+14
5.45318e+14
1.70573e+13
1.66211e+15
3.13237e+15
2.69078e+15
5.74174e+14
1.16999e+15
2.69296e+15
2.68351e+15
2.33534e+15
2.67553e+15
2.64374e+15
2.40259e+15
3.9145e+15
3.53911e+15
8.63142e+14
6.06522e+14
1.41148e+14
3.05305e+14
7.30699e+14
6.21582e+14
2.12247e+15
2.30923e+15
7.08824e+14
1.17748e+15
2.74039e+15
2.44661e+15
5.00339e+15
5.35184e+15
3.32352e+15
2.5573e+15
5.54631e+15
4.46419e+15
4.86056e+15
3.5847e+15
2.32778e+15
2.07453e+15
3.754e+15
4.6053e+15
3.59287e+15
4.22474e+15
3.29942e+15
2.48489e+15
5.30571e+15
4.90079e+15
1.80395e+15
1.88731e+15
5.40914e+15
7.15219e+15
3.9873e+15
4.88692e+15
4.9668e+15
3.29971e+15
9.05404e+15
1.43912e+16
9.1105e+15
1.02483e+16
1.77851e+16
1.50342e+16
1.77949e+16
1.79786e+16
2.98871e+16
3.52142e+16
3.47324e+16
3.62456e+16
5.06761e+16
7.79013e+16
1.72201e+17
2.50847e+17
2.93511e+17
2.56351e+17
2.77783e+17
2.65702e+17
3.26053e+17
2.55666e+17
2.64522e+17
2.66142e+17
3.04203e+17
2.61109e+17
2.86342e+17
2.44393e+17
2.96332e+17
2.25836e+17
3.44196e+17
3.00789e+17
3.64403e+17
2.5541e+17
4.61048e+17
4.0476e+17
4.3745e+17
3.28114e+17
4.15473e+17
4.74315e+17
4.87738e+17
4.79423e+17
4.59379e+17
5.04006e+17
6.70677e+17
6.17703e+17
7.45257e+17
7.19919e+17
9.44958e+17
1.0603e+18
1.1368e+18
1.09636e+18
1.46002e+18
1.29527e+18
1.69176e+18
1.67672e+18
2.19027e+18
2.37579e+18
3.0377e+18
3.28366e+18
4.37267e+18
4.68413e+18
5.65856e+18
6.16578e+18
1.78772e+16
1.10468e+16
2.71115e+15
2.1507e+15
3.74723e+15
4.20911e+15
1.5827e+14
1.19175e+15
1.82691e+15
3.50032e+15
3.13022e+15
1.49174e+16
5.08105e+15
1.71081e+16
9.69999e+15
1.60134e+15
9.61942e+14
3.64027e+14
1.34273e+16
6.03276e+14
1.03863e+16
4.20247e+15
4.35095e+15
6.07304e+15
2.43624e+15
5.07129e+15
4.93426e+15
2.25874e+15
1.76031e+15
2.77937e+15
8.96538e+15
4.13188e+15
2.08325e+15
3.01673e+15
6.68265e+15
5.70945e+15
2.64598e+15
1.20716e+16
1.16637e+16
3.20658e+15
1.66668e+15
3.61682e+15
1.48972e+15
1.98449e+13
4.70139e+13
1.35028e+15
3.83902e+14
9.42159e+14
2.23323e+15
