2.68545e+16
3.52715e+16
1.84597e+16
1.66369e+16
3.17183e+16
3.41104e+16
3.21634e+16
2.27314e+16
2.31426e+16
2.8015e+16
3.26943e+16
2.49017e+16
3.29146e+16
3.271e+16
3.03091e+16
3.10821e+16
3.84282e+16
3.08305e+16
2.07253e+16
2.1154e+16
2.20036e+16
3.35985e+16
3.4177e+16
2.89611e+16
2.29924e+16
2.88313e+16
4.53494e+16
2.56002e+16
3.55339e+16
3.54453e+16
4.11906e+16
2.02809e+16
2.9218e+16
2.1789e+16
1.40484e+18
1.30186e+18
1.59366e+18
9.90067e+17
3.396e+18
9.47887e+17
5.95655e+18
3.97724e+16
8.17057e+17
9.99368e+18
6.96337e+17
3.14627e+16
6.16547e+17
5.89311e+17
3.21345e+16
3.84729e+16
1.40285e+19
7.85201e+17
8.58655e+17
1.80463e+16
7.1595e+17
4.79322e+17
1.03424e+18
5.66886e+17
1.19551e+18
4.69307e+17
9.66827e+16
8.61866e+16
1.00956e+17
1.68584e+18
7.09654e+16
1.20379e+17
4.36271e+17
3.32648e+17
6.19172e+16
1.43108e+17
1.99406e+18
5.43449e+16
1.70151e+17
2.03159e+17
4.95708e+16
3.47532e+17
1.77043e+17
4.43821e+16
1.68193e+17
4.33345e+16
3.03507e+17
1.96649e+16
2.50792e+16
1.65154e+17
4.12615e+16
2.14677e+17
3.62473e+16
1.56424e+17
2.36989e+18
1.19553e+18
2.07907e+18
2.77448e+18
1.68607e+18
1.61433e+18
4.03386e+18
3.68157e+16
2.04482e+17
1.4644e+18
4.81304e+18
3.58346e+16
1.97247e+17
9.13882e+17
1.7026e+17
1.21059e+18
1.6531e+17
3.57348e+16
6.24861e+18
1.88386e+18
4.09082e+18
1.80293e+17
2.27232e+17
1.096e+18
2.01202e+17
1.93464e+17
3.57754e+16
6.79369e+17
9.65943e+17
1.76243e+17
3.57074e+16
9.29966e+17
2.01787e+17
3.5983e+16
2.25188e+17
1.69246e+17
3.64044e+16
7.77168e+17
1.85177e+16
5.3254e+17
1.19994e+17
3.62681e+16
9.76521e+17
6.86377e+17
5.29314e+17
6.9788e+17
2.37238e+17
1.78671e+17
7.48923e+17
1.41428e+18
8.39985e+16
3.1895e+16
1.09271e+17
1.0438e+15
2.39169e+17
1.91404e+17
6.90518e+17
2.43558e+17
6.92427e+16
4.01772e+16
1.43893e+17
9.19318e+14
1.12148e+18
4.08525e+17
1.40284e+18
6.70608e+15
6.14045e+17
4.97793e+15
9.16571e+17
6.49213e+15
5.0662e+16
5.60855e+18
5.67394e+17
3.37724e+16
6.46187e+15
7.34244e+17
3.02155e+16
9.46674e+14
5.38808e+17
4.73226e+16
4.89502e+17
2.80924e+17
4.39815e+17
3.71169e+17
3.18158e+17
1.80741e+17
5.70684e+17
1.01295e+19
1.9911e+18
4.01441e+16
3.77437e+16
1.42079e+18
9.86572e+17
8.04824e+17
2.08566e+17
2.15725e+17
8.4896e+16
9.596e+16
7.9889e+16
3.02406e+17
1.28135e+18
1.95777e+17
3.65931e+16
4.91368e+17
6.48999e+16
1.10284e+18
1.26263e+17
1.59856e+17
1.01659e+17
1.48171e+17
1.99493e+17
5.81326e+16
3.85634e+16
1.32371e+18
8.78278e+17
3.06028e+17
2.92398e+16
2.00108e+16
3.45601e+16
5.12394e+16
2.35818e+17
2.30882e+17
2.3922e+17
1.99844e+15
5.42784e+15
7.13404e+17
2.31742e+17
1.76518e+17
1.34941e+17
2.68663e+17
4.83517e+16
6.12791e+17
2.53853e+17
9.30926e+17
9.17521e+17
8.04131e+17
7.08359e+17
7.41471e+17
6.43736e+17
1.00918e+18
1.95929e+16
8.3425e+15
2.20398e+18
2.99682e+18
2.93715e+15
1.89367e+16
2.36474e+17
1.45816e+18
1.21848e+18
1.62379e+18
3.26978e+18
1.92717e+17
2.15444e+17
2.28386e+17
3.95407e+16
6.24332e+17
3.32426e+18
1.16676e+18
2.54208e+16
3.88463e+16
3.78026e+16
3.13292e+16
3.24586e+16
1.7768e+18
1.06135e+15
9.52683e+14
3.00301e+15
1.93933e+14
5.1497e+17
3.60098e+16
1.77025e+15
9.34323e+17
3.68321e+17
1.27987e+18
3.86141e+18
3.20227e+15
8.2812e+17
3.14828e+16
9.95963e+16
2.38856e+17
1.40322e+17
5.88586e+13
1.96635e+14
1.10734e+18
1.96776e+15
3.8869e+16
7.61289e+17
3.80816e+16
8.25378e+16
6.92474e+16
6.78959e+16
7.60068e+16
6.07042e+16
5.86652e+16
5.66183e+16
5.94729e+16
3.07286e+17
2.64938e+17
3.33154e+16
6.01035e+17
7.49815e+16
4.16087e+17
7.19144e+14
5.00378e+15
3.51348e+17
6.62252e+14
5.68384e+16
4.43564e+16
2.97972e+17
3.31153e+17
4.31978e+17
3.65823e+17
2.9019e+16
1.65823e+16
5.32505e+16
4.96794e+16
2.3917e+16
2.6438e+16
1.64833e+16
2.3415e+16
1.82387e+16
1.71157e+16
1.62966e+16
3.00549e+16
2.63666e+16
2.54647e+16
2.05135e+16
1.93775e+16
1.73631e+16
3.59099e+16
3.23643e+16
2.93029e+16
2.15604e+16
4.09122e+17
7.47425e+15
5.42378e+14
2.95232e+15
4.97209e+15
2.58387e+15
5.87208e+15
5.83778e+14
1.06057e+15
6.08712e+14
5.51735e+14
1.14878e+16
9.43761e+15
1.29576e+16
1.11544e+16
1.3521e+16
7.7153e+15
3.88137e+15
4.46023e+15
9.45017e+15
1.05633e+16
9.96629e+15
7.04728e+15
8.86981e+15
1.10061e+16
1.03372e+16
4.84912e+15
6.22991e+15
6.41689e+15
8.61519e+15
9.24512e+15
8.78099e+15
6.73187e+15
7.73679e+15
3.85428e+15
4.68632e+15
5.43619e+15
3.71742e+15
2.11541e+16
1.65947e+16
1.69802e+16
1.84821e+16
1.87012e+16
1.24395e+16
1.35616e+16
1.50767e+16
1.2965e+16
1.58208e+16
1.357e+16
1.30553e+16
1.37624e+16
1.49626e+16
1.54136e+16
1.59829e+16
1.58357e+16
1.73553e+16
3.44914e+16
3.10199e+16
1.57956e+16
1.51685e+16
1.44589e+16
1.69732e+16
1.75639e+16
5.26719e+16
8.42835e+15
7.89664e+15
9.54463e+15
1.43044e+16
4.97229e+15
5.49401e+15
5.66413e+15
5.21191e+15
5.07787e+15
4.50969e+15
5.11017e+15
5.47422e+15
5.48797e+15
5.80289e+15
5.37358e+15
3.83582e+15
4.37125e+15
4.84886e+15
5.4623e+15
3.31889e+15
3.7843e+16
4.012e+16
3.29483e+16
4.31929e+16
1.26196e+15
1.94137e+15
8.33403e+15
4.39594e+15
2.26861e+15
2.46475e+15
2.33291e+15
1.17616e+15
7.58665e+15
9.25402e+15
7.44725e+15
7.02139e+15
6.47792e+15
4.73755e+15
3.33274e+15
2.94626e+15
2.19163e+15
2.40225e+14
6.40784e+14
9.60356e+14
4.50964e+15
6.55376e+15
7.09963e+15
7.9733e+15
8.34125e+15
7.23112e+15
3.64799e+15
3.85108e+14
3.40202e+14
4.61284e+14
7.50853e+15
7.92486e+15
4.22246e+14
3.09858e+16
2.81713e+16
2.97205e+16
5.68348e+14
6.45719e+14
5.87052e+14
2.63336e+16
2.53642e+16
1.28161e+16
4.53683e+16
4.90451e+15
4.5461e+15
5.18508e+15
3.13342e+15
2.52401e+15
2.42244e+16
2.393e+16
3.63161e+16
2.56665e+15
1.34449e+17
2.06496e+17
8.71858e+16
3.39726e+17
3.21376e+17
2.49416e+17
2.60775e+17
1.58974e+15
1.95132e+15
1.39275e+15
2.62848e+15
3.48898e+15
2.22634e+16
2.25234e+16
3.68975e+16
3.59662e+16
2.25915e+16
2.07306e+16
2.93072e+17
1.79312e+15
1.88529e+16
1.81157e+16
3.23201e+16
3.64311e+16
4.0654e+16
1.75687e+17
1.58307e+16
1.40544e+16
4.49808e+16
1.61328e+15
2.72925e+15
1.6253e+15
3.16806e+15
1.21493e+16
1.04352e+16
1.01172e+16
1.22139e+16
1.0824e+16
1.00957e+16
8.06975e+15
1.96558e+15
1.3316e+15
1.46778e+15
7.18139e+15
5.20933e+15
3.60008e+15
2.93903e+15
1.80392e+16
2.47888e+16
7.63475e+16
2.15823e+15
1.56993e+15
1.06153e+15
1.16271e+15
4.02331e+15
2.4465e+15
2.7617e+15
3.13892e+15
4.07098e+15
3.16959e+15
2.28429e+16
2.17611e+16
2.637e+16
2.03033e+16
1.37087e+16
1.61292e+16
2.25427e+16
2.84133e+16
2.58411e+16
2.08023e+16
1.83418e+16
2.67281e+16
5.89131e+16
4.84989e+16
2.67723e+16
5.34931e+16
5.43379e+16
6.00673e+16
4.58098e+16
4.22897e+15
4.99617e+15
1.48427e+16
1.58649e+16
6.35334e+15
6.87185e+15
8.76207e+16
1.05868e+17
8.22644e+16
1.23771e+17
8.95158e+16
4.70811e+15
4.32554e+15
3.73661e+15
3.23814e+16
3.24776e+16
3.06615e+16
2.82995e+15
2.46517e+15
5.51422e+14
8.40045e+14
2.5706e+15
2.60846e+15
2.4373e+15
2.03963e+15
1.63963e+15
1.44734e+15
4.2653e+16
3.48853e+16
5.11159e+15
3.99788e+16
8.68196e+14
3.32235e+14
4.99731e+15
3.68392e+15
5.26298e+15
5.38852e+15
1.31803e+15
2.63357e+15
3.70454e+15
2.09343e+14
2.3125e+14
2.67234e+14
5.91529e+14
4.81485e+14
2.20134e+14
8.91254e+15
4.95704e+15
4.5468e+15
3.60357e+15
3.80367e+15
3.46171e+15
4.4193e+15
5.34076e+15
4.11397e+15
4.70187e+15
1.96807e+15
3.01642e+16
2.01871e+15
6.36438e+14
3.29446e+16
2.19056e+15
1.96901e+15
3.20269e+15
1.77189e+15
2.85659e+15
3.08036e+15
1.78722e+15
1.52173e+15
2.56618e+15
2.35656e+15
6.20991e+15
6.29036e+15
3.2035e+14
3.05278e+14
8.00605e+15
7.02842e+14
5.22053e+14
2.35732e+15
5.87321e+15
6.24938e+15
7.22099e+15
9.10506e+15
8.86408e+15
6.57997e+15
4.47027e+15
3.88693e+15
2.79201e+15
2.62364e+15
3.20623e+15
2.58729e+15
5.83586e+15
5.29845e+15
2.31482e+16
1.79018e+15
2.7493e+16
3.27242e+16
2.64333e+16
5.00156e+15
7.82736e+15
1.39333e+16
1.58003e+16
2.12545e+16
1.86e+16
1.57878e+16
1.44894e+16
1.60826e+16
1.22532e+16
6.27066e+15
9.55148e+15
2.11006e+15
1.69875e+15
3.26382e+15
5.83628e+15
9.50401e+15
5.9864e+15
4.98854e+15
4.50257e+15
8.81651e+15
1.0695e+16
1.19649e+16
1.11179e+16
3.87653e+14
3.52083e+14
8.44299e+15
4.62387e+15
2.15853e+15
2.80225e+15
2.24637e+15
3.56524e+15
5.30028e+15
2.28838e+15
1.87095e+15
4.06664e+15
4.148e+15
4.27725e+15
5.57864e+15
5.92506e+15
4.74756e+15
4.4782e+15
5.46024e+15
3.16316e+15
4.30567e+15
5.33506e+15
3.94239e+15
4.36275e+15
4.16728e+15
3.92917e+15
5.42984e+15
5.40206e+15
5.03234e+15
5.94465e+15
5.99386e+15
5.83075e+15
5.10866e+15
5.12399e+15
2.94545e+15
2.90251e+15
2.6172e+15
5.54539e+15
4.18893e+15
4.39041e+15
4.07023e+15
7.80299e+14
3.38657e+15
2.50849e+15
3.37895e+15
4.11156e+15
2.74532e+15
2.99628e+15
2.56888e+14
6.80257e+15
8.26469e+15
6.64595e+15
4.96799e+15
4.44629e+15
1.19236e+14
3.80441e+14
6.59233e+14
2.65456e+14
1.00338e+16
1.11411e+16
1.76716e+15
2.18179e+15
1.92201e+15
1.9279e+15
7.0245e+15
8.71509e+15
7.8457e+15
4.24979e+15
5.24013e+15
3.92696e+15
3.83267e+15
4.77396e+15
5.72405e+15
3.90996e+15
3.43009e+15
4.11285e+15
4.86628e+15
4.71606e+15
1.02226e+16
2.99755e+15
2.41269e+15
1.8722e+15
3.34481e+15
4.43181e+15
4.18475e+15
4.3633e+15
3.63409e+15
3.80707e+15
3.80461e+15
4.3807e+15
2.81248e+15
4.23686e+15
4.1954e+15
3.60577e+15
5.18524e+15
4.80636e+15
3.84036e+15
4.01826e+15
3.80487e+15
2.46559e+15
2.17973e+15
2.91771e+15
1.83222e+15
2.1204e+15
2.66685e+15
2.0259e+15
1.74229e+15
1.93372e+15
1.91164e+15
2.15827e+15
1.91888e+15
2.33834e+15
2.34738e+15
8.50388e+15
7.75452e+15
7.6807e+15
9.86691e+15
9.62742e+15
4.10109e+15
4.60669e+15
2.20425e+15
6.26748e+14
4.1953e+14
1.09112e+15
2.24084e+15
3.92863e+15
4.82502e+15
5.97397e+15
5.31326e+15
5.67664e+15
5.21279e+15
5.25461e+15
4.51634e+15
6.69683e+15
6.26866e+15
4.36319e+15
8.04188e+15
4.3563e+15
3.64793e+15
5.79614e+15
2.29911e+15
3.33441e+15
1.87242e+15
1.05717e+15
1.21083e+15
4.43878e+14
9.88215e+14
2.77535e+15
2.5134e+15
2.96318e+15
1.17403e+15
1.5248e+15
2.43849e+15
4.05543e+15
4.2806e+15
4.09608e+15
3.6732e+15
4.31654e+15
4.28235e+15
5.09334e+15
5.26905e+15
5.48832e+15
6.12009e+15
6.00442e+15
7.82885e+15
5.19051e+15
5.03059e+15
5.55112e+15
5.52386e+15
6.64047e+15
4.28068e+15
4.19247e+15
4.39745e+15
8.57016e+15
7.19953e+15
7.35785e+15
6.69096e+15
7.63918e+15
5.38871e+15
4.67844e+15
4.33829e+15
5.26656e+15
4.1661e+15
4.76311e+15
3.98906e+15
3.11094e+15
4.68633e+15
4.15508e+15
8.22181e+15
7.16082e+15
7.95465e+15
7.87428e+15
7.71573e+15
8.30302e+15
1.03346e+16
7.66883e+15
3.38725e+15
2.49692e+15
7.39649e+15
1.6215e+15
2.50085e+15
5.78566e+15
7.03672e+15
7.44969e+15
7.85479e+15
7.41208e+15
6.00443e+15
7.88287e+15
7.10916e+15
8.26827e+15
7.51457e+15
6.73999e+15
6.34709e+15
7.51153e+15
8.53658e+15
6.14755e+15
5.68776e+15
5.29201e+15
3.82012e+15
3.73678e+15
6.3313e+15
6.32018e+15
6.24527e+15
6.20869e+15
3.1229e+15
3.61343e+15
8.12905e+15
6.3407e+15
5.92943e+15
7.199e+15
5.05459e+15
3.93471e+15
4.65946e+15
4.5905e+15
2.98923e+15
4.72898e+15
4.57391e+15
4.96637e+15
8.88241e+15
4.52047e+15
7.01608e+15
8.58263e+15
3.70996e+15
6.1014e+14
5.93712e+14
6.80957e+15
7.10319e+15
7.47842e+15
9.11553e+15
3.29763e+15
6.00486e+14
6.48853e+15
5.92929e+15
6.84988e+15
3.72633e+15
2.41977e+15
4.3875e+15
4.13328e+15
5.21011e+15
4.32464e+15
3.88129e+15
4.01768e+15
4.79472e+15
3.93131e+15
3.50264e+15
3.89409e+15
4.44136e+15
4.71054e+15
5.06354e+15
4.05083e+15
2.31284e+14
6.74467e+15
1.06043e+16
7.55056e+16
1.12378e+16
1.03178e+16
6.476e+15
6.26204e+15
4.26301e+15
8.12004e+15
2.62701e+16
2.89984e+16
2.61738e+16
7.46195e+14
2.12671e+15
2.23706e+15
3.15332e+15
3.27826e+15
8.2309e+15
7.27683e+15
3.79211e+14
3.5625e+14
2.7497e+14
4.74472e+15
1.67444e+15
5.92448e+14
3.4255e+15
3.71238e+15
5.72579e+15
5.31927e+15
3.57011e+15
8.11125e+15
2.62937e+14
2.83014e+15
8.57354e+15
3.98632e+15
5.91839e+15
2.30783e+15
3.70551e+15
1.87853e+15
8.74854e+14
2.14439e+15
5.6909e+15
3.0051e+15
1.72835e+15
3.44719e+15
3.49525e+15
3.22603e+15
1.44234e+15
1.01496e+16
1.05178e+16
1.38036e+16
1.21311e+16
3.39715e+15
3.08128e+15
2.57283e+15
2.81368e+15
3.88651e+15
6.71175e+15
7.75829e+15
5.29529e+15
4.12864e+15
2.54373e+15
1.10258e+15
1.47217e+15
2.12272e+15
2.28474e+15
2.42706e+16
1.89611e+16
2.25008e+16
1.76039e+15
2.5663e+15
6.03843e+15
8.0602e+14
3.61595e+15
3.63421e+15
2.51183e+15
3.89082e+15
1.34396e+15
2.6705e+15
3.94601e+15
4.0202e+15
5.52886e+15
3.0741e+15
3.13014e+15
5.88567e+14
3.53537e+15
6.08023e+15
2.68619e+15
1.26103e+16
2.75513e+16
2.62022e+15
2.92063e+15
8.37671e+15
4.5604e+15
7.43021e+15
6.3304e+15
2.82254e+15
4.9367e+15
4.26293e+15
2.78525e+15
2.35845e+15
2.94259e+15
2.62152e+15
2.21717e+15
3.51754e+15
2.78551e+15
5.63136e+15
4.21485e+15
6.85506e+15
5.23448e+15
5.80365e+15
2.12988e+15
1.20689e+15
1.99334e+15
2.18556e+15
1.69e+15
9.41131e+18
6.74143e+18
2.80633e+18
4.95233e+18
5.02305e+18
2.88884e+18
1.8297e+18
1.69197e+18
1.4906e+18
1.34258e+18
1.24759e+18
1.15443e+18
9.93415e+17
9.40341e+17
8.65003e+17
7.92078e+17
7.81425e+17
7.57553e+17
6.8222e+17
6.65743e+17
6.3726e+17
5.89602e+17
5.15293e+17
5.41947e+17
4.25213e+17
4.57926e+17
4.08395e+17
3.75271e+17
3.39297e+17
3.33732e+17
2.5261e+17
2.6145e+17
2.11066e+17
1.95122e+17
1.62136e+17
1.64373e+17
1.65687e+17
1.66476e+17
1.40389e+17
1.52897e+17
1.35486e+17
1.68421e+17
1.70909e+17
1.71584e+17
1.74439e+17
1.79823e+17
1.62067e+17
1.60153e+17
7.49085e+11
7.78659e+12
4.31965e+13
6.09823e+12
5.9111e+12
3.47911e+13
1.23016e+14
5.0255e+13
4.04792e+13
5.52095e+13
1.05518e+14
6.18743e+13
6.47587e+13
1.32262e+14
3.23587e+13
5.46605e+13
4.9931e+13
3.75259e+13
1.58726e+13
1.7507e+13
6.47227e+11
5.78373e+11
3.82944e+12
1.02459e+13
5.75878e+11
5.95885e+11
6.35749e+11
6.25834e+11
7.38685e+11
5.6683e+11
5.38218e+11
4.44093e+11
6.23119e+11
4.90485e+11
6.13763e+11
5.50323e+11
5.22702e+11
4.81475e+11
8.07468e+11
8.26579e+11
8.05504e+11
6.75978e+11
9.90091e+11
5.75248e+12
1.84667e+12
8.59911e+12
3.41273e+12
2.61329e+12
7.02485e+12
1.36247e+13
7.33e+11
1.80398e+12
3.89318e+13
3.84226e+13
2.07044e+13
1.49814e+13
2.86646e+13
6.61509e+13
5.09323e+13
4.2421e+13
2.68808e+13
3.47776e+13
2.14455e+13
1.55915e+13
1.95996e+13
2.47956e+13
1.0151e+13
1.12991e+13
8.63296e+13
1.11427e+14
1.4493e+14
5.61472e+13
4.51589e+13
2.58209e+13
2.09429e+13
1.2342e+13
5.26276e+13
7.80262e+13
1.00066e+14
1.1799e+14
1.46859e+14
8.4284e+13
1.0385e+14
1.13282e+14
2.64445e+13
6.22778e+13
1.17731e+14
1.04224e+14
6.4e+13
4.15564e+13
1.86496e+13
1.81564e+13
7.70244e+11
6.29575e+11
8.86428e+11
6.48628e+11
1.93125e+17
1.95207e+17
2.11995e+17
2.22942e+17
2.18556e+17
2.29602e+17
2.37983e+17
2.34488e+17
2.63315e+17
2.86519e+17
2.2938e+17
2.20423e+17
1.95459e+17
1.93929e+17
1.64597e+17
1.47877e+17
1.25917e+17
1.27405e+17
1.02893e+17
9.20114e+16
7.51842e+16
8.4214e+16
1.0048e+17
9.96127e+16
1.12636e+17
1.51602e+17
1.59299e+17
1.52654e+17
2.36076e+17
3.15695e+17
4.46409e+17
4.05339e+17
4.91144e+17
4.74597e+17
5.69609e+17
6.11562e+17
7.20445e+17
6.96219e+17
7.39184e+17
7.96034e+17
9.04009e+17
9.78491e+17
1.15158e+18
1.33793e+18
1.76807e+18
1.93604e+18
3.0935e+18
5.05242e+18
9.73873e+18
6.98302e+18
3.03934e+18
4.83712e+18
3.30695e+18
2.50454e+18
1.96923e+18
1.80684e+18
1.45707e+18
1.39934e+18
1.15207e+18
1.11741e+18
9.8769e+17
9.20657e+17
8.60205e+17
7.77573e+17
7.67024e+17
7.24035e+17
6.75533e+17
6.72731e+17
6.08013e+17
5.74093e+17
4.8739e+17
4.78063e+17
4.13968e+17
4.09038e+17
3.88217e+17
3.53499e+17
3.05122e+17
3.0859e+17
2.50533e+17
2.28162e+17
1.76506e+17
1.70975e+17
1.33111e+17
1.412e+17
1.77777e+17
1.68619e+17
1.27211e+17
1.12118e+17
1.22039e+17
1.27985e+17
1.60562e+17
1.76635e+17
1.9455e+17
1.78385e+17
1.54251e+17
1.83107e+17
7.97157e+11
9.29481e+11
2.64859e+13
2.30579e+13
9.32838e+12
2.74194e+13
1.28987e+14
8.07426e+13
1.3013e+14
4.6651e+13
1.26607e+14
1.00348e+14
6.61233e+13
1.34306e+14
3.32429e+13
2.25653e+14
5.22504e+13
3.55539e+13
1.70918e+13
5.9401e+13
7.26608e+11
7.45475e+11
6.99651e+12
1.04545e+13
7.1373e+11
6.35715e+11
7.47708e+11
7.4358e+11
8.5139e+11
8.22979e+11
6.75953e+11
6.87249e+11
7.94645e+11
7.28141e+11
7.46058e+11
7.3025e+11
8.47442e+11
7.31206e+11
1.27914e+12
1.06719e+12
1.29062e+12
7.03727e+11
7.66135e+11
5.59862e+12
1.73417e+12
8.67204e+12
3.1862e+12
2.96052e+12
8.2024e+12
1.26498e+13
8.83429e+11
1.80544e+12
3.89793e+13
3.95565e+13
1.60417e+13
2.08644e+13
2.71197e+13
7.72106e+13
7.69363e+13
4.45559e+13
2.77896e+13
3.46386e+13
2.81757e+13
1.57561e+13
1.95165e+13
2.35469e+13
1.74218e+13
6.23884e+13
2.40944e+13
3.82281e+13
5.91833e+13
6.41448e+13
4.63314e+13
2.85768e+13
1.28583e+13
1.38922e+13
4.66197e+13
8.53207e+13
9.66106e+13
1.26597e+14
1.33417e+14
1.79237e+14
1.05385e+14
1.18462e+14
8.37235e+13
6.89004e+13
6.74533e+13
1.22957e+14
4.9084e+13
9.01928e+13
6.53768e+13
1.53396e+13
8.98695e+11
5.98738e+11
8.66929e+11
8.00547e+11
1.61973e+17
1.95883e+17
1.93193e+17
2.19946e+17
2.28459e+17
2.1407e+17
2.06246e+17
2.21964e+17
2.53089e+17
2.91482e+17
2.29518e+17
1.72968e+17
1.68347e+17
1.85202e+17
1.38207e+17
1.47056e+17
8.07111e+16
8.94082e+16
8.47832e+16
8.24346e+16
6.30264e+16
6.9454e+16
8.25365e+16
8.90796e+16
9.39684e+16
1.26495e+17
1.53158e+17
1.69338e+17
2.20518e+17
2.96349e+17
4.05953e+17
4.06346e+17
4.57745e+17
5.06051e+17
5.30373e+17
6.10907e+17
6.79478e+17
6.90869e+17
8.10163e+17
7.89534e+17
8.78129e+17
1.01456e+18
1.20464e+18
1.38045e+18
1.73924e+18
1.98572e+18
3.15016e+18
8.96663e+18
1.00837e+19
7.36128e+18
3.27465e+18
3.9749e+18
2.73857e+18
2.39994e+18
1.99861e+18
1.79739e+18
1.46753e+18
1.34306e+18
1.13762e+18
1.11942e+18
9.09643e+17
8.88911e+17
8.09825e+17
7.41482e+17
7.35935e+17
7.21239e+17
6.053e+17
5.88853e+17
5.50318e+17
5.54582e+17
5.33387e+17
4.56162e+17
4.05703e+17
3.75916e+17
3.51494e+17
3.56016e+17
3.30543e+17
3.01033e+17
2.60503e+17
2.57136e+17
1.94558e+17
1.82685e+17
1.27303e+17
1.29909e+17
1.25193e+17
1.35302e+17
1.09863e+17
1.16645e+17
1.30447e+17
1.20652e+17
1.69859e+17
1.63364e+17
1.43759e+17
1.70268e+17
1.55916e+17
1.43061e+17
7.60869e+11
7.73537e+11
1.12448e+13
3.73271e+13
1.10642e+13
2.54383e+13
1.7338e+14
9.33824e+13
1.00333e+14
9.84597e+13
1.53648e+14
1.26327e+14
8.46847e+13
1.44737e+14
4.55578e+13
1.46804e+14
8.01333e+13
4.12512e+13
2.02272e+13
4.84755e+13
1.06628e+13
8.83668e+11
7.21241e+12
3.22417e+13
8.14348e+11
7.70223e+11
8.81086e+11
8.18862e+11
8.46532e+11
8.69918e+11
8.68714e+11
8.03374e+11
9.41672e+11
9.36527e+11
9.27315e+11
8.48129e+11
8.57036e+11
8.47704e+11
1.25617e+12
1.65081e+12
9.74203e+11
7.7971e+11
9.12798e+11
8.38995e+11
6.03082e+12
4.3492e+12
5.54481e+12
3.37777e+12
9.4373e+12
1.18293e+13
8.52579e+12
1.92662e+12
3.90452e+13
3.92905e+13
2.39529e+13
9.99027e+12
6.60838e+13
1.05479e+14
1.24576e+14
1.09053e+14
2.95488e+13
3.26364e+13
3.82787e+13
1.6731e+13
2.3867e+13
2.37019e+13
2.11409e+13
6.23468e+13
3.20289e+13
4.598e+13
4.59833e+13
5.99339e+13
4.93895e+13
2.50754e+13
5.38729e+13
7.93939e+12
1.16312e+14
1.10788e+14
1.21877e+14
1.34568e+14
1.35495e+14
1.35994e+14
1.03532e+14
1.24168e+14
9.1549e+13
8.61366e+13
1.47227e+14
9.16534e+13
5.75459e+13
3.49917e+13
5.71686e+13
4.24608e+13
2.55742e+13
9.96048e+11
9.5505e+11
9.78292e+11
1.52794e+17
1.72376e+17
1.81934e+17
1.86619e+17
1.96939e+17
2.13542e+17
2.01133e+17
2.00402e+17
2.21263e+17
2.23036e+17
2.00277e+17
1.94972e+17
1.29468e+17
1.41207e+17
1.05302e+17
1.1464e+17
7.27958e+16
6.19673e+16
7.26239e+16
8.40246e+16
7.19516e+16
8.31959e+16
8.06756e+16
8.27113e+16
9.59122e+16
1.11694e+17
1.09635e+17
1.33098e+17
1.891e+17
2.78656e+17
3.74655e+17
3.58302e+17
4.33036e+17
4.71573e+17
4.76496e+17
5.53472e+17
6.1983e+17
6.97896e+17
6.9675e+17
7.84714e+17
8.74576e+17
9.65122e+17
1.15185e+18
1.3251e+18
1.68392e+18
1.99706e+18
3.55722e+18
1.06428e+19
9.62448e+18
7.11724e+18
3.43761e+18
3.33465e+18
2.58553e+18
2.24169e+18
1.8649e+18
1.76706e+18
1.40367e+18
1.28169e+18
1.10416e+18
1.00547e+18
8.7625e+17
8.48755e+17
8.18505e+17
8.12342e+17
7.10297e+17
6.58031e+17
5.44185e+17
5.44516e+17
5.01786e+17
5.54436e+17
5.08861e+17
4.96042e+17
4.08468e+17
4.02331e+17
3.46753e+17
3.26178e+17
2.80822e+17
2.70717e+17
2.48864e+17
2.23478e+17
1.97861e+17
1.58442e+17
1.23557e+17
1.30866e+17
1.14843e+17
1.11622e+17
1.18433e+17
9.23659e+16
1.07993e+17
1.25137e+17
1.2548e+17
1.43243e+17
1.26258e+17
1.31093e+17
1.5249e+17
1.30653e+17
2.46012e+13
8.98045e+11
3.0611e+13
3.50764e+13
9.74504e+13
5.56191e+13
2.0528e+14
1.6081e+14
9.64421e+13
1.08365e+14
1.96625e+14
1.60764e+14
9.02324e+13
1.38955e+14
5.34626e+13
1.78471e+14
7.46194e+13
3.39976e+13
4.77613e+13
4.26994e+13
2.54993e+13
1.37751e+12
7.3724e+12
3.2344e+13
9.3367e+11
8.59367e+11
9.03263e+11
9.26512e+11
9.24042e+11
9.8265e+11
9.31674e+11
9.13617e+11
1.04753e+12
9.25128e+11
9.82941e+11
9.45701e+11
8.90982e+11
7.14547e+11
1.2689e+12
1.82782e+12
1.02635e+12
8.26665e+11
8.37179e+11
8.61628e+11
6.24459e+12
4.38102e+12
4.92089e+12
3.90686e+12
1.05838e+13
1.08553e+13
8.64345e+12
2.99795e+12
3.89589e+13
3.89349e+13
4.70754e+13
2.99172e+13
5.28416e+13
1.28962e+14
1.9985e+14
1.47456e+14
4.19705e+13
3.30921e+13
3.8354e+13
1.89254e+13
2.32191e+13
2.94265e+13
2.5399e+13
5.83311e+13
7.05402e+13
7.57515e+13
4.52595e+13
5.95798e+13
7.88114e+13
8.05141e+13
2.30916e+14
4.05051e+13
1.24413e+14
1.565e+14
1.53763e+14
1.56629e+14
1.26877e+14
1.25741e+14
1.12262e+14
1.16725e+14
1.29118e+14
1.42662e+14
1.9498e+14
1.36886e+14
7.36531e+13
4.84127e+13
8.71926e+13
1.03474e+14
6.29812e+13
4.6165e+13
2.73175e+13
8.8091e+12
1.34634e+17
1.53426e+17
1.49261e+17
1.59896e+17
1.48745e+17
1.71575e+17
1.76228e+17
1.80558e+17
1.84318e+17
1.82256e+17
1.92002e+17
1.68471e+17
1.23778e+17
1.13361e+17
9.13289e+16
8.95775e+16
7.40969e+16
6.24475e+16
5.86077e+16
7.7741e+16
7.9124e+16
6.38027e+16
5.82487e+16
7.1068e+16
8.90694e+16
9.50649e+16
1.1871e+17
1.24327e+17
1.98827e+17
2.80012e+17
3.61117e+17
3.71542e+17
4.25478e+17
4.36073e+17
4.65842e+17
5.4148e+17
6.08658e+17
6.92255e+17
7.08778e+17
7.71384e+17
8.19457e+17
9.50473e+17
1.13315e+18
1.33844e+18
1.7664e+18
2.08606e+18
3.74019e+18
1.20025e+19
9.62096e+18
7.24664e+18
3.45803e+18
3.14613e+18
2.4733e+18
2.12351e+18
1.76332e+18
1.6777e+18
1.34153e+18
1.23572e+18
9.75895e+17
9.59112e+17
8.27159e+17
8.18512e+17
7.58683e+17
7.24648e+17
6.51604e+17
6.05876e+17
5.1115e+17
4.9003e+17
5.21416e+17
4.77799e+17
4.45219e+17
4.38213e+17
3.51673e+17
3.92603e+17
3.05551e+17
2.77456e+17
2.46145e+17
2.42312e+17
2.08645e+17
2.06507e+17
1.74877e+17
1.77432e+17
1.15689e+17
1.14058e+17
1.14956e+17
1.09034e+17
8.51285e+16
9.35789e+16
8.14793e+16
9.54621e+16
1.05511e+17
1.14312e+17
1.11317e+17
1.18781e+17
1.4081e+17
1.37364e+17
4.70691e+13
1.14372e+14
1.01301e+14
2.70522e+13
4.01603e+13
3.06729e+13
1.65887e+14
1.44111e+14
1.693e+14
9.36996e+13
2.11202e+14
2.60439e+14
1.25176e+14
1.38705e+14
6.46178e+13
2.19442e+14
6.17427e+13
5.30137e+13
6.06488e+13
4.68872e+13
3.2012e+13
2.45131e+12
7.30444e+12
3.22753e+13
1.03476e+12
9.97298e+11
1.02766e+12
9.98191e+11
9.39883e+11
9.18918e+11
9.73648e+11
9.83738e+11
9.07456e+11
1.05118e+12
9.91625e+11
9.6919e+11
1.05047e+12
1.02323e+12
1.24225e+12
1.69803e+12
1.16607e+12
9.76717e+11
9.00387e+11
8.07171e+11
9.64302e+12
4.14708e+12
4.36249e+12
4.55299e+12
1.21118e+13
9.8366e+12
9.75082e+12
3.34871e+12
3.90041e+13
3.84505e+13
7.44121e+13
3.53868e+13
4.97226e+13
1.13384e+14
1.80095e+14
1.59023e+14
3.67098e+13
3.7262e+13
4.45952e+13
2.764e+13
3.4542e+13
3.24591e+13
2.69647e+13
5.49422e+13
7.60773e+13
8.61564e+13
1.42272e+14
1.1908e+14
9.25485e+13
5.18644e+13
1.13849e+14
4.75142e+13
1.354e+14
1.72003e+14
1.6879e+14
2.14179e+14
1.26219e+14
1.4155e+14
1.44162e+14
1.54515e+14
1.76102e+14
2.02337e+14
1.25151e+14
8.70557e+13
1.1461e+14
8.79812e+13
5.3429e+13
1.21492e+14
4.921e+13
9.82885e+13
4.95483e+12
8.06131e+13
1.09483e+17
1.17041e+17
1.10873e+17
1.33297e+17
1.27467e+17
1.33018e+17
1.44452e+17
1.50705e+17
1.49974e+17
1.72249e+17
1.60384e+17
1.66122e+17
1.11291e+17
1.03706e+17
8.87114e+16
8.76466e+16
7.16267e+16
6.47535e+16
6.26193e+16
7.20137e+16
7.19032e+16
7.17383e+16
7.02509e+16
8.1679e+16
6.69309e+16
8.6707e+16
1.11782e+17
1.28344e+17
2.23884e+17
2.90334e+17
3.35219e+17
3.50919e+17
4.04239e+17
4.19977e+17
4.55652e+17
5.08213e+17
6.08786e+17
6.24012e+17
6.78972e+17
7.80035e+17
8.18761e+17
9.37307e+17
1.16141e+18
1.31046e+18
1.78812e+18
2.15216e+18
4.31931e+18
1.33452e+19
9.66935e+18
7.04362e+18
3.46752e+18
3.09393e+18
2.31599e+18
2.04396e+18
1.5954e+18
1.53596e+18
1.24897e+18
1.14448e+18
9.30105e+17
8.87129e+17
8.35997e+17
7.834e+17
7.10645e+17
6.35789e+17
5.85221e+17
5.6713e+17
4.86754e+17
4.80902e+17
4.82397e+17
4.61211e+17
4.22098e+17
4.08008e+17
3.49353e+17
3.52746e+17
3.01585e+17
2.83e+17
2.79991e+17
2.49804e+17
2.02763e+17
1.97237e+17
1.21754e+17
1.31687e+17
1.08662e+17
1.0923e+17
9.24654e+16
1.10974e+17
8.25346e+16
8.01399e+16
6.88387e+16
8.49488e+16
8.48612e+16
8.65942e+16
9.81502e+16
9.61501e+16
9.56365e+16
9.72114e+16
2.76463e+13
6.94692e+13
5.40305e+13
9.35072e+13
3.80466e+13
2.97955e+13
1.50927e+14
1.77665e+14
1.23526e+14
9.80192e+13
2.45268e+14
2.63106e+14
1.54571e+14
2.4765e+14
9.59896e+13
2.21482e+14
7.20356e+13
4.67678e+13
1.02341e+14
4.01267e+13
3.08056e+13
3.68913e+12
7.46996e+12
3.23257e+13
1.00638e+12
1.18915e+12
1.03793e+12
1.06414e+12
2.33734e+12
2.06259e+12
1.02388e+12
1.06078e+12
1.01063e+12
9.83842e+11
1.05117e+12
9.05529e+11
1.116e+12
1.07676e+12
1.10287e+12
1.45164e+12
1.46699e+12
1.16321e+12
1.04665e+12
9.76833e+11
1.75756e+13
6.36702e+12
3.83054e+12
5.14306e+12
2.41475e+13
2.02871e+13
9.77178e+12
3.35907e+12
3.91958e+13
3.81012e+13
5.90807e+13
3.53602e+13
5.75236e+13
1.25634e+14
1.52645e+14
1.59802e+14
6.26254e+13
3.95995e+13
4.04128e+13
3.11824e+13
2.3084e+13
3.7073e+13
4.0715e+13
8.20136e+13
7.38041e+13
7.96459e+13
9.06866e+13
1.33018e+14
9.56644e+13
1.0277e+14
1.37754e+14
9.15137e+13
1.19367e+14
1.8544e+14
2.07203e+14
2.25882e+14
1.43398e+14
2.02054e+14
1.54887e+14
1.59744e+14
1.80654e+14
2.44374e+14
1.10335e+14
8.02906e+13
2.69806e+14
9.76655e+13
8.35791e+13
9.49793e+13
4.22818e+13
3.94295e+13
2.43231e+13
6.47723e+13
8.99573e+16
9.80056e+16
9.30149e+16
9.50268e+16
9.92202e+16
1.17762e+17
1.26549e+17
1.24778e+17
1.2031e+17
1.3323e+17
1.35076e+17
1.22674e+17
9.65425e+16
9.68921e+16
9.0254e+16
9.18009e+16
6.75297e+16
5.70637e+16
4.69977e+16
5.76919e+16
7.8019e+16
5.94573e+16
4.85188e+16
6.50604e+16
7.22851e+16
8.28292e+16
9.85898e+16
1.2597e+17
1.935e+17
2.60879e+17
3.18639e+17
3.33768e+17
3.8834e+17
4.00905e+17
4.36873e+17
4.78814e+17
5.80136e+17
5.67902e+17
6.17009e+17
6.91071e+17
7.76305e+17
8.73159e+17
1.12481e+18
1.33157e+18
1.83454e+18
2.21759e+18
4.62447e+18
1.43699e+19
1.01808e+19
7.30525e+18
3.36443e+18
2.9912e+18
2.28703e+18
2.05502e+18
1.68837e+18
1.53539e+18
1.18553e+18
1.0673e+18
8.8889e+17
8.49887e+17
6.97666e+17
6.98521e+17
6.08323e+17
5.89679e+17
4.9228e+17
5.02483e+17
4.12632e+17
4.51116e+17
4.15185e+17
4.34591e+17
3.48988e+17
3.79291e+17
2.9228e+17
2.80849e+17
2.45945e+17
2.79149e+17
2.31336e+17
2.08438e+17
1.73299e+17
1.44664e+17
1.06909e+17
9.52354e+16
7.43485e+16
7.2103e+16
7.23776e+16
7.77373e+16
6.98876e+16
6.2562e+16
6.43763e+16
6.90452e+16
7.2532e+16
7.08979e+16
6.96026e+16
8.77413e+16
7.59255e+16
7.78069e+16
3.19523e+13
6.17666e+13
7.84737e+13
6.97393e+13
1.11839e+14
4.57098e+13
1.52299e+14
1.89626e+14
2.22122e+14
9.86093e+13
3.08086e+14
2.962e+14
1.58284e+14
1.68366e+14
1.54565e+14
2.43109e+14
7.62227e+13
5.88434e+13
5.23421e+13
3.99374e+13
3.03578e+13
1.17713e+13
7.59564e+12
3.22547e+13
1.09252e+12
1.19674e+12
1.17567e+12
1.02751e+12
1.78278e+12
1.85203e+13
9.62311e+11
1.05818e+12
1.11995e+12
9.76636e+11
1.26332e+12
1.1052e+12
1.24847e+12
1.18788e+12
1.0104e+12
1.14933e+12
1.31984e+12
1.19375e+12
1.1845e+12
1.09125e+12
1.48377e+13
8.52425e+12
3.2259e+12
5.5825e+12
2.47712e+13
1.97473e+13
9.80002e+12
3.42139e+12
3.9818e+13
3.78259e+13
7.20605e+13
9.33859e+13
5.6399e+13
1.2813e+14
1.45007e+14
1.78166e+14
1.38932e+14
9.17793e+13
6.7708e+13
4.61745e+13
2.31524e+13
3.24969e+13
3.81863e+13
9.37071e+13
7.61074e+13
7.43013e+13
8.17526e+13
8.67216e+13
1.25e+14
5.56701e+13
1.04925e+14
1.30042e+14
1.60869e+14
1.20465e+14
2.93607e+14
2.91929e+14
1.87406e+14
2.15958e+14
2.18531e+14
1.72858e+14
1.77557e+14
2.56026e+14
1.25765e+14
8.99545e+13
2.73306e+14
1.33476e+14
1.283e+14
1.11705e+14
1.07102e+14
3.02289e+13
1.22858e+12
1.16482e+12
6.31734e+16
7.50678e+16
8.10481e+16
9.00644e+16
7.93982e+16
9.58429e+16
9.49542e+16
1.00867e+17
9.33129e+16
9.61141e+16
1.01717e+17
1.02852e+17
7.91141e+16
8.40762e+16
7.03643e+16
7.44143e+16
6.75768e+16
5.78855e+16
3.75053e+16
4.53528e+16
4.96467e+16
5.43494e+16
5.3214e+16
6.99304e+16
7.10861e+16
8.94641e+16
9.69994e+16
1.14744e+17
2.05089e+17
2.81214e+17
3.04059e+17
3.21649e+17
3.51767e+17
3.76168e+17
4.18659e+17
4.41014e+17
5.50034e+17
5.72415e+17
6.07623e+17
6.17666e+17
6.93789e+17
8.34963e+17
1.11262e+18
1.34831e+18
1.84865e+18
2.22905e+18
5.22998e+18
1.49535e+19
9.55179e+18
6.7382e+18
3.31028e+18
2.94821e+18
2.15842e+18
1.92311e+18
1.52346e+18
1.33213e+18
1.01218e+18
9.11698e+17
7.23009e+17
7.08689e+17
6.12748e+17
5.74364e+17
5.03403e+17
4.87332e+17
4.33036e+17
4.603e+17
3.46716e+17
3.68832e+17
3.58677e+17
3.8365e+17
3.38062e+17
3.27388e+17
2.62123e+17
2.46403e+17
2.17713e+17
2.03588e+17
1.84922e+17
1.6334e+17
1.31585e+17
1.2248e+17
8.62582e+16
9.0848e+16
5.49223e+16
5.54878e+16
5.48425e+16
5.58367e+16
4.52678e+16
5.48179e+16
5.88349e+16
5.28238e+16
4.85172e+16
6.07868e+16
5.61367e+16
6.8778e+16
5.11346e+16
6.14467e+16
4.3022e+13
4.54715e+13
6.50595e+13
4.27274e+13
9.18995e+13
8.62601e+13
2.49833e+14
2.71019e+14
1.80951e+14
1.71452e+14
2.80604e+14
3.95936e+14
2.10272e+14
1.70403e+14
1.32778e+14
4.07839e+14
4.87017e+13
7.65451e+13
3.93581e+13
3.29829e+13
3.00916e+13
1.28899e+13
7.62172e+12
3.23055e+13
1.12003e+12
1.20283e+12
1.22645e+12
1.18633e+12
1.27266e+12
1.91586e+13
1.24027e+12
1.09783e+12
9.91902e+11
1.0008e+12
1.21361e+12
1.24212e+12
1.263e+12
1.4272e+12
1.15561e+12
1.11497e+12
1.34973e+12
1.22356e+12
1.20997e+12
1.16634e+12
1.25998e+13
1.05161e+13
2.7003e+12
6.00147e+12
3.74928e+13
1.92398e+13
1.00757e+13
3.45084e+12
3.73859e+13
3.75461e+13
7.63208e+13
1.10171e+14
7.69312e+13
1.28938e+14
1.39999e+14
1.93202e+14
2.57641e+14
1.48637e+14
5.96343e+13
5.27623e+13
2.28457e+13
3.27545e+13
4.06813e+13
7.29715e+13
9.34555e+13
8.1645e+13
1.15938e+14
2.63024e+14
1.38417e+14
6.2882e+13
7.98903e+13
8.30512e+13
2.26414e+14
1.19106e+14
3.34878e+14
4.50641e+14
2.63492e+14
2.12893e+14
2.40702e+14
1.97889e+14
2.53163e+14
3.06008e+14
1.79892e+14
1.34815e+14
2.70163e+14
1.15873e+14
1.66682e+14
1.53097e+14
5.10899e+13
7.0921e+13
7.42017e+11
1.11764e+12
5.1817e+16
5.98159e+16
5.43253e+16
6.21703e+16
5.26176e+16
6.14309e+16
6.5319e+16
7.38053e+16
7.06852e+16
7.24443e+16
6.9885e+16
8.31374e+16
7.91702e+16
7.14896e+16
5.7327e+16
6.64737e+16
6.03724e+16
4.88204e+16
3.31527e+16
4.07969e+16
4.20693e+16
4.31884e+16
4.5827e+16
5.12472e+16
5.83099e+16
7.6626e+16
8.35332e+16
1.17737e+17
1.91124e+17
2.66166e+17
2.7761e+17
3.11401e+17
3.44916e+17
3.49847e+17
4.19588e+17
4.64892e+17
5.12082e+17
5.51887e+17
5.97761e+17
6.72435e+17
7.63494e+17
8.18146e+17
1.0249e+18
1.26456e+18
1.81272e+18
2.36981e+18
5.61812e+18
1.43335e+19
9.70115e+18
6.3046e+18
3.33668e+18
2.81706e+18
2.03872e+18
1.82209e+18
1.28977e+18
1.19447e+18
8.89951e+17
8.37187e+17
6.68326e+17
6.68684e+17
5.38397e+17
5.21371e+17
4.15928e+17
4.12878e+17
3.82333e+17
3.73167e+17
3.2881e+17
3.25874e+17
2.90644e+17
3.09355e+17
2.47777e+17
2.47431e+17
2.03433e+17
2.21188e+17
1.71097e+17
1.79401e+17
1.4461e+17
1.3682e+17
8.66234e+16
9.29677e+16
5.92654e+16
5.72586e+16
4.01226e+16
4.2659e+16
3.86112e+16
4.50441e+16
3.59523e+16
4.65804e+16
3.12673e+16
3.95821e+16
3.49188e+16
3.89978e+16
4.12086e+16
4.1899e+16
3.98249e+16
4.24656e+16
8.19748e+13
4.32084e+13
7.19047e+13
7.40332e+13
1.59685e+14
2.22431e+14
2.82994e+14
3.23163e+14
2.26543e+14
2.02786e+14
3.15483e+14
4.55197e+14
2.49667e+14
2.35454e+14
1.53934e+14
2.13205e+14
8.34093e+13
8.70307e+13
7.30206e+13
3.8001e+13
2.93352e+13
1.4071e+13
7.62821e+12
3.22764e+13
1.69993e+12
1.55364e+12
1.31856e+12
1.28887e+12
1.31276e+12
4.1385e+12
1.59921e+13
1.152e+12
1.23514e+12
9.48269e+11
1.16224e+12
1.17468e+12
1.24259e+12
1.36337e+12
3.18742e+12
1.1437e+12
1.36587e+12
1.14412e+12
2.34959e+12
1.21399e+12
1.09492e+13
1.24832e+13
2.87892e+13
2.29573e+13
3.72787e+13
2.53584e+13
1.23029e+13
3.76009e+12
3.87986e+13
3.6631e+13
1.42925e+14
1.99447e+14
9.35131e+13
1.30605e+14
1.2984e+14
2.11004e+14
1.72448e+14
1.38889e+14
5.99893e+13
8.07919e+13
2.37144e+13
3.61435e+13
4.89197e+13
6.61791e+13
7.14616e+13
1.02698e+14
5.62913e+13
1.75236e+14
1.87222e+14
6.50512e+13
6.09542e+13
9.64193e+13
1.8461e+14
2.84413e+14
3.26613e+14
3.72962e+14
4.84779e+14
3.07806e+14
3.0076e+14
2.71682e+14
2.48606e+14
3.47679e+14
1.91414e+14
2.02282e+14
2.14736e+14
1.97279e+14
1.56753e+14
1.30792e+14
1.11781e+14
9.24012e+13
4.59558e+14
1.48793e+12
3.49871e+16
4.25015e+16
3.62734e+16
4.83182e+16
4.08878e+16
4.13703e+16
4.61044e+16
6.00742e+16
5.34478e+16
5.62575e+16
5.59257e+16
6.68501e+16
6.47791e+16
6.38115e+16
4.68435e+16
5.71339e+16
5.09832e+16
4.17109e+16
3.35652e+16
3.34721e+16
3.87376e+16
4.30033e+16
4.56844e+16
4.34309e+16
4.56883e+16
5.56203e+16
7.82314e+16
8.38815e+16
1.50064e+17
2.11728e+17
2.64273e+17
2.71633e+17
3.03907e+17
3.3124e+17
3.55625e+17
4.21361e+17
4.67625e+17
5.27135e+17
5.7894e+17
6.13219e+17
6.60845e+17
8.09456e+17
9.30667e+17
1.14207e+18
1.80285e+18
2.30834e+18
5.99907e+18
1.3107e+19
1.0581e+19
6.4695e+18
3.14858e+18
2.64426e+18
1.78014e+18
1.59051e+18
1.23615e+18
1.01251e+18
7.72402e+17
7.46019e+17
5.74825e+17
5.89234e+17
4.22996e+17
4.59461e+17
3.46887e+17
3.53559e+17
3.19483e+17
3.17568e+17
2.72702e+17
2.92896e+17
2.35274e+17
2.32626e+17
2.00124e+17
2.03527e+17
1.67875e+17
1.83643e+17
1.34953e+17
1.39174e+17
1.21024e+17
9.86752e+16
6.54008e+16
7.11165e+16
4.61531e+16
4.43e+16
2.93127e+16
2.75172e+16
2.81958e+16
3.33671e+16
2.80905e+16
2.68054e+16
1.77084e+16
2.13759e+16
2.41964e+16
2.97406e+16
2.32604e+16
2.56758e+16
2.09719e+16
2.58804e+16
1.55701e+14
9.07976e+13
9.28137e+13
1.40137e+14
1.22996e+14
1.53623e+14
3.77535e+14
3.12132e+14
4.03252e+14
2.65238e+14
4.40718e+14
4.383e+14
3.06062e+14
2.04064e+14
2.04612e+14
2.4516e+14
1.00351e+14
8.78317e+13
6.74882e+13
6.29729e+13
3.46883e+13
7.23904e+13
7.68292e+12
3.2383e+13
1.9865e+12
5.56025e+12
1.43057e+12
1.17845e+12
1.08665e+12
1.16353e+12
1.82883e+13
1.78589e+12
1.1791e+12
1.08703e+12
1.15244e+12
1.21299e+12
1.35901e+12
1.99329e+13
3.75479e+13
1.29949e+13
1.32439e+12
1.1695e+12
2.16564e+13
1.38019e+13
2.24897e+13
1.60019e+13
6.24342e+13
7.45495e+13
3.4764e+13
2.6553e+13
1.22674e+13
3.82429e+12
5.29106e+13
5.2188e+13
1.37935e+14
1.61402e+14
9.45738e+13
1.29622e+14
1.30824e+14
1.56945e+14
2.22814e+14
1.1735e+14
6.68939e+13
1.03042e+14
3.22111e+13
3.59022e+13
5.02336e+13
6.91862e+13
6.06338e+13
1.02026e+14
4.94398e+13
1.4554e+14
1.64926e+14
8.23551e+13
5.64798e+13
1.48032e+14
1.80823e+14
1.25919e+14
3.78993e+14
4.17881e+14
4.24827e+14
4.15073e+14
3.34977e+14
3.14735e+14
1.6747e+14
2.71145e+14
4.043e+14
2.58938e+14
2.82856e+14
1.76993e+14
1.25889e+14
1.78251e+14
4.81393e+13
3.988e+13
1.13753e+13
4.8181e+14
2.6348e+16
2.74928e+16
2.77754e+16
2.89154e+16
2.86981e+16
2.93935e+16
3.2409e+16
4.46418e+16
4.35858e+16
4.55655e+16
4.02801e+16
5.103e+16
5.20497e+16
5.55619e+16
4.85996e+16
4.68503e+16
3.82356e+16
3.84016e+16
2.72011e+16
3.04534e+16
3.91228e+16
3.4649e+16
3.90897e+16
5.32243e+16
3.92207e+16
4.47143e+16
5.30164e+16
6.78905e+16
1.40461e+17
1.8843e+17
2.28551e+17
2.57809e+17
3.0354e+17
3.11843e+17
3.58657e+17
3.6583e+17
4.24322e+17
4.72793e+17
4.82406e+17
5.3751e+17
5.80538e+17
7.09019e+17
8.8431e+17
1.07958e+18
1.72911e+18
2.29136e+18
6.15833e+18
1.21392e+19
1.03093e+19
6.36454e+18
2.99388e+18
2.42771e+18
1.5535e+18
1.36231e+18
1.05119e+18
9.20162e+17
6.35671e+17
6.43581e+17
4.83826e+17
4.63844e+17
3.71555e+17
3.46762e+17
2.85076e+17
2.93121e+17
2.64435e+17
2.48544e+17
2.32618e+17
2.42967e+17
2.05444e+17
2.09275e+17
1.67933e+17
1.60364e+17
1.34123e+17
1.42095e+17
1.21254e+17
1.06178e+17
9.18936e+16
8.01244e+16
5.37743e+16
5.16494e+16
3.88369e+16
3.52155e+16
2.34286e+16
2.19386e+16
1.93279e+16
2.49275e+16
2.24284e+16
2.15883e+16
1.3722e+16
1.60378e+16
1.63612e+16
2.05542e+16
1.81742e+16
1.93696e+16
1.39918e+16
1.40644e+16
3.54288e+13
6.09953e+13
5.4579e+13
9.60484e+13
1.49884e+14
1.85309e+14
3.6408e+14
3.15635e+14
3.86625e+14
3.1186e+14
3.28277e+14
5.11093e+14
2.70678e+14
2.51969e+14
2.38576e+14
3.656e+14
2.21486e+14
3.89681e+14
5.94137e+13
8.3935e+13
3.66352e+13
7.44764e+13
7.84283e+12
3.2311e+13
2.44619e+12
4.17897e+12
1.92556e+12
1.42679e+12
1.15562e+12
1.14635e+12
1.75813e+13
2.51303e+12
1.34635e+12
1.20584e+12
1.14612e+12
1.28582e+12
5.38206e+12
2.61617e+12
6.86305e+13
2.70575e+13
1.54956e+12
1.1719e+12
1.2873e+13
1.19707e+13
3.04295e+13
8.02594e+13
7.81718e+13
4.51739e+13
3.58622e+13
2.77438e+13
1.33157e+13
4.41688e+12
7.52584e+13
9.76601e+13
2.18706e+14
2.37005e+14
1.44535e+14
1.41264e+14
1.77644e+14
2.38588e+14
3.23537e+14
1.92163e+14
8.66817e+13
1.58169e+14
3.54878e+13
3.97539e+13
5.63275e+13
6.85464e+13
9.17313e+13
7.79938e+13
6.55189e+13
1.20355e+14
1.13374e+14
7.82209e+13
4.91982e+13
1.69227e+14
2.25407e+14
1.4098e+14
3.44417e+14
4.3007e+14
3.96701e+14
3.99737e+14
4.53349e+14
3.24533e+14
1.90535e+14
3.45986e+14
4.29685e+14
2.9638e+14
4.41394e+14
2.57853e+14
1.98941e+14
1.27004e+14
3.70136e+13
5.45694e+13
8.32372e+12
2.25818e+13
1.5877e+16
1.57505e+16
1.86868e+16
2.13045e+16
1.76784e+16
2.2584e+16
1.96313e+16
3.02223e+16
3.55735e+16
3.56267e+16
3.51872e+16
3.89239e+16
4.63784e+16
5.03308e+16
4.46325e+16
4.05991e+16
3.00339e+16
3.31206e+16
2.7277e+16
2.90023e+16
3.0783e+16
2.76713e+16
3.02786e+16
3.72345e+16
4.10111e+16
3.87589e+16
5.0906e+16
6.34053e+16
1.22738e+17
1.67526e+17
1.9102e+17
2.2082e+17
2.59894e+17
2.6785e+17
3.06111e+17
3.23551e+17
3.94002e+17
3.90843e+17
4.24579e+17
4.90498e+17
5.79194e+17
6.14486e+17
8.64568e+17
1.02748e+18
1.65713e+18
2.31717e+18
6.69009e+18
1.1556e+19
1.02049e+19
4.93377e+18
2.68495e+18
2.21756e+18
1.35693e+18
1.22154e+18
7.95801e+17
6.95154e+17
5.22981e+17
4.60242e+17
4.02751e+17
3.76707e+17
3.13425e+17
2.95082e+17
2.27277e+17
2.44326e+17
2.01591e+17
2.18419e+17
1.91479e+17
1.92818e+17
1.564e+17
1.6349e+17
1.39538e+17
1.21261e+17
1.00789e+17
1.00166e+17
9.7245e+16
1.04837e+17
7.54441e+16
6.6907e+16
3.8888e+16
3.81985e+16
2.9467e+16
2.80493e+16
2.16668e+16
2.02651e+16
1.69587e+16
1.98726e+16
1.66498e+16
1.81676e+16
1.07834e+16
9.72059e+15
8.73625e+15
1.36374e+16
1.05229e+16
1.11463e+16
1.15717e+16
9.75008e+15
3.14406e+13
3.87223e+13
1.30237e+14
1.31947e+14
1.69407e+14
2.17826e+14
5.22882e+14
4.05679e+14
3.91176e+14
3.74955e+14
4.47559e+14
5.78752e+14
2.42702e+14
2.40201e+14
2.4992e+14
2.5171e+14
1.22076e+14
1.29725e+14
6.84714e+13
9.20274e+13
3.46169e+13
7.76377e+13
1.19749e+13
3.4054e+13
3.0083e+12
3.82262e+12
1.96702e+12
1.32872e+12
1.24025e+12
1.23439e+12
1.69643e+13
2.96833e+12
1.42118e+12
1.27526e+12
1.30272e+12
1.52232e+12
1.77337e+13
1.07277e+13
1.62142e+13
1.34114e+14
4.57849e+13
7.83102e+12
7.05053e+12
6.70831e+12
4.19954e+13
1.30468e+14
5.34742e+13
2.28383e+13
3.00268e+13
4.22398e+13
4.33135e+13
3.09698e+13
6.6087e+13
1.35306e+14
2.81636e+14
2.41873e+14
1.70284e+14
1.74566e+14
1.95716e+14
1.96173e+14
4.13697e+14
2.22599e+14
1.95372e+14
1.10169e+14
1.09156e+14
3.85941e+13
6.19865e+13
1.12964e+14
1.99028e+14
1.0435e+14
7.98031e+13
1.31051e+14
1.36723e+14
1.29008e+14
5.58032e+13
1.61251e+14
3.87427e+14
2.50309e+14
3.69328e+14
4.25021e+14
6.01799e+14
4.7528e+14
4.57943e+14
4.8334e+14
3.49986e+14
3.92296e+14
4.50215e+14
3.55509e+14
2.97957e+14
2.98578e+14
1.53767e+14
7.81545e+13
3.94092e+13
3.43216e+13
7.04865e+13
4.42935e+12
8.871e+15
9.47888e+15
1.00039e+16
1.2068e+16
1.01101e+16
1.61685e+16
1.42432e+16
1.61466e+16
2.19035e+16
2.87124e+16
2.48084e+16
2.8163e+16
3.63192e+16
4.20701e+16
3.21604e+16
3.51616e+16
2.84509e+16
3.20005e+16
2.77494e+16
2.35876e+16
2.87907e+16
2.35003e+16
2.94801e+16
2.81803e+16
3.11577e+16
4.10746e+16
4.16221e+16
5.37195e+16
1.0353e+17
1.48993e+17
1.69272e+17
1.85988e+17
2.27643e+17
2.4211e+17
2.61283e+17
3.03476e+17
3.4598e+17
3.50126e+17
3.82815e+17
4.23837e+17
4.65587e+17
5.31589e+17
7.46167e+17
9.51943e+17
1.49852e+18
2.22579e+18
7.24651e+18
1.12755e+19
9.81e+18
4.93899e+18
2.4512e+18
1.87148e+18
1.12627e+18
9.97034e+17
6.10379e+17
5.55028e+17
4.19396e+17
3.95554e+17
3.15672e+17
3.0587e+17
2.4996e+17
2.58694e+17
1.67727e+17
1.90401e+17
1.57248e+17
1.74844e+17
1.50982e+17
1.45555e+17
1.21415e+17
1.20193e+17
8.99284e+16
9.36403e+16
7.10286e+16
8.16242e+16
6.58473e+16
7.34126e+16
5.94453e+16
5.35714e+16
2.61904e+16
2.72666e+16
2.00958e+16
1.78262e+16
1.70936e+16
1.60909e+16
1.01251e+16
1.62292e+16
1.01949e+16
1.12109e+16
6.08982e+15
7.47778e+15
7.66714e+15
8.71866e+15
6.22972e+15
8.94463e+15
3.72418e+15
6.5414e+15
3.21417e+13
6.13198e+13
1.45986e+14
2.82324e+14
2.76743e+14
2.88068e+14
6.58328e+14
4.89314e+14
5.88526e+14
6.6267e+14
6.61361e+14
6.26238e+14
3.15246e+14
2.94028e+14
2.74085e+14
2.37177e+14
2.08363e+14
1.54378e+14
8.76703e+13
9.22517e+13
2.32274e+13
9.04343e+13
1.30104e+13
4.16438e+13
5.10533e+12
9.45862e+12
2.1426e+12
1.52132e+12
1.32926e+12
1.28929e+12
1.64853e+13
3.67068e+12
1.46049e+12
1.23253e+12
9.59914e+12
9.86063e+12
3.00464e+12
3.45428e+12
1.10816e+13
2.91707e+13
4.78278e+13
1.76432e+13
8.14238e+12
6.00733e+12
4.70347e+13
1.18352e+14
4.89971e+13
2.26015e+13
8.98671e+13
9.57666e+13
2.58499e+13
1.25678e+14
7.98612e+13
1.98115e+14
3.03708e+14
2.66513e+14
1.96743e+14
2.11393e+14
4.78499e+14
2.81072e+14
4.01104e+14
2.91932e+14
2.39165e+14
1.27751e+14
1.16423e+14
5.99487e+13
7.22221e+13
5.79515e+13
1.71115e+14
1.22983e+14
9.02373e+13
1.31273e+14
1.2017e+14
1.16191e+14
7.33839e+13
1.1266e+14
4.75053e+14
2.93094e+14
3.70569e+14
5.28404e+14
8.82097e+14
7.42963e+14
3.80372e+14
4.31317e+14
4.13735e+14
3.05627e+14
5.85377e+14
3.71975e+14
3.47843e+14
3.23418e+14
2.57681e+14
1.40125e+14
9.1495e+13
1.13258e+14
6.79142e+13
2.27655e+13
3.9465e+15
7.11541e+15
4.32869e+15
7.40202e+15
6.42529e+15
7.40956e+15
9.1561e+15
1.06995e+16
1.29855e+16
1.9453e+16
1.81684e+16
2.21927e+16
2.2212e+16
2.83942e+16
2.79464e+16
2.56627e+16
2.42765e+16
2.29367e+16
2.10927e+16
2.44665e+16
2.71309e+16
2.03032e+16
2.19661e+16
2.414e+16
2.60593e+16
2.77586e+16
3.70939e+16
4.85757e+16
7.63596e+16
1.22732e+17
1.4518e+17
1.5819e+17
1.99133e+17
2.12974e+17
2.23811e+17
2.59821e+17
2.98315e+17
2.93798e+17
3.44485e+17
3.75956e+17
4.08853e+17
4.7696e+17
6.43018e+17
8.31077e+17
1.41371e+18
2.00892e+18
8.2324e+18
1.11693e+19
9.60474e+18
4.68355e+18
2.0666e+18
1.6009e+18
9.2336e+17
7.90968e+17
4.75018e+17
4.39572e+17
3.56102e+17
3.11442e+17
2.70384e+17
2.39219e+17
1.72325e+17
1.8029e+17
1.53381e+17
1.49896e+17
1.20954e+17
1.2686e+17
1.05541e+17
1.19103e+17
9.52923e+16
9.6932e+16
6.09827e+16
6.08513e+16
6.04164e+16
6.27146e+16
6.00706e+16
5.99862e+16
3.78162e+16
4.18525e+16
1.64947e+16
2.18462e+16
1.22905e+16
1.41546e+16
1.03065e+16
9.7709e+15
7.11165e+15
7.34688e+15
6.65168e+15
6.06594e+15
3.28028e+15
4.05679e+15
3.93065e+15
5.44797e+15
4.12908e+15
5.48539e+15
3.97032e+15
2.98475e+15
1.27781e+14
2.19716e+14
1.85589e+14
2.93079e+14
4.14837e+14
4.75761e+14
7.90023e+14
7.00618e+14
7.24454e+14
7.997e+14
6.50906e+14
7.33229e+14
4.67569e+14
3.2759e+14
3.04042e+14
2.41934e+14
2.12196e+14
2.26463e+14
8.8304e+13
9.35048e+13
8.4167e+13
1.45015e+14
2.44e+13
4.07949e+13
1.1833e+13
9.58361e+12
1.53012e+13
5.83029e+12
1.59243e+12
1.53481e+12
1.61383e+13
4.57415e+12
1.419e+12
1.43377e+12
9.24852e+12
1.22308e+13
9.23865e+12
1.5167e+12
1.15441e+13
2.12551e+13
2.09111e+13
8.32836e+12
5.57788e+12
5.10205e+12
5.38921e+13
1.17505e+14
5.37301e+13
5.40735e+13
4.37711e+13
3.90436e+13
3.61517e+13
7.98495e+13
8.6064e+13
2.77534e+14
3.54117e+14
3.45199e+14
4.67247e+14
2.62278e+14
4.85261e+14
5.01625e+14
6.21077e+14
3.94943e+14
2.95508e+14
1.98761e+14
1.09845e+14
7.74003e+13
1.41945e+14
6.22033e+13
3.89706e+14
2.02439e+14
1.37153e+14
1.36799e+14
1.19016e+14
1.25342e+14
1.0355e+14
1.60352e+14
5.72986e+14
5.48306e+14
5.516e+14
5.58489e+14
8.67912e+14
8.07484e+14
4.36259e+14
4.25089e+14
5.47476e+14
4.25687e+14
7.65574e+14
4.08946e+14
4.80655e+14
3.91598e+14
2.6457e+14
1.94544e+14
9.01716e+13
6.05254e+13
1.02548e+14
1.49508e+14
2.00935e+15
3.13631e+15
3.35832e+15
4.2792e+15
4.01906e+15
3.77694e+15
5.50275e+15
7.62915e+15
8.52682e+15
1.16014e+16
1.54542e+16
1.88388e+16
1.70738e+16
2.03674e+16
2.16566e+16
2.19915e+16
1.34947e+16
1.82932e+16
1.84955e+16
1.69559e+16
2.07903e+16
2.25272e+16
1.83748e+16
2.2305e+16
1.75177e+16
2.02033e+16
3.00581e+16
4.12634e+16
6.34491e+16
9.95767e+16
1.32404e+17
1.41301e+17
1.73965e+17
1.88882e+17
2.02825e+17
2.23792e+17
2.65063e+17
2.72121e+17
2.88188e+17
3.20519e+17
3.75967e+17
4.35438e+17
5.54999e+17
6.83872e+17
1.16783e+18
1.85352e+18
8.9228e+18
1.11168e+19
9.30142e+18
4.28613e+18
1.71618e+18
1.31342e+18
7.09945e+17
6.27186e+17
3.94457e+17
3.51013e+17
2.84721e+17
2.7475e+17
1.95063e+17
1.91788e+17
1.18773e+17
1.43152e+17
1.14981e+17
1.22107e+17
8.86518e+16
9.41638e+16
6.93781e+16
8.50288e+16
6.99283e+16
7.33396e+16
5.03469e+16
4.74872e+16
4.48008e+16
4.7603e+16
4.53416e+16
4.53955e+16
2.29924e+16
2.33589e+16
1.23725e+16
1.43574e+16
8.56365e+15
9.87944e+15
5.9421e+15
5.92613e+15
2.85971e+15
4.83808e+15
4.31692e+15
4.59154e+15
1.42127e+15
2.57191e+15
2.50501e+15
3.27383e+15
1.09674e+15
2.57915e+15
1.91837e+15
2.04135e+15
1.9575e+14
2.15253e+14
2.38044e+14
3.04e+14
6.35818e+14
7.32053e+14
1.2549e+15
1.0659e+15
1.0838e+15
1.06838e+15
9.87849e+14
8.00411e+14
6.06891e+14
5.70597e+14
3.73995e+14
3.13354e+14
2.21259e+14
2.13136e+14
1.12971e+14
8.92043e+13
7.43343e+13
3.45302e+14
4.51486e+13
7.93094e+13
5.60768e+13
1.90004e+13
1.2989e+13
3.05796e+13
1.91132e+12
1.76835e+12
1.55582e+13
5.18913e+12
6.74543e+12
2.05981e+12
1.04382e+13
3.5489e+12
6.4847e+12
7.40465e+12
2.20591e+13
2.06157e+13
1.69968e+13
1.41993e+13
6.40202e+12
4.68314e+12
6.47885e+13
1.2351e+14
5.08507e+13
5.76281e+13
2.73558e+13
2.28309e+13
3.56953e+13
8.10911e+13
1.29359e+14
3.4567e+14
5.96907e+14
4.12475e+14
4.96284e+14
4.81941e+14
5.34517e+14
4.77883e+14
8.53299e+14
6.81164e+14
5.73745e+14
2.43126e+14
1.07612e+14
8.9886e+13
2.33225e+14
2.00283e+14
3.13286e+14
3.5114e+14
2.35219e+14
1.29362e+14
2.24349e+14
1.54547e+14
1.2609e+14
2.00745e+14
8.36269e+14
4.53654e+14
6.47441e+14
6.85754e+14
9.4529e+14
8.45394e+14
6.64677e+14
6.15918e+14
4.32307e+14
6.51369e+14
8.78698e+14
5.16578e+14
7.88506e+14
7.16083e+14
3.87826e+14
2.44718e+14
1.45003e+14
9.84223e+13
3.79379e+13
4.51568e+13
1.06019e+15
1.3428e+15
1.81929e+15
3.01045e+15
1.89702e+15
3.61947e+15
4.46605e+15
4.37476e+15
7.20352e+15
9.65363e+15
1.13203e+16
1.40685e+16
1.49108e+16
1.65628e+16
1.8619e+16
2.26681e+16
1.23522e+16
1.05089e+16
1.73178e+16
1.5565e+16
1.49632e+16
1.98814e+16
1.64601e+16
1.7352e+16
1.58294e+16
1.61494e+16
2.41351e+16
3.30473e+16
5.51723e+16
8.39933e+16
1.12843e+17
1.24874e+17
1.52375e+17
1.60343e+17
1.59653e+17
1.90642e+17
2.21807e+17
2.37666e+17
2.348e+17
2.7693e+17
3.10882e+17
3.64197e+17
4.49059e+17
5.7499e+17
1.01891e+18
1.58284e+18
9.50617e+18
1.11184e+19
8.61178e+18
3.89963e+18
1.28402e+18
1.0275e+18
5.28068e+17
4.45513e+17
3.14172e+17
2.87238e+17
2.09236e+17
2.0541e+17
1.38519e+17
1.33477e+17
1.14432e+17
1.12163e+17
9.53266e+16
9.05294e+16
6.58667e+16
7.15964e+16
5.10467e+16
5.74345e+16
4.93841e+16
6.10011e+16
4.09769e+16
4.60677e+16
2.90647e+16
3.69239e+16
2.91454e+16
2.85119e+16
1.57712e+16
1.81038e+16
1.24268e+16
9.98215e+15
6.48736e+15
7.07457e+15
4.54516e+15
3.98181e+15
1.40753e+15
2.82371e+15
2.28241e+15
2.91351e+15
1.56335e+15
2.07958e+15
9.95556e+14
1.50806e+15
1.062e+15
9.98557e+14
6.96525e+14
4.43146e+14
1.61694e+14
8.78952e+13
3.02774e+14
4.64493e+14
1.15538e+15
1.12845e+15
1.61551e+15
1.58098e+15
1.54579e+15
1.4752e+15
1.48004e+15
1.13507e+15
9.64691e+14
6.80079e+14
5.49846e+14
3.36134e+14
2.81678e+14
2.12636e+14
1.57409e+14
1.67176e+14
2.75575e+14
2.80164e+14
5.03864e+13
8.14826e+13
3.99804e+13
4.53663e+13
1.38585e+13
3.3837e+13
2.04915e+13
4.69764e+12
1.71184e+13
1.42182e+13
3.73327e+12
8.36608e+12
1.25406e+13
7.84215e+12
1.31964e+13
3.43336e+13
1.91141e+13
2.2826e+13
2.19115e+13
1.63855e+13
1.24557e+13
1.27034e+13
8.50445e+13
1.38582e+14
1.93852e+13
1.21575e+13
3.43205e+13
2.36491e+13
3.54483e+13
8.05968e+13
1.78475e+14
4.67226e+14
8.7244e+14
5.44882e+14
7.31829e+14
6.5336e+14
7.28666e+14
7.09893e+14
9.03142e+14
6.3732e+14
9.67154e+14
4.65205e+14
1.41037e+14
9.97146e+13
2.83588e+14
1.83676e+14
2.99655e+14
2.41386e+14
3.94296e+14
2.79213e+14
4.16765e+14
3.53951e+14
1.89887e+14
3.26281e+14
8.53214e+14
7.35233e+14
9.32258e+14
1.0058e+15
1.11976e+15
1.06873e+15
9.77799e+14
8.3572e+14
7.74652e+14
6.89629e+14
1.17954e+15
9.57094e+14
1.31164e+15
8.67828e+14
8.73574e+14
3.28702e+14
2.18995e+14
1.65103e+14
1.42743e+14
8.94254e+13
1.88775e+14
4.7089e+14
7.24052e+14
1.97858e+15
1.33164e+15
1.99888e+15
3.03659e+15
3.64944e+15
3.22526e+15
4.09998e+15
7.65016e+15
9.50247e+15
8.86799e+15
1.36675e+16
1.55235e+16
1.95287e+16
1.32418e+16
1.0068e+16
1.23286e+16
1.267e+16
8.16448e+15
1.2834e+16
1.44306e+16
1.55376e+16
1.39366e+16
1.40047e+16
2.26014e+16
2.89783e+16
4.19637e+16
6.76632e+16
9.61912e+16
1.11052e+17
1.2348e+17
1.43335e+17
1.38307e+17
1.59531e+17
1.9007e+17
1.92491e+17
1.9999e+17
2.25182e+17
2.56162e+17
2.98224e+17
4.01541e+17
4.9708e+17
8.56886e+17
1.36215e+18
8.13093e+18
1.26604e+19
7.96982e+18
3.27543e+18
1.02214e+18
7.76542e+17
3.93156e+17
3.54087e+17
2.30894e+17
2.07785e+17
1.48326e+17
1.58798e+17
1.07935e+17
1.14136e+17
7.60255e+16
9.5786e+16
7.56528e+16
6.93509e+16
4.75315e+16
5.01919e+16
3.58697e+16
4.3738e+16
3.55333e+16
3.71826e+16
2.94377e+16
3.42764e+16
1.76385e+16
2.12538e+16
2.02606e+16
2.00223e+16
1.24852e+16
1.57046e+16
7.03972e+15
7.26456e+15
5.34606e+15
4.48597e+15
3.6244e+15
2.99886e+15
1.4084e+15
2.22538e+15
1.8417e+15
1.28826e+15
9.73512e+14
9.7906e+14
9.77783e+14
6.95952e+14
6.60119e+14
4.86062e+14
4.05139e+14
2.7892e+14
2.85758e+14
4.54827e+14
6.17164e+14
6.46587e+14
1.53158e+15
1.95299e+15
2.67079e+15
2.30033e+15
2.27856e+15
2.37323e+15
2.02079e+15
1.69524e+15
1.38488e+15
1.004e+15
4.66342e+14
2.94703e+14
3.38412e+14
2.44503e+14
2.21688e+14
1.939e+14
4.18937e+14
3.88773e+14
1.30088e+14
8.9235e+13
3.94855e+13
4.16779e+13
2.55663e+13
3.89468e+13
3.59179e+13
3.91583e+13
1.96033e+13
2.05301e+13
5.32327e+13
1.68486e+13
1.91205e+13
5.4617e+13
3.7019e+13
3.60712e+13
2.49097e+13
3.26816e+13
3.67814e+12
9.10932e+13
1.78991e+13
1.11521e+13
1.2001e+14
1.47482e+14
1.67465e+13
1.46428e+13
6.08712e+13
3.06376e+13
3.68049e+13
8.08507e+13
3.4766e+14
8.32832e+14
1.24077e+15
1.17116e+15
1.0819e+15
1.03879e+15
1.17342e+15
1.12528e+15
1.05687e+15
8.23503e+14
1.24824e+15
5.99663e+14
3.0605e+14
2.04846e+14
4.68476e+14
2.33736e+14
2.5849e+14
2.91356e+14
2.06355e+14
2.09625e+14
7.72919e+14
4.84406e+14
2.35543e+14
6.07164e+14
1.11734e+15
8.97528e+14
1.76934e+15
1.47225e+15
1.7356e+15
1.46963e+15
1.58823e+15
1.00839e+15
1.35959e+15
1.05112e+15
1.77818e+15
1.67449e+15
2.54507e+15
1.73468e+15
1.51098e+15
8.75529e+14
2.56312e+14
1.2406e+14
1.25086e+14
1.64661e+14
2.78183e+14
4.11104e+14
8.407e+14
1.2604e+15
4.87258e+14
1.8396e+15
2.12666e+15
3.17416e+15
2.3338e+15
3.50831e+15
3.86358e+15
5.77918e+15
7.19077e+15
9.04854e+15
1.32907e+16
1.51349e+16
1.34346e+16
9.99485e+15
1.06007e+16
1.26724e+16
8.49367e+15
1.17535e+16
1.18895e+16
1.40038e+16
1.3027e+16
1.12252e+16
1.57577e+16
2.83998e+16
3.6815e+16
5.19591e+16
7.28793e+16
8.75225e+16
1.05365e+17
1.20965e+17
1.20843e+17
1.30387e+17
1.7803e+17
1.80486e+17
1.68969e+17
2.04026e+17
2.21185e+17
2.54533e+17
3.3096e+17
4.21204e+17
7.24407e+17
1.17588e+18
6.93427e+18
1.4322e+19
6.90177e+18
2.75e+18
7.36316e+17
5.73551e+17
2.88402e+17
2.54676e+17
1.65474e+17
1.46255e+17
1.10481e+17
1.13995e+17
8.04512e+16
8.31571e+16
5.5301e+16
6.23413e+16
5.53278e+16
5.43026e+16
3.87672e+16
3.76333e+16
2.91297e+16
2.73269e+16
2.9663e+16
2.5013e+16
1.99575e+16
2.37212e+16
1.47355e+16
1.63619e+16
1.53709e+16
1.81469e+16
1.17634e+16
1.15611e+16
6.71654e+15
3.04643e+15
2.90609e+15
3.43485e+15
3.19467e+15
3.29738e+15
1.52895e+15
1.10765e+15
9.1644e+14
1.05426e+15
3.25019e+14
3.01615e+14
6.27843e+14
6.63349e+14
2.86813e+14
2.60033e+14
1.78217e+14
3.11592e+14
2.29531e+14
3.93453e+14
1.10772e+15
1.25602e+15
2.76791e+15
3.04146e+15
4.2187e+15
3.64848e+15
4.22891e+15
3.75446e+15
2.9088e+15
2.40812e+15
2.26505e+15
1.45038e+15
9.55961e+14
5.1229e+14
4.56554e+14
3.73184e+14
3.02603e+14
3.5336e+14
2.71486e+14
3.40376e+14
2.0917e+14
1.49355e+14
9.72812e+13
5.71149e+13
3.9664e+13
2.97768e+13
4.01425e+13
4.39665e+13
4.19992e+13
3.02476e+13
1.27355e+14
6.54587e+13
8.1651e+13
6.29602e+13
4.54282e+13
4.44195e+13
1.09143e+14
5.05635e+13
1.58146e+13
8.94077e+12
6.412e+13
2.60343e+13
1.78482e+14
1.63378e+14
3.13408e+13
3.02523e+13
1.64241e+14
1.21987e+14
8.54494e+13
1.0241e+14
5.61113e+14
1.38092e+15
1.72457e+15
1.24556e+15
1.81623e+15
1.3127e+15
2.02216e+15
1.5869e+15
1.4283e+15
1.16663e+15
1.27542e+15
8.32022e+14
5.60578e+14
3.95022e+14
4.10937e+14
3.20798e+14
3.26361e+14
2.64333e+14
2.34994e+14
3.04784e+14
7.35851e+14
7.52144e+14
6.82573e+14
9.05903e+14
1.82088e+15
1.51891e+15
2.47423e+15
2.23076e+15
2.78222e+15
2.60527e+15
2.43896e+15
1.74614e+15
2.12246e+15
1.85026e+15
2.79049e+15
2.95622e+15
4.16376e+15
3.48259e+15
3.26994e+15
1.65678e+15
1.09036e+15
3.48649e+14
3.40486e+14
2.6231e+14
3.94326e+14
2.55899e+14
5.59617e+14
7.20213e+14
5.7288e+14
1.45058e+15
1.63734e+15
3.03493e+15
1.86086e+15
1.71844e+15
3.08841e+15
4.29177e+15
4.04344e+15
6.81701e+15
8.72168e+15
1.09233e+16
8.00306e+15
9.74935e+15
7.16005e+15
8.97876e+15
6.91615e+15
8.66578e+15
1.27927e+16
1.3937e+16
1.49634e+16
1.11417e+16
1.168e+16
1.64348e+16
2.60237e+16
4.18188e+16
5.8614e+16
6.12854e+16
8.72455e+16
9.96012e+16
1.06852e+17
1.11469e+17
1.4734e+17
1.63858e+17
1.57521e+17
1.77693e+17
1.73767e+17
1.97514e+17
2.57623e+17
3.36159e+17
5.57138e+17
9.95285e+17
5.1608e+18
1.40975e+19
6.05588e+18
2.17825e+18
5.95515e+17
4.28809e+17
2.19635e+17
2.03313e+17
1.44339e+17
1.1382e+17
9.80619e+16
8.98031e+16
6.72702e+16
6.17717e+16
4.19914e+16
4.52659e+16
4.23719e+16
3.5224e+16
3.23741e+16
3.29534e+16
1.73793e+16
2.70361e+16
2.07508e+16
2.13721e+16
1.35819e+16
1.81733e+16
1.61233e+16
1.41286e+16
1.15592e+16
1.20319e+16
1.04923e+16
8.00251e+15
3.2041e+15
3.92446e+15
3.05971e+15
2.53489e+15
7.15802e+14
2.27786e+15
1.33348e+15
1.337e+15
6.06491e+14
5.68081e+14
6.56576e+14
3.53857e+14
4.72441e+14
6.61107e+14
8.57451e+14
4.26352e+14
3.8319e+14
2.30211e+14
4.69734e+14
4.57659e+14
1.51485e+15
2.03306e+15
3.59747e+15
4.48296e+15
5.39303e+15
5.17559e+15
5.70412e+15
5.84287e+15
3.42179e+15
3.84904e+15
2.81068e+15
1.97913e+15
1.60418e+15
1.13004e+15
7.67877e+14
1.04564e+15
5.92732e+14
3.57658e+14
1.99375e+14
3.43335e+14
2.35619e+14
1.23214e+14
9.38467e+13
1.41246e+14
3.31118e+13
3.73562e+13
3.99154e+13
4.52139e+13
5.16503e+13
8.60322e+13
1.27306e+14
1.0067e+14
9.3721e+13
1.30032e+14
8.7532e+13
8.59373e+13
1.60358e+14
6.49719e+13
3.74112e+13
5.81081e+13
6.92311e+13
3.97797e+13
2.45071e+14
2.31965e+14
4.15283e+13
4.25171e+13
1.34825e+14
5.94939e+14
2.68509e+14
1.56946e+14
7.28983e+14
1.75122e+15
1.82344e+15
1.72078e+15
2.02363e+15
1.59904e+15
2.5248e+15
2.16318e+15
1.75622e+15
1.73208e+15
1.28996e+15
8.80222e+14
5.21106e+14
5.42285e+14
4.71819e+14
8.02573e+14
3.92456e+14
3.36409e+14
2.93986e+14
4.09038e+14
6.56193e+14
6.26687e+14
8.27847e+14
1.42386e+15
2.41248e+15
2.31654e+15
3.25094e+15
3.36061e+15
3.13353e+15
3.58436e+15
2.96788e+15
2.73077e+15
2.87439e+15
2.82559e+15
3.41591e+15
4.4098e+15
6.13089e+15
5.55742e+15
4.71913e+15
3.04904e+15
1.6711e+15
1.01976e+15
7.02509e+14
3.86312e+14
1.10433e+14
8.87384e+13
6.13567e+14
3.10243e+14
8.75712e+14
1.1844e+15
1.22771e+15
1.67102e+15
1.52603e+15
1.57579e+15
2.99207e+15
3.78241e+15
3.28721e+15
5.01707e+15
7.75734e+15
9.55991e+15
7.17003e+15
6.74246e+15
6.02228e+15
8.25195e+15
7.33467e+15
6.0698e+15
9.91657e+15
1.15397e+16
9.75572e+15
9.54267e+15
1.25302e+16
1.47578e+16
2.46835e+16
3.51231e+16
4.96748e+16
5.38491e+16
7.74274e+16
8.12973e+16
9.38564e+16
9.52792e+16
1.27758e+17
1.37854e+17
1.3926e+17
1.52464e+17
1.49574e+17
1.67598e+17
2.23181e+17
2.70821e+17
5.16811e+17
8.24979e+17
4.97374e+18
1.36325e+19
5.26283e+18
1.79567e+18
4.88452e+17
3.66089e+17
2.09831e+17
1.72131e+17
1.15148e+17
9.74291e+16
8.51185e+16
8.09759e+16
4.67475e+16
4.70229e+16
3.23556e+16
3.39911e+16
3.5214e+16
2.97049e+16
1.93001e+16
2.63956e+16
1.41021e+16
1.75195e+16
1.77095e+16
1.35225e+16
1.15137e+16
1.24354e+16
9.95108e+15
1.15023e+16
1.10332e+16
9.08084e+15
9.0203e+15
7.82139e+15
3.09416e+15
3.19001e+15
2.06436e+15
3.38382e+15
1.21168e+15
9.55385e+14
1.93284e+15
1.01576e+15
1.15477e+15
1.28942e+15
4.39225e+14
3.7169e+14
4.55264e+14
6.0361e+14
2.90055e+14
2.34227e+14
6.98964e+14
5.91059e+14
7.0205e+14
7.26008e+14
1.65608e+15
2.01265e+15
4.23227e+15
4.99028e+15
5.72364e+15
5.52237e+15
5.83506e+15
6.07302e+15
3.54683e+15
4.01623e+15
2.84343e+15
2.45806e+15
1.76972e+15
1.50343e+15
1.04194e+15
1.22809e+15
7.25608e+14
4.88007e+14
1.94288e+14
3.13427e+14
3.17732e+14
1.97699e+14
8.67666e+13
1.36466e+14
3.1763e+13
3.92855e+13
3.99694e+13
4.62136e+13
6.11053e+13
8.90646e+13
1.2342e+14
1.05454e+14
8.49045e+13
1.21182e+14
7.68663e+13
1.34145e+14
1.15923e+14
6.51994e+13
3.80644e+13
5.77132e+13
7.30194e+13
4.19547e+13
2.5104e+14
2.21113e+14
4.29634e+13
4.24727e+13
1.3345e+14
1.82151e+14
2.77582e+14
1.74332e+14
7.7071e+14
1.69283e+15
1.92135e+15
1.79806e+15
2.06418e+15
1.56964e+15
2.54496e+15
2.21935e+15
1.81234e+15
1.88401e+15
1.19216e+15
8.54968e+14
4.67794e+14
5.08072e+14
4.7686e+14
7.96147e+14
3.90831e+14
3.37778e+14
2.6591e+14
4.42449e+14
6.46764e+14
6.45998e+14
8.72973e+14
1.12238e+15
2.73352e+15
2.69007e+15
3.3122e+15
3.83728e+15
3.32828e+15
3.80173e+15
3.24641e+15
2.74652e+15
3.19114e+15
3.13492e+15
3.29961e+15
4.88353e+15
5.75162e+15
5.88216e+15
4.76937e+15
3.16943e+15
1.93783e+15
1.28544e+15
1.03633e+15
6.20091e+14
4.26186e+14
4.50573e+14
7.62789e+14
8.38288e+14
9.25506e+14
6.39643e+14
9.26262e+14
1.28576e+15
1.15205e+15
2.27209e+15
3.25606e+15
3.87623e+15
3.55395e+15
5.28341e+15
6.60635e+15
8.80998e+15
6.22638e+15
6.12293e+15
5.84184e+15
6.41748e+15
6.63199e+15
8.30172e+15
8.75087e+15
9.29552e+15
1.0542e+16
1.09657e+16
1.36196e+16
1.54846e+16
2.74453e+16
3.82001e+16
4.65343e+16
4.94766e+16
7.22796e+16
7.93513e+16
7.94629e+16
8.29774e+16
1.03482e+17
1.18183e+17
1.17318e+17
1.25487e+17
1.3967e+17
1.5147e+17
2.00723e+17
2.64757e+17
4.42936e+17
7.65532e+17
5.1187e+18
1.42203e+19
4.69675e+18
1.51283e+18
4.47772e+17
3.04788e+17
1.79129e+17
1.61781e+17
1.05697e+17
8.42235e+16
5.99149e+16
5.80014e+16
3.82592e+16
3.51255e+16
3.01563e+16
2.73192e+16
2.97693e+16
2.69168e+16
1.98231e+16
2.01604e+16
1.0924e+16
1.31985e+16
1.29593e+16
1.17925e+16
1.04958e+16
1.1249e+16
7.73447e+15
8.04418e+15
8.63571e+15
8.38583e+15
5.8734e+15
6.57396e+15
3.27886e+15
2.28691e+15
1.43394e+15
2.07337e+15
1.49976e+15
1.44938e+15
1.42834e+15
2.16003e+15
1.45793e+15
8.49906e+14
1.25961e+15
4.96096e+14
9.51074e+14
7.1325e+14
5.55861e+14
4.40717e+14
4.51213e+14
2.5246e+14
9.37413e+14
1.05864e+15
1.91344e+15
2.24265e+15
5.16828e+15
6.237e+15
6.46917e+15
6.25387e+15
5.83721e+15
6.19402e+15
4.18922e+15
4.24812e+15
3.11577e+15
2.79557e+15
1.56748e+15
1.52798e+15
1.2577e+15
1.41127e+15
1.3153e+15
5.03663e+14
1.97697e+14
3.11353e+14
4.80938e+14
4.62288e+14
9.5714e+13
1.41882e+14
4.85118e+13
4.18453e+13
7.07742e+13
9.1355e+13
1.43695e+14
1.04909e+14
1.18599e+14
1.11849e+14
9.20595e+13
1.18487e+14
8.1037e+13
1.65468e+14
8.09966e+13
6.54652e+13
1.57252e+14
1.09873e+14
1.20135e+14
9.51887e+13
2.95711e+14
2.61119e+14
4.64665e+13
3.31335e+13
1.61154e+14
2.07686e+14
3.24843e+14
3.28015e+14
9.99857e+14
1.65039e+15
2.2246e+15
2.14381e+15
2.36493e+15
1.78149e+15
2.44652e+15
2.14177e+15
2.07925e+15
2.16727e+15
1.48659e+15
1.08673e+15
4.88836e+14
4.09956e+14
4.80045e+14
7.66663e+14
4.01084e+14
3.77073e+14
2.90999e+14
3.54419e+14
7.4627e+14
6.16017e+14
9.4709e+14
1.07083e+15
3.26096e+15
2.82935e+15
3.39328e+15
3.95747e+15
3.63203e+15
3.84768e+15
3.77038e+15
2.90659e+15
3.33613e+15
3.48287e+15
3.58142e+15
4.59059e+15
5.99757e+15
6.59723e+15
6.24914e+15
4.3266e+15
2.74315e+15
1.89226e+15
1.15251e+15
9.20404e+14
4.65921e+14
1.91062e+14
2.98313e+14
6.30978e+14
7.66911e+14
6.84241e+14
1.07519e+15
7.58726e+14
1.37445e+15
2.03787e+15
3.75674e+15
3.18365e+15
3.53116e+15
6.2223e+15
5.15867e+15
7.31064e+15
4.54338e+15
5.78503e+15
4.44777e+15
6.08743e+15
8.6095e+15
7.4364e+15
1.03811e+16
9.89843e+15
1.17938e+16
1.35209e+16
1.46593e+16
2.22225e+16
2.93314e+16
3.75859e+16
4.35733e+16
4.7107e+16
6.15567e+16
6.66347e+16
6.64545e+16
7.77696e+16
9.79546e+16
1.10115e+17
1.09273e+17
1.14076e+17
1.3699e+17
1.4393e+17
2.04636e+17
2.31924e+17
4.40004e+17
7.18767e+17
5.68088e+18
1.54174e+19
4.39005e+18
1.40559e+18
4.66595e+17
3.03799e+17
1.63592e+17
1.40169e+17
9.26541e+16
7.27024e+16
5.47389e+16
4.69475e+16
3.5922e+16
3.54305e+16
3.2305e+16
2.85078e+16
2.75991e+16
2.49688e+16
1.75384e+16
1.56672e+16
1.0047e+16
1.34976e+16
1.08838e+16
9.52869e+15
1.14875e+16
9.91337e+15
8.2064e+15
9.58845e+15
7.08381e+15
6.33804e+15
4.29391e+15
4.56784e+15
4.62836e+15
3.1394e+15
2.95537e+15
1.97634e+15
2.36152e+15
2.16957e+15
1.59881e+15
1.71438e+15
1.52834e+15
1.44506e+15
8.37039e+14
1.23455e+15
1.06219e+15
7.19805e+14
7.77816e+14
7.28316e+14
9.28913e+14
6.85698e+14
1.37897e+15
1.57589e+15
2.62474e+15
3.1388e+15
6.00987e+15
7.78006e+15
7.27697e+15
6.98191e+15
7.31652e+15
7.4334e+15
4.69358e+15
5.03082e+15
3.30723e+15
3.18122e+15
2.10013e+15
1.53943e+15
1.78624e+15
1.27244e+15
1.58444e+15
6.07002e+14
6.41964e+14
3.21882e+14
4.70477e+14
5.8313e+14
3.31932e+14
2.42864e+14
4.73834e+13
7.48722e+13
5.8423e+13
2.16073e+14
1.12149e+14
1.18712e+14
1.24359e+14
1.26388e+14
8.90764e+13
1.34711e+14
1.35088e+14
1.50687e+14
1.40612e+14
7.95623e+13
1.05223e+14
1.28765e+14
1.27042e+14
1.18887e+14
3.31376e+14
3.26755e+14
4.65813e+13
3.17692e+13
2.03086e+14
3.44406e+14
2.42672e+14
2.88182e+14
1.18562e+15
1.63904e+15
2.60869e+15
2.51642e+15
2.62185e+15
2.06891e+15
2.61438e+15
2.1035e+15
2.08252e+15
2.00004e+15
1.18989e+15
1.26974e+15
7.21761e+14
4.0595e+14
5.05461e+14
6.33186e+14
4.21427e+14
2.89577e+14
3.57668e+14
7.60005e+14
7.43835e+14
7.7403e+14
1.15533e+15
1.2028e+15
3.64561e+15
3.88777e+15
3.70997e+15
4.27352e+15
3.8224e+15
3.96184e+15
3.96084e+15
2.99219e+15
4.0429e+15
3.81361e+15
4.07527e+15
5.61072e+15
7.00951e+15
6.66625e+15
7.16024e+15
5.22821e+15
3.29059e+15
2.4477e+15
1.56201e+15
9.04412e+14
3.80141e+14
5.24761e+14
1.04062e+15
1.3392e+15
1.65331e+15
1.33594e+15
7.37175e+14
1.01005e+15
2.06411e+15
2.72239e+15
4.22041e+15
2.85073e+15
3.26899e+15
4.11824e+15
6.28802e+15
6.02882e+15
5.17641e+15
5.18657e+15
7.09191e+15
8.41157e+15
9.95997e+15
8.58316e+15
9.78236e+15
1.01714e+16
1.68261e+16
1.37869e+16
1.7337e+16
2.50407e+16
3.37541e+16
3.64744e+16
4.51817e+16
5.53343e+16
5.7839e+16
6.43639e+16
6.88369e+16
7.74297e+16
9.71737e+16
1.00008e+17
1.18993e+17
1.16035e+17
1.4375e+17
1.52888e+17
2.20294e+17
2.54851e+17
5.14088e+17
8.30417e+17
7.23368e+18
1.7981e+19
4.19524e+18
1.31402e+18
4.91021e+17
3.22866e+17
1.80295e+17
1.47961e+17
1.11527e+17
8.51971e+16
6.38301e+16
4.60493e+16
4.41836e+16
4.22919e+16
3.21113e+16
2.73333e+16
2.78419e+16
2.25252e+16
1.83206e+16
1.37211e+16
1.14879e+16
1.19932e+16
9.10999e+15
9.35174e+15
1.17482e+16
1.20794e+16
1.01754e+16
7.99965e+15
7.34016e+15
4.50049e+15
5.39734e+15
3.60233e+15
5.42298e+15
5.63635e+15
2.7755e+15
2.34006e+15
3.47882e+15
3.21298e+15
2.26486e+15
2.05324e+15
2.2569e+15
1.5211e+15
1.36916e+15
1.01223e+15
9.59436e+14
1.05616e+15
1.17754e+15
1.57269e+15
1.23837e+15
1.26416e+15
2.12687e+15
2.39047e+15
3.35056e+15
3.72148e+15
7.16268e+15
8.26406e+15
8.6639e+15
8.40875e+15
8.01712e+15
8.15877e+15
5.70074e+15
5.50875e+15
4.18748e+15
3.44307e+15
2.61124e+15
2.02404e+15
2.42327e+15
1.76645e+15
1.59876e+15
9.96947e+14
3.81241e+14
8.66642e+14
4.44229e+14
6.85133e+14
2.15426e+14
2.05721e+14
4.51932e+13
7.82798e+13
6.02621e+13
2.04781e+14
1.25248e+14
8.95143e+13
1.36612e+14
1.35598e+14
1.55441e+14
1.07409e+14
3.28039e+14
2.39226e+14
1.86795e+14
1.06789e+14
1.28357e+14
1.32468e+14
1.26046e+14
1.76036e+14
2.83623e+14
3.15855e+14
4.73048e+13
2.90852e+13
4.06713e+14
2.37484e+14
2.23762e+14
3.0101e+14
1.36551e+15
1.73146e+15
3.02536e+15
2.89904e+15
2.95001e+15
2.11839e+15
2.82629e+15
2.19138e+15
2.52044e+15
2.06088e+15
1.11306e+15
7.78167e+14
7.43871e+14
4.3906e+14
5.4134e+14
7.47392e+14
3.84155e+14
2.74134e+14
4.95345e+14
5.43882e+14
8.80727e+14
1.01779e+15
2.04034e+15
1.40754e+15
3.50418e+15
4.10533e+15
4.42218e+15
4.87767e+15
4.043e+15
4.1566e+15
4.41888e+15
3.62458e+15
4.61259e+15
4.18615e+15
4.23191e+15
5.34219e+15
7.57618e+15
8.59815e+15
8.86219e+15
6.73826e+15
4.7921e+15
3.55195e+15
2.96095e+15
1.36148e+15
1.75885e+15
7.48821e+14
1.04982e+15
1.31094e+15
1.75511e+15
1.90072e+15
1.46473e+15
1.35024e+15
1.71015e+15
2.5786e+15
2.76691e+15
3.10371e+15
4.38014e+15
4.96125e+15
7.24633e+15
8.27416e+15
6.47882e+15
4.91278e+15
9.18722e+15
1.00656e+16
1.13078e+16
8.82448e+15
1.30395e+16
1.17164e+16
2.42833e+16
1.80253e+16
2.8732e+16
2.64699e+16
3.59018e+16
4.39142e+16
4.86257e+16
5.1437e+16
6.74543e+16
6.15962e+16
8.31474e+16
8.28912e+16
1.2242e+17
1.08765e+17
1.51115e+17
1.46893e+17
1.87855e+17
1.90585e+17
3.13408e+17
3.26704e+17
7.97922e+17
1.25443e+18
9.73089e+18
2.1336e+19
4.20973e+18
1.27748e+18
4.87674e+17
3.6284e+17
2.26266e+17
1.69564e+17
1.13842e+17
9.57113e+16
7.2066e+16
5.79357e+16
5.08343e+16
4.56156e+16
3.19969e+16
2.80515e+16
2.59476e+16
2.26461e+16
2.30681e+16
1.81076e+16
1.77545e+16
1.46044e+16
1.14238e+16
1.07026e+16
1.24448e+16
1.24912e+16
9.09299e+15
1.10012e+16
7.57774e+15
6.64988e+15
5.59842e+15
5.8864e+15
6.29867e+15
4.91539e+15
5.9733e+15
5.209e+15
3.56479e+15
3.5784e+15
2.73423e+15
3.17195e+15
2.86104e+15
1.69413e+15
2.08008e+15
1.57135e+15
2.43465e+15
1.72549e+15
1.83963e+15
1.41955e+15
1.36965e+15
1.70706e+15
2.95833e+15
3.17176e+15
4.12215e+15
4.9589e+15
8.77656e+15
9.46505e+15
9.88003e+15
9.56718e+15
9.55852e+15
8.76852e+15
7.07802e+15
5.85612e+15
5.59471e+15
4.3359e+15
2.9508e+15
2.7741e+15
3.15038e+15
2.10756e+15
2.75268e+15
1.51187e+15
6.47496e+14
1.07615e+15
3.1884e+14
5.51565e+14
3.31401e+14
1.93235e+14
4.45831e+13
8.20421e+13
6.35295e+13
1.48482e+14
2.15617e+14
6.48528e+13
2.57479e+14
1.48267e+14
2.8362e+14
2.47704e+14
5.42375e+14
3.01415e+14
2.27165e+14
2.03542e+14
1.84492e+14
2.27002e+14
1.79372e+14
1.83573e+14
3.228e+14
3.35087e+14
4.80611e+13
2.87587e+13
7.00475e+14
5.4443e+14
4.28574e+14
3.43877e+14
1.48897e+15
2.08665e+15
3.10584e+15
3.82646e+15
2.69827e+15
2.05621e+15
2.79379e+15
2.15944e+15
2.71875e+15
2.53041e+15
1.11873e+15
7.87912e+14
7.37927e+14
5.13308e+14
5.32164e+14
8.41736e+14
2.78097e+14
2.63838e+14
1.62937e+15
4.92261e+14
8.62636e+14
1.07546e+15
2.31767e+15
1.69411e+15
3.85046e+15
4.25454e+15
4.80499e+15
5.38297e+15
4.87391e+15
4.51368e+15
5.90549e+15
4.57679e+15
5.75217e+15
5.65136e+15
5.3317e+15
6.04835e+15
9.86199e+15
9.887e+15
1.2149e+16
8.93491e+15
6.66993e+15
5.70851e+15
5.60865e+15
2.89877e+15
2.49936e+15
2.93929e+15
3.36229e+15
1.85427e+15
2.32787e+15
2.95405e+15
1.90715e+15
2.71685e+15
2.15518e+15
1.90245e+15
3.37623e+15
4.30485e+15
5.82578e+15
6.75323e+15
9.49253e+15
1.02134e+16
1.23481e+16
9.80545e+15
1.25345e+16
1.41037e+16
1.71512e+16
1.66923e+16
2.33326e+16
2.05435e+16
3.15356e+16
3.15389e+16
3.73544e+16
3.50447e+16
4.63242e+16
5.18616e+16
7.56232e+16
7.26732e+16
9.06247e+16
8.55416e+16
1.19188e+17
1.17623e+17
1.68874e+17
1.57298e+17
2.36967e+17
2.22633e+17
3.19064e+17
2.94886e+17
5.22626e+17
5.42387e+17
1.41787e+18
2.16451e+18
1.24203e+19
2.41916e+19
4.70591e+18
2.35213e+18
5.08912e+17
3.75254e+17
2.60141e+17
2.10779e+17
1.36979e+17
1.15445e+17
9.68317e+16
8.46095e+16
5.99884e+16
5.45627e+16
4.36518e+16
3.71697e+16
3.23144e+16
3.45341e+16
2.59135e+16
2.10264e+16
2.17622e+16
2.02784e+16
1.48935e+16
1.62073e+16
1.5585e+16
1.51165e+16
1.12547e+16
8.98798e+15
9.19639e+15
8.28521e+15
6.51456e+15
9.04091e+15
1.05047e+16
5.88639e+15
5.70703e+15
5.23508e+15
6.13011e+15
4.69977e+15
5.30403e+15
3.55298e+15
3.81339e+15
3.40381e+15
3.29131e+15
2.91674e+15
2.4818e+15
2.64344e+15
2.32431e+15
2.0108e+15
2.42711e+15
2.15424e+15
4.91751e+15
4.33782e+15
5.5562e+15
6.81795e+15
1.10667e+16
1.12951e+16
1.12137e+16
1.09392e+16
9.98751e+15
8.845e+15
7.79809e+15
6.68768e+15
5.50132e+15
5.19877e+15
3.99185e+15
3.66197e+15
2.34327e+15
2.57864e+15
3.27339e+15
1.70027e+15
9.79034e+14
9.84258e+14
3.58007e+14
3.16083e+14
4.73435e+14
1.23766e+14
1.13452e+14
1.0019e+14
1.19675e+14
2.93041e+14
1.96317e+14
6.89991e+13
2.37983e+14
2.34227e+14
3.47265e+14
4.24338e+14
6.43505e+14
3.76051e+14
2.51681e+14
2.39507e+14
2.39565e+14
2.52419e+14
2.74694e+14
2.40158e+14
3.50055e+14
3.21328e+14
5.04457e+13
2.82975e+13
2.1588e+14
5.84321e+14
3.39964e+14
1.15066e+15
2.24447e+15
2.20558e+15
3.28971e+15
3.88536e+15
2.92356e+15
2.24454e+15
2.87797e+15
2.32957e+15
2.89253e+15
2.51616e+15
1.21148e+15
8.86087e+14
7.04562e+14
5.03385e+14
6.35569e+14
7.64401e+14
3.82767e+14
3.38911e+14
5.47695e+14
1.77699e+15
1.32324e+15
8.59035e+14
2.35745e+15
1.9733e+15
4.50583e+15
4.84771e+15
5.96126e+15
5.69412e+15
6.032e+15
5.5474e+15
7.04748e+15
5.64252e+15
6.33095e+15
7.15201e+15
6.05916e+15
7.09381e+15
1.15892e+16
1.26433e+16
1.72084e+16
1.32359e+16
1.20475e+16
9.80509e+15
1.0723e+16
7.31112e+15
6.88657e+15
3.85747e+15
5.64411e+15
4.44902e+15
6.05401e+15
4.83843e+15
7.04094e+15
5.46894e+15
7.4002e+15
4.57448e+15
7.40726e+15
8.13113e+15
1.05726e+16
8.81722e+15
1.65874e+16
1.54773e+16
1.69148e+16
2.06706e+16
2.51312e+16
2.37945e+16
2.80013e+16
2.40577e+16
4.10652e+16
3.68508e+16
4.75383e+16
4.38254e+16
7.33413e+16
6.00574e+16
8.66104e+16
7.43246e+16
1.23979e+17
1.09131e+17
1.58689e+17
1.36252e+17
1.94375e+17
1.80101e+17
2.81709e+17
2.42898e+17
3.85458e+17
3.64056e+17
5.5186e+17
5.43857e+17
9.22189e+17
9.63085e+17
2.60427e+18
3.72865e+18
1.40499e+19
2.48807e+19
4.00974e+18
2.18405e+18
5.24645e+17
4.22832e+17
2.90303e+17
2.2228e+17
1.45116e+17
1.22208e+17
9.31079e+16
8.17704e+16
6.73282e+16
5.97106e+16
4.72444e+16
4.17458e+16
3.90308e+16
3.21376e+16
3.36132e+16
2.59432e+16
2.68964e+16
2.42627e+16
2.6013e+16
1.94937e+16
2.02368e+16
1.64988e+16
1.90021e+16
1.24069e+16
1.74127e+16
1.13852e+16
1.21042e+16
9.99615e+15
1.14155e+16
9.23057e+15
1.01511e+16
7.63229e+15
7.92917e+15
6.45936e+15
5.95251e+15
4.69259e+15
5.07587e+15
4.28053e+15
3.11194e+15
2.74886e+15
3.28023e+15
3.09065e+15
4.53951e+15
3.77341e+15
6.79519e+15
6.38415e+15
6.16184e+15
5.48784e+15
7.49943e+15
8.24973e+15
1.27231e+16
1.30343e+16
1.21495e+16
1.16023e+16
1.16299e+16
9.84862e+15
9.27022e+15
6.86319e+15
7.82038e+15
6.92501e+15
4.58213e+15
4.77279e+15
2.58777e+15
3.06405e+15
2.65907e+15
2.07971e+15
4.29397e+14
9.41449e+14
4.99722e+14
3.3658e+14
4.1449e+14
1.09099e+14
1.50811e+14
1.62733e+14
3.82155e+14
2.09558e+14
8.27107e+14
9.51634e+13
4.14636e+14
2.74394e+14
3.69375e+14
5.28249e+14
6.68869e+14
4.99385e+14
1.72673e+14
1.09135e+14
2.1544e+14
2.68409e+14
3.6559e+14
2.10525e+14
3.72043e+14
3.09646e+14
5.0862e+13
2.75231e+13
4.08273e+14
3.33921e+14
1.37747e+14
1.00639e+15
2.55488e+15
2.84773e+15
3.37597e+15
4.00718e+15
2.92597e+15
2.35321e+15
3.68723e+15
2.47453e+15
3.14806e+15
2.54413e+15
1.60269e+15
1.35028e+15
7.90804e+14
5.92604e+14
7.11018e+14
8.01049e+14
4.41013e+14
4.36623e+14
5.35788e+14
8.60623e+14
1.33302e+15
9.38401e+14
2.6348e+15
2.90271e+15
5.17324e+15
6.21368e+15
5.76808e+15
7.43184e+15
6.72466e+15
5.96341e+15
8.25362e+15
6.49553e+15
7.601e+15
8.52499e+15
8.27971e+15
7.64102e+15
1.50127e+16
1.63448e+16
2.2924e+16
2.06768e+16
1.72075e+16
1.62935e+16
2.13809e+16
1.39902e+16
1.71195e+16
1.0964e+16
1.31429e+16
9.59516e+15
1.54965e+16
1.08817e+16
1.05539e+16
9.5403e+15
1.32546e+16
9.78139e+15
1.5163e+16
1.70593e+16
2.33927e+16
1.75008e+16
2.84498e+16
2.79676e+16
3.95766e+16
3.25715e+16
4.75162e+16
4.034e+16
5.54681e+16
4.34514e+16
8.1188e+16
6.48517e+16
9.38371e+16
8.13252e+16
1.13383e+17
1.02496e+17
1.51083e+17
1.42529e+17
1.89657e+17
1.72938e+17
2.44569e+17
2.42201e+17
3.35311e+17
3.13577e+17
4.53476e+17
4.31968e+17
5.91635e+17
5.66294e+17
9.38233e+17
8.87702e+17
1.62166e+18
1.71044e+18
4.09671e+18
5.54403e+18
1.44704e+19
2.39544e+19
3.71724e+18
2.17739e+18
5.39338e+17
4.50372e+17
2.8726e+17
2.24085e+17
1.73179e+17
1.35389e+17
1.09868e+17
8.84858e+16
8.67385e+16
6.78143e+16
5.92098e+16
4.61786e+16
4.52919e+16
3.84906e+16
3.60625e+16
3.52197e+16
2.79178e+16
3.19404e+16
2.96077e+16
3.01711e+16
2.07598e+16
2.97469e+16
1.79407e+16
2.11158e+16
1.59639e+16
1.45486e+16
1.09446e+16
1.21352e+16
1.12084e+16
1.173e+16
1.1536e+16
9.63333e+15
8.03286e+15
7.63316e+15
7.47345e+15
5.77573e+15
4.29125e+15
3.43528e+15
5.95484e+15
3.91274e+15
7.34506e+15
6.06205e+15
7.82788e+15
8.0797e+15
6.56138e+15
7.19627e+15
7.67457e+15
7.05572e+15
9.88996e+15
1.05808e+16
1.49437e+16
1.40556e+16
1.37837e+16
1.28207e+16
1.22195e+16
1.01274e+16
1.00231e+16
8.47898e+15
7.11357e+15
7.09247e+15
6.73147e+15
5.4081e+15
3.85238e+15
3.89882e+15
2.71527e+15
1.6335e+15
9.74608e+14
7.35215e+14
1.02146e+15
4.52317e+14
3.97963e+14
1.35095e+14
1.57106e+14
1.5279e+14
4.59331e+14
2.68632e+14
9.26083e+14
1.71034e+14
3.78995e+14
4.02154e+14
3.78233e+14
4.83431e+14
7.90204e+14
5.07576e+14
4.37655e+14
1.54741e+14
1.8837e+14
2.86682e+14
3.85002e+14
2.80802e+14
3.87765e+14
2.97349e+14
9.35225e+13
3.69103e+13
4.12261e+14
4.21009e+14
9.35607e+13
2.73194e+14
2.78306e+15
3.41334e+15
3.48985e+15
4.18131e+15
3.0659e+15
2.54862e+15
3.94001e+15
3.15537e+15
3.41675e+15
2.70711e+15
2.09488e+15
1.66491e+15
6.79042e+14
7.23545e+14
7.48209e+14
8.8694e+14
4.26329e+14
4.87211e+14
4.18695e+14
6.31492e+14
1.63345e+15
1.15951e+15
2.54355e+15
2.94575e+15
5.80247e+15
6.85125e+15
6.74712e+15
7.94411e+15
7.94505e+15
6.30054e+15
8.51342e+15
7.90325e+15
8.46949e+15
8.8524e+15
1.07482e+16
9.07628e+15
1.87008e+16
2.14219e+16
3.1551e+16
2.88603e+16
3.00197e+16
2.60103e+16
3.93615e+16
3.06255e+16
2.93131e+16
2.7409e+16
2.95755e+16
2.1705e+16
2.94512e+16
2.34984e+16
2.84584e+16
2.16129e+16
2.75459e+16
2.10332e+16
3.16944e+16
2.65025e+16
4.6019e+16
4.17273e+16
5.8049e+16
4.76083e+16
7.00449e+16
5.65412e+16
8.64443e+16
7.73089e+16
9.70297e+16
1.01954e+17
1.29213e+17
1.04749e+17
1.64993e+17
1.38917e+17
1.87917e+17
1.83893e+17
2.30323e+17
2.17145e+17
3.17357e+17
2.78845e+17
3.96566e+17
3.66119e+17
5.32015e+17
4.93953e+17
7.13626e+17
6.80226e+17
9.57641e+17
9.39087e+17
1.43836e+18
1.48725e+18
2.40564e+18
2.65481e+18
5.47408e+18
7.16871e+18
1.41937e+19
2.2374e+19
3.71185e+18
2.60529e+18
6.01036e+17
4.1772e+17
2.76211e+17
2.28589e+17
1.78844e+17
1.5707e+17
1.10181e+17
9.60349e+16
7.85167e+16
7.46981e+16
7.11866e+16
5.85973e+16
4.80272e+16
4.26766e+16
4.2478e+16
4.10344e+16
3.67274e+16
2.95893e+16
2.50449e+16
2.25082e+16
2.08979e+16
2.15949e+16
2.30299e+16
1.67084e+16
1.65902e+16
1.54927e+16
1.63392e+16
1.4397e+16
1.38865e+16
1.68135e+16
8.48272e+15
9.12174e+15
7.92073e+15
8.03224e+15
9.31008e+15
7.1999e+15
9.79489e+15
7.79784e+15
1.05168e+16
1.05298e+16
9.26066e+15
8.50412e+15
7.67418e+15
7.56765e+15
9.53254e+15
8.03565e+15
9.84515e+15
8.99951e+15
1.32644e+16
1.4523e+16
1.71083e+16
1.59427e+16
1.55716e+16
1.43779e+16
1.2447e+16
1.08227e+16
1.08265e+16
8.52838e+15
6.686e+15
5.75187e+15
8.17857e+15
5.32156e+15
4.49886e+15
3.2665e+15
2.75876e+15
1.98335e+15
1.07461e+15
1.22281e+15
9.15839e+14
7.07384e+14
1.54896e+15
3.03003e+14
1.53052e+14
1.54587e+14
4.35053e+14
9.58083e+14
1.53919e+15
5.53201e+14
3.05953e+14
4.39968e+14
4.07862e+14
7.22955e+14
7.41065e+14
6.65588e+14
7.23465e+14
5.59411e+14
2.36355e+14
3.25413e+14
4.11335e+14
2.59561e+14
4.01925e+14
2.85385e+14
1.1427e+14
1.67272e+14
2.49423e+14
2.92185e+14
1.60202e+14
1.26047e+14
2.59614e+15
3.91005e+15
3.53321e+15
4.35979e+15
3.31206e+15
2.99284e+15
3.12691e+15
2.70606e+15
3.28973e+15
2.86798e+15
1.42197e+15
1.25036e+15
6.34937e+14
1.03369e+15
7.70061e+14
9.39567e+14
3.94576e+14
9.42354e+14
4.80688e+14
3.59954e+14
2.06001e+15
1.63521e+15
2.50398e+15
2.8351e+15
5.54842e+15
8.15014e+15
7.77603e+15
7.76367e+15
8.59664e+15
7.59137e+15
8.87438e+15
8.89501e+15
9.20829e+15
8.92563e+15
1.38037e+16
1.22259e+16
2.1843e+16
2.85578e+16
4.16661e+16
4.1147e+16
4.20817e+16
4.29687e+16
5.96422e+16
5.59761e+16
6.24127e+16
5.0735e+16
5.27396e+16
5.20383e+16
4.91793e+16
5.02128e+16
6.39772e+16
5.11695e+16
6.38484e+16
5.00285e+16
6.94581e+16
5.58654e+16
8.46109e+16
7.8246e+16
9.63339e+16
7.85762e+16
1.20318e+17
1.19511e+17
1.35038e+17
1.18104e+17
1.62994e+17
1.51394e+17
2.08963e+17
1.91146e+17
2.59894e+17
2.40807e+17
2.99413e+17
2.62839e+17
3.95972e+17
3.26905e+17
4.73873e+17
4.49525e+17
5.56886e+17
5.78965e+17
7.50318e+17
7.29781e+17
1.00249e+18
1.00516e+18
1.38766e+18
1.39148e+18
2.01168e+18
2.11983e+18
3.27454e+18
3.68125e+18
6.67131e+18
8.35626e+18
1.33432e+19
2.04414e+19
3.35472e+18
2.76655e+18
5.39589e+17
4.2742e+17
2.5672e+17
2.38719e+17
1.6811e+17
1.61888e+17
1.09263e+17
1.03996e+17
9.27727e+16
8.08733e+16
6.05399e+16
5.76954e+16
5.19354e+16
4.99326e+16
4.55243e+16
4.27213e+16
4.21812e+16
3.66247e+16
3.27572e+16
2.62304e+16
2.83368e+16
2.41455e+16
2.52052e+16
2.20341e+16
1.63134e+16
1.85403e+16
1.33352e+16
1.53086e+16
1.51551e+16
1.16899e+16
1.51665e+16
1.07778e+16
1.38983e+16
1.41726e+16
1.242e+16
1.21668e+16
1.33595e+16
1.23113e+16
9.10321e+15
9.75437e+15
9.3457e+15
7.43111e+15
9.18065e+15
8.13979e+15
1.18277e+16
1.15169e+16
1.1473e+16
1.31074e+16
1.653e+16
1.64392e+16
1.89044e+16
1.61918e+16
1.72626e+16
1.51305e+16
1.39013e+16
1.24362e+16
1.11089e+16
8.68207e+15
8.09784e+15
6.88032e+15
7.01369e+15
5.44579e+15
3.76301e+15
2.58924e+15
2.19042e+15
2.64348e+15
5.76746e+14
6.87008e+14
7.22031e+14
7.78874e+14
6.00691e+14
6.95392e+14
1.51671e+14
1.74283e+14
4.69413e+14
4.5378e+14
1.60119e+15
5.74876e+14
7.22329e+14
6.45893e+14
4.39204e+14
8.40514e+14
9.20134e+14
7.63623e+14
8.59637e+14
7.02878e+14
2.9068e+14
4.27876e+14
5.09297e+14
2.61061e+14
4.17079e+14
2.8452e+14
1.49617e+14
2.44403e+14
3.4603e+14
7.34188e+14
1.62294e+15
5.94979e+14
2.43453e+15
4.17713e+15
3.53184e+15
4.75657e+15
3.50047e+15
3.36987e+15
3.29828e+15
2.4218e+15
3.42874e+15
2.91402e+15
2.39973e+15
1.31445e+15
7.88881e+14
1.19051e+15
8.60452e+14
8.74135e+14
2.63913e+14
5.11356e+14
7.00035e+14
3.90264e+14
1.60609e+15
2.34854e+15
2.59983e+15
3.63429e+15
6.49546e+15
7.21291e+15
8.20831e+15
7.75116e+15
9.60057e+15
7.59599e+15
1.07086e+16
9.24144e+15
1.03691e+16
1.07858e+16
1.49148e+16
1.55739e+16
2.42258e+16
3.24986e+16
5.32016e+16
5.21655e+16
6.28477e+16
5.77499e+16
8.63641e+16
8.87876e+16
1.02929e+17
9.36427e+16
1.06247e+17
8.28179e+16
9.89502e+16
8.6804e+16
9.88755e+16
9.62023e+16
1.20327e+17
1.05045e+17
1.27774e+17
1.07987e+17
1.2542e+17
1.25467e+17
1.47562e+17
1.46015e+17
1.96759e+17
1.87152e+17
2.00133e+17
2.05865e+17
2.34978e+17
2.43121e+17
3.03005e+17
2.93555e+17
3.83866e+17
3.58069e+17
4.521e+17
4.43742e+17
5.45335e+17
5.42111e+17
6.72352e+17
6.43766e+17
7.94117e+17
7.68843e+17
1.01844e+18
1.02173e+18
1.30604e+18
1.35677e+18
1.78901e+18
1.86904e+18
2.56483e+18
2.72375e+18
3.98747e+18
4.6674e+18
7.30251e+18
8.77395e+18
1.24652e+19
1.87818e+19
3.14796e+18
2.64667e+18
5.94642e+17
3.79776e+17
2.51057e+17
2.16167e+17
1.87298e+17
1.48781e+17
1.20778e+17
1.00348e+17
9.00964e+16
7.38295e+16
8.26974e+16
6.93862e+16
6.21425e+16
5.42942e+16
5.43147e+16
4.53871e+16
4.37427e+16
3.94891e+16
4.15009e+16
3.17046e+16
2.62257e+16
2.43026e+16
2.77432e+16
2.24421e+16
2.33005e+16
1.7831e+16
2.00127e+16
2.10759e+16
2.69268e+16
2.02268e+16
1.73205e+16
1.84221e+16
1.48714e+16
1.40283e+16
1.17587e+16
1.21519e+16
1.25972e+16
1.07265e+16
1.22104e+16
1.04111e+16
1.19555e+16
1.09289e+16
1.08083e+16
1.18956e+16
1.23065e+16
1.0647e+16
1.61928e+16
1.63001e+16
2.0657e+16
2.0292e+16
2.04046e+16
1.78548e+16
1.79465e+16
1.73461e+16
1.44982e+16
1.44682e+16
1.0675e+16
9.31258e+15
9.21957e+15
8.40067e+15
7.43939e+15
5.82922e+15
3.88551e+15
2.75293e+15
2.51158e+15
3.59032e+15
2.57646e+15
4.51109e+15
2.30277e+15
4.31668e+14
6.8974e+14
7.01024e+14
1.76426e+14
2.36011e+14
3.33642e+14
4.53483e+14
2.15192e+15
1.3227e+15
6.39842e+14
8.97411e+14
3.81509e+14
9.83568e+14
1.03634e+15
1.03401e+15
6.80336e+14
8.0456e+14
3.87718e+14
8.12306e+14
4.89473e+14
8.02902e+14
4.64491e+14
2.75355e+14
1.05197e+14
1.3094e+14
8.03454e+14
1.22943e+15
1.83887e+15
1.34308e+15
2.13299e+15
4.24524e+15
3.88984e+15
5.44814e+15
3.72964e+15
3.15359e+15
3.48719e+15
2.52736e+15
3.30441e+15
2.94921e+15
2.57488e+15
1.84969e+15
9.05994e+14
1.82304e+15
7.65259e+14
6.25861e+14
5.54152e+14
6.14377e+14
6.90744e+14
4.80375e+14
1.40989e+15
1.67498e+15
2.81716e+15
2.86398e+15
6.68744e+15
7.37669e+15
8.2763e+15
8.86097e+15
1.10849e+16
9.42926e+15
1.10074e+16
1.07228e+16
1.10057e+16
1.16554e+16
1.82557e+16
1.92209e+16
2.60672e+16
3.75951e+16
6.94719e+16
7.31052e+16
9.13766e+16
8.07607e+16
1.18894e+17
1.30592e+17
1.50989e+17
1.42573e+17
1.76113e+17
1.38096e+17
1.60768e+17
1.26219e+17
1.65034e+17
1.46353e+17
1.90039e+17
1.44509e+17
1.89518e+17
1.83134e+17
2.07746e+17
1.76369e+17
2.0747e+17
2.0189e+17
2.73108e+17
2.66257e+17
3.15268e+17
2.76684e+17
3.62033e+17
3.33439e+17
3.79045e+17
4.11306e+17
5.04848e+17
4.79471e+17
5.88984e+17
5.70808e+17
7.78261e+17
7.08115e+17
8.4659e+17
8.44796e+17
1.03704e+18
1.01649e+18
1.26028e+18
1.25474e+18
1.54743e+18
1.61047e+18
2.10031e+18
2.27215e+18
3.01761e+18
3.27824e+18
4.6423e+18
5.30153e+18
7.42038e+18
8.86679e+18
1.24909e+19
1.85697e+19
2.75062e+18
2.51933e+18
5.06886e+17
3.40129e+17
2.42659e+17
2.34562e+17
1.77353e+17
1.83829e+17
1.44635e+17
1.23223e+17
1.14992e+17
9.83078e+16
8.24401e+16
7.11469e+16
5.9886e+16
6.5603e+16
5.2599e+16
4.79602e+16
4.62708e+16
4.16737e+16
4.0784e+16
4.24199e+16
3.22642e+16
3.26114e+16
2.59958e+16
3.12241e+16
2.26578e+16
2.43746e+16
1.89453e+16
2.35515e+16
1.49173e+16
1.56592e+16
1.63345e+16
1.56275e+16
1.58369e+16
1.40288e+16
1.69868e+16
1.53222e+16
1.64718e+16
1.46381e+16
1.39078e+16
1.28256e+16
1.36178e+16
1.3497e+16
1.77518e+16
1.59963e+16
1.58583e+16
1.43231e+16
2.09668e+16
2.08566e+16
2.31013e+16
2.11342e+16
2.31475e+16
1.93368e+16
1.93809e+16
1.90341e+16
1.52638e+16
1.59045e+16
1.09064e+16
1.06214e+16
9.28833e+15
1.03424e+16
6.46709e+15
6.18391e+15
3.54061e+15
3.54185e+15
5.58185e+15
3.66968e+15
3.75846e+15
1.04956e+15
1.7144e+15
2.01771e+15
6.3653e+14
7.58693e+14
2.60361e+14
2.22843e+14
3.19248e+14
4.71153e+14
2.27012e+15
2.18401e+15
8.22423e+14
9.10019e+14
6.90846e+14
7.93299e+14
1.36632e+15
1.1979e+15
7.14825e+14
9.56094e+14
6.63129e+14
8.97439e+14
5.39962e+14
3.17902e+14
6.40503e+14
2.73761e+14
1.12745e+14
1.0898e+14
1.1297e+15
1.07106e+15
8.58354e+14
2.60918e+15
1.92034e+15
4.0246e+15
3.86686e+15
6.04267e+15
3.65913e+15
2.92705e+15
3.95103e+15
3.09572e+15
3.21574e+15
2.87846e+15
3.41364e+15
2.75166e+15
9.69599e+14
1.7511e+15
1.40375e+15
6.33909e+14
1.17045e+15
1.12971e+15
8.91279e+14
2.20723e+15
1.33327e+15
1.74747e+15
3.51575e+15
3.66829e+15
7.59245e+15
8.63081e+15
8.6614e+15
8.9832e+15
1.29394e+16
1.00816e+16
1.13106e+16
1.21099e+16
1.33725e+16
1.41528e+16
1.95452e+16
2.29376e+16
2.94341e+16
3.61209e+16
7.89137e+16
8.687e+16
1.224e+17
1.11348e+17
1.38984e+17
1.62247e+17
2.10971e+17
1.84111e+17
2.14339e+17
2.17972e+17
2.33443e+17
2.10783e+17
2.33406e+17
2.0491e+17
2.56851e+17
2.17936e+17
2.77887e+17
2.4842e+17
2.72633e+17
2.7357e+17
2.98495e+17
2.82437e+17
3.5234e+17
3.49464e+17
3.7941e+17
4.16497e+17
4.70726e+17
4.61105e+17
5.12235e+17
4.89055e+17
5.88308e+17
6.41361e+17
7.07396e+17
7.11024e+17
8.49969e+17
9.08328e+17
1.02852e+18
9.93634e+17
1.17031e+18
1.24895e+18
1.44106e+18
1.53859e+18
1.76145e+18
1.84189e+18
2.3935e+18
2.48787e+18
3.24094e+18
3.56714e+18
4.93045e+18
5.65268e+18
7.33973e+18
8.66702e+18
1.14118e+19
1.75443e+19
2.6641e+18
2.42823e+18
3.72297e+17
2.90302e+17
1.99018e+17
2.11771e+17
1.73151e+17
1.3898e+17
1.16876e+17
1.31113e+17
1.12056e+17
1.05068e+17
8.56369e+16
7.94422e+16
6.48484e+16
6.18809e+16
5.64105e+16
5.72481e+16
4.46769e+16
4.30266e+16
3.80478e+16
3.83348e+16
3.50953e+16
3.21894e+16
3.42399e+16
2.8686e+16
2.61561e+16
2.26198e+16
2.09363e+16
1.8633e+16
2.36706e+16
2.27504e+16
1.9199e+16
1.94628e+16
2.03246e+16
2.0503e+16
2.70257e+16
2.77583e+16
1.79374e+16
1.68724e+16
1.44392e+16
1.51353e+16
1.75874e+16
1.67922e+16
1.90853e+16
1.79153e+16
2.27088e+16
2.32967e+16
2.56443e+16
2.49698e+16
2.37473e+16
2.47807e+16
2.02382e+16
2.13932e+16
2.14364e+16
2.02207e+16
1.53096e+16
1.51857e+16
1.13491e+16
1.20241e+16
1.01576e+16
9.75716e+15
6.5151e+15
6.69657e+15
4.1997e+15
6.52821e+15
4.68218e+15
4.4329e+15
8.04625e+15
3.74101e+15
1.68385e+15
1.18622e+15
1.33235e+15
9.03289e+14
4.14999e+14
2.0042e+14
3.05818e+14
6.82965e+14
2.19142e+15
2.21352e+15
1.67135e+15
9.91867e+14
7.95285e+14
9.10636e+14
1.44239e+15
1.32994e+15
6.72866e+14
8.38164e+14
7.74104e+14
1.02642e+15
3.88436e+14
2.93668e+14
6.04385e+14
3.67899e+14
1.21073e+14
1.04553e+14
3.03812e+14
3.7845e+14
5.53247e+14
2.80283e+15
2.33404e+15
3.95332e+15
3.89584e+15
5.51633e+15
3.69809e+15
3.07709e+15
4.12693e+15
3.76372e+15
3.24172e+15
3.0051e+15
2.6556e+15
2.26443e+15
1.24789e+15
1.45713e+15
1.75943e+15
8.30894e+14
5.23791e+14
6.12713e+14
6.40054e+14
8.845e+14
2.12056e+15
1.79399e+15
4.31796e+15
4.75832e+15
7.11172e+15
7.88997e+15
9.3989e+15
9.16284e+15
1.18636e+16
1.34703e+16
1.20331e+16
1.32803e+16
1.44941e+16
1.65356e+16
2.01519e+16
2.60479e+16
3.52604e+16
4.12115e+16
8.15925e+16
1.05547e+17
1.42753e+17
1.51164e+17
1.6719e+17
1.68403e+17
2.24974e+17
2.41214e+17
2.66321e+17
2.49535e+17
3.05524e+17
2.70601e+17
2.94426e+17
2.98714e+17
3.09818e+17
3.18392e+17
3.41667e+17
3.54627e+17
3.76365e+17
3.32556e+17
3.99765e+17
4.07739e+17
4.18635e+17
4.06917e+17
4.87347e+17
4.40533e+17
5.129e+17
5.56466e+17
6.02639e+17
6.49e+17
7.41971e+17
6.70616e+17
8.35115e+17
8.55416e+17
9.58047e+17
9.89637e+17
1.17473e+18
1.15223e+18
1.26525e+18
1.36571e+18
1.69706e+18
1.78762e+18
2.06345e+18
2.07309e+18
2.57213e+18
2.75608e+18
3.49603e+18
3.8382e+18
5.12542e+18
5.74819e+18
7.12937e+18
8.29086e+18
1.05328e+19
1.65188e+19
2.38242e+18
2.12407e+18
3.03339e+17
2.71941e+17
1.70456e+17
1.71967e+17
1.60676e+17
1.53168e+17
1.21906e+17
1.10349e+17
8.39522e+16
9.27009e+16
7.39764e+16
6.68942e+16
6.49885e+16
5.55086e+16
6.04519e+16
4.76231e+16
5.5452e+16
5.09462e+16
4.42947e+16
4.15366e+16
4.91724e+16
3.86294e+16
3.29819e+16
2.59647e+16
3.22078e+16
2.61767e+16
2.53559e+16
2.93857e+16
2.30962e+16
1.99626e+16
2.10524e+16
2.06802e+16
2.22887e+16
2.04355e+16
1.70566e+16
1.75897e+16
2.13759e+16
1.67128e+16
2.20097e+16
1.97423e+16
2.33953e+16
1.93485e+16
2.39738e+16
2.39895e+16
2.4414e+16
2.45391e+16
2.91782e+16
2.5813e+16
2.59925e+16
2.52587e+16
2.15865e+16
2.18378e+16
2.14108e+16
1.98923e+16
1.60741e+16
1.64351e+16
1.17745e+16
1.2563e+16
1.02218e+16
1.01621e+16
7.51514e+15
6.97645e+15
5.76313e+15
6.54635e+15
6.53796e+15
6.193e+15
4.10894e+15
4.6706e+15
4.37619e+15
2.67916e+15
1.52555e+15
6.5667e+14
4.02715e+14
5.2461e+14
7.32486e+14
1.24893e+15
1.67747e+15
1.90428e+15
1.97261e+15
1.16714e+15
1.70972e+15
1.25567e+15
1.67811e+15
1.65843e+15
6.49024e+14
4.47142e+14
8.15509e+14
1.10431e+15
3.10707e+14
1.76843e+14
5.80316e+14
3.79057e+14
1.29018e+14
1.01416e+14
3.01617e+14
3.47442e+15
1.53722e+15
1.35813e+15
3.47624e+15
4.04872e+15
4.65348e+15
4.43917e+15
4.63089e+15
3.03853e+15
4.03695e+15
3.82583e+15
3.29057e+15
3.11021e+15
2.56598e+15
3.07546e+15
1.04501e+15
1.47792e+15
1.63053e+15
8.26034e+14
6.4427e+14
7.92401e+14
4.42277e+14
3.12122e+15
2.69071e+15
2.67737e+15
4.78185e+15
5.8399e+15
6.33753e+15
8.41632e+15
9.3438e+15
9.45334e+15
1.41099e+16
1.49604e+16
1.3852e+16
1.50583e+16
1.56223e+16
1.7566e+16
2.1547e+16
2.31628e+16
4.29991e+16
4.61361e+16
8.31256e+16
1.1064e+17
1.61674e+17
1.72391e+17
2.08119e+17
1.9998e+17
2.34979e+17
2.75164e+17
3.33335e+17
3.28535e+17
3.48202e+17
3.47637e+17
3.60037e+17
3.2804e+17
3.72748e+17
3.51195e+17
4.06867e+17
4.19042e+17
4.19257e+17
4.32622e+17
4.50382e+17
4.54067e+17
5.00011e+17
4.83341e+17
5.50354e+17
5.62955e+17
6.29574e+17
5.94076e+17
6.75729e+17
6.88523e+17
8.31885e+17
8.60091e+17
9.61846e+17
9.26882e+17
1.06736e+18
1.07326e+18
1.20849e+18
1.26954e+18
1.39637e+18
1.43961e+18
1.68379e+18
1.842e+18
2.19647e+18
2.27518e+18
2.70839e+18
3.01253e+18
3.73375e+18
4.11958e+18
4.99608e+18
5.72043e+18
7.45626e+18
8.01921e+18
9.90535e+18
1.65566e+19
1.83509e+18
1.52246e+18
2.64448e+17
2.34694e+17
1.86835e+17
1.42217e+17
1.46232e+17
1.5542e+17
1.03207e+17
1.00093e+17
9.71284e+16
8.76836e+16
6.55603e+16
7.22766e+16
5.62398e+16
6.09526e+16
5.55656e+16
4.44551e+16
3.91271e+16
4.26483e+16
4.01283e+16
4.39092e+16
3.22951e+16
3.39653e+16
3.13379e+16
4.1241e+16
2.71354e+16
2.76853e+16
2.5771e+16
2.48382e+16
2.78459e+16
2.59693e+16
2.14065e+16
2.14892e+16
1.90845e+16
2.15371e+16
2.64647e+16
2.40994e+16
2.47106e+16
2.39301e+16
2.73404e+16
2.67602e+16
2.71163e+16
3.05325e+16
2.88055e+16
2.98275e+16
3.09751e+16
3.18105e+16
3.12563e+16
2.78808e+16
2.85674e+16
2.55255e+16
2.27764e+16
2.40625e+16
2.15983e+16
1.91663e+16
1.76383e+16
1.54858e+16
1.35458e+16
1.23355e+16
1.0835e+16
1.03781e+16
1.08431e+16
7.89734e+15
7.84894e+15
7.43184e+15
9.7486e+15
6.53175e+15
5.52747e+15
3.58478e+15
1.38162e+15
1.50244e+15
1.8785e+15
1.1539e+15
3.94155e+14
1.86019e+14
1.86218e+15
1.46898e+15
1.92249e+15
2.0779e+15
2.69921e+15
2.37576e+15
2.48099e+15
2.34307e+15
1.8379e+15
1.53915e+15
6.44891e+14
5.33955e+14
7.96666e+14
9.98383e+14
3.49173e+14
1.48304e+14
5.79164e+14
3.16111e+14
1.35272e+14
1.00414e+14
1.77059e+15
1.77363e+15
2.25573e+15
1.44525e+15
3.34061e+15
4.84252e+15
4.80915e+15
4.47231e+15
4.92192e+15
3.00951e+15
4.23475e+15
4.18379e+15
3.14612e+15
3.00681e+15
2.56465e+15
3.10349e+15
1.05031e+15
1.50948e+15
1.0819e+15
7.50227e+14
5.24361e+14
8.27802e+14
1.2824e+15
9.21856e+14
3.87094e+15
4.88292e+15
6.62548e+15
6.50096e+15
8.84843e+15
9.46233e+15
1.06768e+16
9.87241e+15
1.22028e+16
1.51048e+16
1.62811e+16
1.62316e+16
2.02611e+16
2.00262e+16
2.13658e+16
2.55831e+16
4.24303e+16
4.55827e+16
9.16487e+16
1.12173e+17
1.7507e+17
1.88193e+17
2.28844e+17
2.24949e+17
2.25121e+17
2.78737e+17
3.36126e+17
3.65297e+17
3.72061e+17
4.14565e+17
4.48167e+17
4.16625e+17
3.76217e+17
3.83994e+17
4.35715e+17
4.77329e+17
4.68067e+17
4.56295e+17
5.18855e+17
5.58927e+17
5.4647e+17
5.54559e+17
6.20219e+17
6.06855e+17
6.61209e+17
7.22616e+17
7.28444e+17
7.49957e+17
8.30962e+17
9.28744e+17
9.53276e+17
1.02563e+18
1.03028e+18
1.09265e+18
1.27583e+18
1.32939e+18
1.46096e+18
1.55475e+18
1.72585e+18
1.85887e+18
2.20933e+18
2.32318e+18
2.77037e+18
3.09992e+18
3.77053e+18
4.11452e+18
5.01071e+18
5.52404e+18
8.46207e+18
9.1679e+18
9.54115e+18
1.65533e+19
1.31071e+18
9.84165e+17
2.33144e+17
2.27551e+17
1.95437e+17
1.5355e+17
1.2727e+17
1.3919e+17
1.20912e+17
1.0024e+17
7.41463e+16
5.77288e+16
6.51852e+16
8.25524e+16
7.37099e+16
7.21231e+16
6.29799e+16
5.53705e+16
4.27148e+16
4.52044e+16
4.48355e+16
3.52885e+16
3.8894e+16
2.93702e+16
3.75203e+16
3.27797e+16
4.60528e+16
2.94913e+16
2.87322e+16
3.08849e+16
2.39904e+16
2.2219e+16
2.58147e+16
2.41091e+16
2.71252e+16
2.35618e+16
2.75905e+16
2.54081e+16
2.79811e+16
3.04459e+16
3.0287e+16
3.06389e+16
3.01311e+16
3.20292e+16
2.93185e+16
2.78818e+16
3.34405e+16
3.40845e+16
2.96751e+16
3.02173e+16
2.82888e+16
2.5648e+16
2.35217e+16
2.57363e+16
2.19521e+16
2.04622e+16
1.85004e+16
1.59937e+16
1.43633e+16
1.29053e+16
1.18316e+16
1.43256e+16
1.01961e+16
9.57208e+15
1.01139e+16
1.11243e+16
1.12159e+16
6.26753e+15
6.22479e+15
4.49564e+15
2.50459e+15
1.1096e+15
1.62855e+15
2.90024e+15
2.10067e+15
2.95116e+14
1.57259e+15
2.23954e+15
1.85974e+15
2.56065e+15
3.304e+15
3.93213e+15
3.92138e+15
2.72867e+15
2.48734e+15
1.60403e+15
7.35375e+14
4.6795e+14
9.65929e+14
7.41303e+14
3.63077e+14
1.51634e+14
5.52288e+14
3.19191e+14
1.7825e+14
4.02341e+14
6.8379e+14
6.27474e+14
3.77192e+15
2.26972e+15
3.37931e+15
3.3689e+15
6.07094e+15
4.7807e+15
4.87374e+15
3.17095e+15
4.37531e+15
4.24854e+15
3.18075e+15
3.49842e+15
2.8066e+15
3.12905e+15
1.06003e+15
1.67449e+15
8.19728e+14
7.0035e+14
5.22592e+14
9.90685e+14
2.25696e+15
1.85021e+15
5.16307e+15
5.66662e+15
9.10103e+15
9.08099e+15
1.14984e+16
8.54721e+15
1.16377e+16
1.23841e+16
1.40474e+16
1.42359e+16
1.77849e+16
1.61589e+16
2.1358e+16
2.18739e+16
2.47518e+16
2.46864e+16
4.31476e+16
5.14227e+16
8.19217e+16
1.14637e+17
1.76649e+17
1.96642e+17
2.43993e+17
2.46501e+17
2.33662e+17
2.54142e+17
3.13471e+17
3.57151e+17
3.80158e+17
3.94685e+17
4.56304e+17
4.37816e+17
4.52697e+17
4.12689e+17
4.40717e+17
5.19975e+17
5.00778e+17
5.1445e+17
5.46005e+17
5.35197e+17
6.21125e+17
6.49036e+17
6.73407e+17
6.55853e+17
6.57393e+17
6.92395e+17
7.61845e+17
8.20077e+17
8.40888e+17
9.36247e+17
1.10239e+18
1.01408e+18
1.10072e+18
1.07572e+18
1.26479e+18
1.32741e+18
1.43354e+18
1.55543e+18
1.79288e+18
1.8229e+18
2.20534e+18
2.42096e+18
2.82052e+18
3.15681e+18
3.68065e+18
3.91965e+18
4.99595e+18
5.48925e+18
8.68865e+18
1.2935e+19
9.18103e+18
1.66197e+19
5.71861e+17
5.34926e+17
1.983e+17
1.86158e+17
1.50397e+17
1.56722e+17
1.09283e+17
1.13868e+17
1.20264e+17
1.10526e+17
8.45654e+16
6.19803e+16
4.12769e+16
4.84805e+16
5.82827e+16
6.82975e+16
4.66085e+16
6.69599e+16
6.44056e+16
4.87598e+16
4.33514e+16
4.33209e+16
3.91181e+16
3.72541e+16
3.46745e+16
3.56988e+16
3.22453e+16
3.86062e+16
4.35374e+16
2.58085e+16
3.34096e+16
3.30614e+16
2.81594e+16
2.77537e+16
2.77203e+16
2.7847e+16
3.01294e+16
3.02618e+16
3.18023e+16
3.11263e+16
3.46656e+16
3.24065e+16
3.17029e+16
3.0038e+16
4.36252e+16
3.498e+16
3.00512e+16
2.93045e+16
3.02915e+16
3.05043e+16
2.59696e+16
2.47408e+16
2.48236e+16
2.62714e+16
2.11071e+16
2.20128e+16
1.68954e+16
1.49154e+16
1.42678e+16
1.27972e+16
1.18375e+16
1.57596e+16
1.14863e+16
1.01144e+16
1.05908e+16
1.18568e+16
1.22844e+16
1.53773e+16
9.68789e+15
2.33483e+15
3.10982e+15
2.14145e+15
1.31855e+15
2.49913e+15
1.26662e+15
2.56939e+15
1.06677e+14
4.19078e+15
1.91681e+15
2.92497e+15
3.22234e+15
3.33261e+15
5.59498e+15
3.46226e+15
2.18559e+15
2.16525e+15
4.38965e+14
5.81637e+14
5.93046e+14
8.51812e+14
1.8542e+14
1.36885e+14
3.86287e+14
3.19142e+14
2.54699e+14
4.38424e+14
7.20598e+14
5.10776e+14
3.90638e+15
2.52741e+15
3.87776e+15
3.22278e+15
5.09337e+15
5.0312e+15
3.72363e+15
3.10513e+15
3.86665e+15
4.05094e+15
2.98243e+15
2.83759e+15
3.22207e+15
3.18412e+15
1.34411e+15
1.3772e+15
6.9032e+14
6.70963e+14
7.28456e+14
1.17725e+15
6.06196e+15
4.65036e+15
6.62773e+15
5.5837e+15
1.21352e+16
1.3586e+16
1.69433e+16
1.43251e+16
1.09341e+16
1.16429e+16
1.63704e+16
1.74314e+16
1.71633e+16
1.77233e+16
2.49426e+16
2.33865e+16
3.15861e+16
2.70018e+16
5.76729e+16
5.00933e+16
8.57412e+16
1.09479e+17
1.87078e+17
2.06296e+17
2.45657e+17
2.71917e+17
2.6885e+17
2.45061e+17
2.93114e+17
3.54127e+17
3.89515e+17
4.16898e+17
4.37762e+17
4.53477e+17
4.84165e+17
4.77336e+17
4.52257e+17
4.97769e+17
5.1517e+17
5.15637e+17
6.22066e+17
6.04153e+17
6.40928e+17
6.33456e+17
7.10065e+17
6.92896e+17
6.91113e+17
6.92275e+17
7.72072e+17
7.76122e+17
9.05764e+17
8.6718e+17
9.78342e+17
1.08874e+18
1.06181e+18
1.13827e+18
1.24798e+18
1.32125e+18
1.43369e+18
1.60178e+18
1.73928e+18
1.83674e+18
2.17227e+18
2.42379e+18
2.81934e+18
3.17106e+18
3.69915e+18
4.13653e+18
4.71414e+18
5.32502e+18
8.11139e+18
1.32396e+19
1.16907e+19
1.62305e+19
3.84082e+16
2.18764e+16
5.62808e+14
5.35759e+14
1.28627e+15
1.41343e+16
1.0829e+15
1.47267e+16
3.71101e+15
1.33444e+16
9.01769e+15
2.18804e+16
2.2394e+16
1.44115e+16
2.00159e+16
5.96154e+15
6.34431e+15
4.3455e+15
1.72226e+16
7.04698e+14
2.35176e+16
1.23833e+16
1.68549e+16
1.04595e+16
3.33531e+15
3.83359e+15
3.06097e+15
1.05391e+16
5.70053e+15
2.28399e+15
3.79941e+14
1.23085e+15
8.1064e+14
2.42647e+15
3.54724e+15
4.6945e+15
5.73852e+15
1.59395e+16
1.15119e+16
2.842e+15
2.43235e+15
8.70636e+14
5.3367e+14
1.92578e+14
7.15462e+14
3.75988e+14
3.80899e+15
4.75907e+15
5.46238e+14
