# Incident energy (eV) <ix = -1> D@S@0@N@
 -0.244282531670984       0.000000000000000E+000
 -0.242390767786362        4.93594906231695     
 -0.237622113780123        4.93594921210882     
 -0.230839154145373        4.93594923258373     
 -0.221986432760037        4.93594867375838     
 -0.211373080598695        4.93594239961004     
 -0.198954505052842        4.93586826543102     
 -0.184806606748455        4.93563817354941     
 -0.169269304714827        4.93547916944645     
 -0.152143324331177        4.93403075619125     
 -0.133637227737630        4.72306859997483     
 -0.114063001153770        4.36309832213793     
 -9.364525751937050E-002   4.05014296603899     
 -7.278483025294782E-002   3.76417808843662     
 -5.235106003794521E-002   3.48932989901484     
 -3.344565391212947E-002   3.24287097893804     
 -1.757512559882496E-002   3.23719873360016     
 -6.249273217771856E-003   3.47649155207416     
 -9.388083447781359E-004   3.88401782368242     
  2.352205287065867E-004   3.91645838140222     
  1.575669548741498E-003   3.93201889670050     
  4.457701570038497E-003   3.97174003306678     
  8.896541894186344E-003   4.05847243607449     
  1.488972789109663E-002   4.29073591858971     
  2.203322389867238E-002   4.65606361460402     
  3.029455405784806E-002   5.07142449887438     
  3.996685209079284E-002   5.65915804565895     
  5.062160622627773E-002   6.21777142711353     
  6.247449621344162E-002   6.78614801078484     
  7.552054300533548E-002   7.38132996117629     
  8.853179713096879E-002   8.07902293226216     
  0.100962436432386        8.77142090389932     
  0.113092376352069        9.35258395621759     
  0.124776455946085        9.74050147113465     
  0.135641485396960        9.93128689970279     
  0.145177627081895        9.86706252011085     
  0.153159242660780        9.42702581586865     
  0.156931449080040       0.000000000000000E+000
# Incident energy (eV) <ix = -1> D@S@+1@N@
 -0.244282531670984       0.000000000000000E+000
 -0.242390767786362        5.18900370583507     
 -0.237622113780123        5.18216228631746     
 -0.230839154145373        5.12216031985242     
 -0.221986432760037        5.12986636605279     
 -0.211373080598695        5.16898075931351     
 -0.198954505052842        5.15796287473817     
 -0.184806606748455        5.28629018982253     
 -0.169269304714827        5.36737120849024     
 -0.152143324331177        5.61126517411066     
 -0.133637227737630        5.72314678886353     
 -0.114063001153770        5.72282596905103     
 -9.364525751937050E-002   5.88871113238529     
 -7.278483025294782E-002   6.01455063110032     
 -5.235106003794521E-002   6.11907262922464     
 -3.344565391212947E-002   6.32246785956024     
 -1.757512559882496E-002   6.86698287405126     
 -6.249273217771856E-003   7.63108879541816     
 -9.388083447781359E-004   8.71824533125732     
  2.352205287065867E-004   8.96282914644402     
  1.575669548741498E-003   9.12948641514840     
  4.457701570038497E-003   9.23577980888438     
  8.896541894186344E-003   9.38862511789150     
  1.488972789109663E-002   9.90902346633041     
  2.203322389867238E-002   10.7618301456312     
  3.029455405784806E-002   11.7600900212652     
  3.996685209079284E-002   13.0818599137512     
  5.062160622627773E-002   14.8672091689208     
  6.247449621344162E-002   16.7454595331957     
  7.552054300533548E-002   18.5536319759913     
  8.853179713096879E-002   20.3841205747202     
  0.100962436432386        21.7287943764033     
  0.113092376352069        22.5544430549706     
  0.124776455946085        22.8750675639707     
  0.135641485396960        22.7825057763268     
  0.145177627081895        22.1504607109948     
  0.153159242660780        20.8522029577566     
  0.156931449080040       0.000000000000000E+000
# Incident energy (eV) <ix = -1> C@S@0@N@
 -0.244282531670984       0.000000000000000E+000
 -0.242390767786362        4.93594906231695     
 -0.237622113780123        4.93594921210882     
 -0.230839154145373        4.93594923258373     
 -0.221986432760037        4.93594867375838     
 -0.211373080598695        4.93594239961004     
 -0.198954505052842        4.93586826543102     
 -0.184806606748455        4.93563817354941     
 -0.169269304714827        4.93547916944645     
 -0.152143324331177        4.93403075619125     
 -0.133637227737630        4.72306859997483     
 -0.114063001153770        4.36309832213793     
 -9.364525751937050E-002   4.05014296603899     
 -7.278483025294782E-002   3.76417808843662     
 -5.235106003794521E-002   3.48932989901484     
 -3.344565391212947E-002   3.24287097893804     
 -1.757512559882496E-002   3.23719873360016     
 -6.249273217771856E-003   3.47649155207416     
 -9.388083447781359E-004   3.88401782368242     
  2.352205287065867E-004   3.91645838140222     
  1.575669548741498E-003   3.93201889670050     
  4.457701570038497E-003   3.97174003306678     
  8.896541894186344E-003   4.05847243607449     
  1.488972789109663E-002   4.29073591858971     
  2.203322389867238E-002   4.65606361460402     
  3.029455405784806E-002   5.07142449887438     
  3.996685209079284E-002   5.65915804565895     
  5.062160622627773E-002   6.21777142711353     
  6.247449621344162E-002   6.78614801078484     
  7.552054300533548E-002   7.38132996117629     
  8.853179713096879E-002   8.07902293226216     
  0.100962436432386        8.77142090389932     
  0.113092376352069        9.35258395621759     
  0.124776455946085        9.74050147113465     
  0.135641485396960        9.93128689970279     
  0.145177627081895        9.86706252011085     
  0.153159242660780        9.42702581586865     
  0.156931449080040       0.000000000000000E+000
# Incident energy (eV) <ix = -1> C@S@+1@N@
 -0.244282531670984       0.000000000000000E+000
 -0.242390767786362        5.18900370583507     
 -0.237622113780123        5.18216228631746     
 -0.230839154145373        5.12216031985242     
 -0.221986432760037        5.12986636605279     
 -0.211373080598695        5.16898075931351     
 -0.198954505052842        5.15796287473817     
 -0.184806606748455        5.28629018982253     
 -0.169269304714827        5.36737120849024     
 -0.152143324331177        5.61126517411066     
 -0.133637227737630        5.72314678886353     
 -0.114063001153770        5.72282596905103     
 -9.364525751937050E-002   5.88871113238529     
 -7.278483025294782E-002   6.01455063110032     
 -5.235106003794521E-002   6.11907262922464     
 -3.344565391212947E-002   6.32246785956024     
 -1.757512559882496E-002   6.86698287405126     
 -6.249273217771856E-003   7.63108879541816     
 -9.388083447781359E-004   8.71824533125732     
  2.352205287065867E-004   8.96282914644402     
  1.575669548741498E-003   9.12948641514840     
  4.457701570038497E-003   9.23577980888438     
  8.896541894186344E-003   9.38862511789150     
  1.488972789109663E-002   9.90902346633041     
  2.203322389867238E-002   10.7618301456312     
  3.029455405784806E-002   11.7600900212652     
  3.996685209079284E-002   13.0818599137512     
  5.062160622627773E-002   14.8672091689208     
  6.247449621344162E-002   16.7454595331957     
  7.552054300533548E-002   18.5536319759913     
  8.853179713096879E-002   20.3841205747202     
  0.100962436432386        21.7287943764033     
  0.113092376352069        22.5544430549706     
  0.124776455946085        22.8750675639707     
  0.135641485396960        22.7825057763268     
  0.145177627081895        22.1504607109948     
  0.153159242660780        20.8522029577566     
  0.156931449080040       0.000000000000000E+000
# Incident energy (eV) <ix = -1> C@S@+2@N@
 -0.244282531670984       0.000000000000000E+000
 -0.242390767786362        5.44205834935319     
 -0.237622113780123        5.42837536052610     
 -0.230839154145373        5.30837140712111     
 -0.221986432760037        5.32378405834718     
 -0.211373080598695        5.40201911901698     
 -0.198954505052842        5.38005748404532     
 -0.184806606748455        5.63694220609565     
 -0.169269304714827        5.79926324753403     
 -0.152143324331177        6.28849959203007     
 -0.133637227737630        6.72322497775223     
 -0.114063001153770        7.08255361596413     
 -9.364525751937050E-002   7.72727929873159     
 -7.278483025294782E-002   8.26492317376402     
 -5.235106003794521E-002   8.74881535943444     
 -3.344565391212947E-002   9.40206474018244     
 -1.757512559882496E-002   10.4967670145024     
 -6.249273217771856E-003   11.7856860387622     
 -9.388083447781359E-004   13.5524728388322     
  2.352205287065867E-004   14.0091999114858     
  1.575669548741498E-003   14.3269539335963     
  4.457701570038497E-003   14.4998195847020     
  8.896541894186344E-003   14.7187777997085     
  1.488972789109663E-002   15.5273110140711     
  2.203322389867238E-002   16.8675966766584     
  3.029455405784806E-002   18.4487555436560     
  3.996685209079284E-002   20.5045617818433     
  5.062160622627773E-002   23.5166469107281     
  6.247449621344162E-002   26.7047710556066     
  7.552054300533548E-002   29.7259339908063     
  8.853179713096879E-002   32.6892182171782     
  0.100962436432386        34.6861678489073     
  0.113092376352069        35.7563021537236     
  0.124776455946085        36.0096336568067     
  0.135641485396960        35.6337246529508     
  0.145177627081895        34.4338589018788     
  0.153159242660780        32.2773800996446     
  0.156931449080040       0.000000000000000E+000
# Incident energy (eV) <ix = -1> C@S@+3@N@
 -0.244282531670984       0.000000000000000E+000
 -0.242390767786362        5.69511299287131     
 -0.237622113780123        5.67458843473474     
 -0.230839154145373        5.49458249438980     
 -0.221986432760037        5.51770175064159     
 -0.211373080598695        5.63505747872045     
 -0.198954505052842        5.60215209335247     
 -0.184806606748455        5.98759422236877     
 -0.169269304714827        6.23115528657782     
 -0.152143324331177        6.96573400994948     
 -0.133637227737630        7.72330316664093     
 -0.114063001153770        8.44228126287723     
 -9.364525751937050E-002   9.56584746507789     
 -7.278483025294782E-002   10.5152957164277     
 -5.235106003794521E-002   11.3785580896442     
 -3.344565391212947E-002   12.4816616208046     
 -1.757512559882496E-002   14.1265511549535     
 -6.249273217771856E-003   15.9402832821062     
 -9.388083447781359E-004   18.3867003464071     
  2.352205287065867E-004   19.0555706765276     
  1.575669548741498E-003   19.5244214520442     
  4.457701570038497E-003   19.7638593605196     
  8.896541894186344E-003   20.0489304815255     
  1.488972789109663E-002   21.1455985618118     
  2.203322389867238E-002   22.9733632076856     
  3.029455405784806E-002   25.1374210660468     
  3.996685209079284E-002   27.9272636499356     
  5.062160622627773E-002   32.1660846525354     
  6.247449621344162E-002   36.6640825780175     
  7.552054300533548E-002   40.8982360056213     
  8.853179713096879E-002   44.9943158596362     
  0.100962436432386        47.6435413214113     
  0.113092376352069        48.9581612524766     
  0.124776455946085        49.1441997496427     
  0.135641485396960        48.4849435295748     
  0.145177627081895        46.7172570927628     
  0.153159242660780        43.7025572415326     
  0.156931449080040       0.000000000000000E+000
# Incident energy (eV) <ix = -1> C@S@+4@N@
 -0.244282531670984       0.000000000000000E+000
 -0.242390767786362        5.94816763638943     
 -0.237622113780123        5.92080150894338     
 -0.230839154145373        5.68079358165849     
 -0.221986432760037        5.71161944293598     
 -0.211373080598695        5.86809583842392     
 -0.198954505052842        5.82424670265962     
 -0.184806606748455        6.33824623864189     
 -0.169269304714827        6.66304732562161     
 -0.152143324331177        7.64296842786889     
 -0.133637227737630        8.72338135552963     
 -0.114063001153770        9.80200890979033     
 -9.364525751937050E-002   11.4044156314242     
 -7.278483025294782E-002   12.7656682590914     
 -5.235106003794521E-002   14.0083008198540     
 -3.344565391212947E-002   15.5612585014268     
 -1.757512559882496E-002   17.7563352954046     
 -6.249273217771856E-003   20.0948805254502     
 -9.388083447781359E-004   23.2209278539820     
  2.352205287065867E-004   24.1019414415694     
  1.575669548741498E-003   24.7218889704921     
  4.457701570038497E-003   25.0278991363372     
  8.896541894186344E-003   25.3790831633425     
  1.488972789109663E-002   26.7638861095525     
  2.203322389867238E-002   29.0791297387128     
  3.029455405784806E-002   31.8260865884376     
  3.996685209079284E-002   35.3499655180278     
  5.062160622627773E-002   40.8155223943427     
  6.247449621344162E-002   46.6233941004284     
  7.552054300533548E-002   52.0705380204363     
  8.853179713096879E-002   57.2994135020942     
  0.100962436432386        60.6009147939153     
  0.113092376352069        62.1600203512296     
  0.124776455946085        62.2787658424786     
  0.135641485396960        61.3361624061988     
  0.145177627081895        59.0006552836469     
  0.153159242660780        55.1277343834206     
  0.156931449080040       0.000000000000000E+000
# Incident energy (eV) <ix = -1> C@S@+5@N@
 -0.244282531670984       0.000000000000000E+000
 -0.242390767786362        6.20122227990755     
 -0.237622113780123        6.16701458315202     
 -0.230839154145373        5.86700466892718     
 -0.221986432760037        5.90553713523038     
 -0.211373080598695        6.10113419812739     
 -0.198954505052842        6.04634131196677     
 -0.184806606748455        6.68889825491501     
 -0.169269304714827        7.09493936466540     
 -0.152143324331177        8.32020284578830     
 -0.133637227737630        9.72345954441833     
 -0.114063001153770        11.1617365567034     
 -9.364525751937050E-002   13.2429837977705     
 -7.278483025294782E-002   15.0160408017551     
 -5.235106003794521E-002   16.6380435500638     
 -3.344565391212947E-002   18.6408553820490     
 -1.757512559882496E-002   21.3861194358557     
 -6.249273217771856E-003   24.2494777687942     
 -9.388083447781359E-004   28.0551553615569     
  2.352205287065867E-004   29.1483122066112     
  1.575669548741498E-003   29.9193564889400     
  4.457701570038497E-003   30.2919389121548     
  8.896541894186344E-003   30.7092358451595     
  1.488972789109663E-002   32.3821736572932     
  2.203322389867238E-002   35.1848962697400     
  3.029455405784806E-002   38.5147521108284     
  3.996685209079284E-002   42.7726673861200     
  5.062160622627773E-002   49.4649601361500     
  6.247449621344162E-002   56.5827056228393     
  7.552054300533548E-002   63.2428400352513     
  8.853179713096879E-002   69.6045111445521     
  0.100962436432386        73.5582882664193     
  0.113092376352069        75.3618794499826     
  0.124776455946085        75.4133319353147     
  0.135641485396960        74.1873812828228     
  0.145177627081895        71.2840534745309     
  0.153159242660780        66.5529115253086     
  0.156931449080040       0.000000000000000E+000
# Incident energy (eV) <ix = -1> C@S@+6@N@
 -0.244282531670984       0.000000000000000E+000
 -0.242390767786362        6.45427692342567     
 -0.237622113780123        6.41322765736066     
 -0.230839154145373        6.05321575619587     
 -0.221986432760037        6.09945482752479     
 -0.211373080598695        6.33417255783086     
 -0.198954505052842        6.26843592127392     
 -0.184806606748455        7.03955027118814     
 -0.169269304714827        7.52683140370919     
 -0.152143324331177        8.99743726370771     
 -0.133637227737630        10.7235377333070     
 -0.114063001153770        12.5214642036165     
 -9.364525751937050E-002   15.0815519641168     
 -7.278483025294782E-002   17.2664133444188     
 -5.235106003794521E-002   19.2677862802736     
 -3.344565391212947E-002   21.7204522626712     
 -1.757512559882496E-002   25.0159035763068     
 -6.249273217771856E-003   28.4040750121382     
 -9.388083447781359E-004   32.8893828691318     
  2.352205287065867E-004   34.1946829716530     
  1.575669548741498E-003   35.1168240073879     
  4.457701570038497E-003   35.5559786879724     
  8.896541894186344E-003   36.0393885269765     
  1.488972789109663E-002   38.0004612050339     
  2.203322389867238E-002   41.2906628007672     
  3.029455405784806E-002   45.2034176332192     
  3.996685209079284E-002   50.1953692542122     
  5.062160622627773E-002   58.1143978779573     
  6.247449621344162E-002   66.5420171452502     
  7.552054300533548E-002   74.4151420500663     
  8.853179713096879E-002   81.9096087870102     
  0.100962436432386        86.5156617389233     
  0.113092376352069        88.5637385487356     
  0.124776455946085        88.5478980281507     
  0.135641485396960        87.0386001594468     
  0.145177627081895        83.5674516654149     
  0.153159242660780        77.9780886671966     
  0.156931449080040       0.000000000000000E+000
# Incident energy (eV) <ix = -1> D
 -0.244282531670984       0.000000000000000E+000
 -0.242390767786362       0.000000000000000E+000
 -0.237622113780123       0.000000000000000E+000
 -0.230839154145373       0.000000000000000E+000
 -0.221986432760037       0.000000000000000E+000
 -0.211373080598695       0.000000000000000E+000
 -0.198954505052842       0.000000000000000E+000
 -0.184806606748455       0.000000000000000E+000
 -0.169269304714827       0.000000000000000E+000
 -0.152143324331177       0.000000000000000E+000
 -0.133637227737630       0.000000000000000E+000
 -0.114063001153770       0.000000000000000E+000
 -9.364525751937050E-002  0.000000000000000E+000
 -7.278483025294782E-002  0.000000000000000E+000
 -5.235106003794521E-002  0.000000000000000E+000
 -3.344565391212947E-002  0.000000000000000E+000
 -1.757512559882496E-002  0.000000000000000E+000
 -6.249273217771856E-003  0.000000000000000E+000
 -9.388083447781359E-004  0.000000000000000E+000
  2.352205287065867E-004  0.000000000000000E+000
  1.575669548741498E-003  0.000000000000000E+000
  4.457701570038497E-003  0.000000000000000E+000
  8.896541894186344E-003  0.000000000000000E+000
  1.488972789109663E-002  0.000000000000000E+000
  2.203322389867238E-002  0.000000000000000E+000
  3.029455405784806E-002  0.000000000000000E+000
  3.996685209079284E-002  0.000000000000000E+000
  5.062160622627773E-002  0.000000000000000E+000
  6.247449621344162E-002  0.000000000000000E+000
  7.552054300533548E-002  0.000000000000000E+000
  8.853179713096879E-002  0.000000000000000E+000
  0.100962436432386       0.000000000000000E+000
  0.113092376352069       0.000000000000000E+000
  0.124776455946085       0.000000000000000E+000
  0.135641485396960       0.000000000000000E+000
  0.145177627081895       0.000000000000000E+000
  0.153159242660780       0.000000000000000E+000
  0.156931449080040       0.000000000000000E+000
# Incident energy (eV) <ix = -1> C
 -0.244282531670984       0.000000000000000E+000
 -0.242390767786362       0.000000000000000E+000
 -0.237622113780123       0.000000000000000E+000
 -0.230839154145373       0.000000000000000E+000
 -0.221986432760037       0.000000000000000E+000
 -0.211373080598695       0.000000000000000E+000
 -0.198954505052842       0.000000000000000E+000
 -0.184806606748455       0.000000000000000E+000
 -0.169269304714827       0.000000000000000E+000
 -0.152143324331177       0.000000000000000E+000
 -0.133637227737630       0.000000000000000E+000
 -0.114063001153770       0.000000000000000E+000
 -9.364525751937050E-002  0.000000000000000E+000
 -7.278483025294782E-002  0.000000000000000E+000
 -5.235106003794521E-002  0.000000000000000E+000
 -3.344565391212947E-002  0.000000000000000E+000
 -1.757512559882496E-002  0.000000000000000E+000
 -6.249273217771856E-003  0.000000000000000E+000
 -9.388083447781359E-004  0.000000000000000E+000
  2.352205287065867E-004  0.000000000000000E+000
  1.575669548741498E-003  0.000000000000000E+000
  4.457701570038497E-003  0.000000000000000E+000
  8.896541894186344E-003  0.000000000000000E+000
  1.488972789109663E-002  0.000000000000000E+000
  2.203322389867238E-002  0.000000000000000E+000
  3.029455405784806E-002  0.000000000000000E+000
  3.996685209079284E-002  0.000000000000000E+000
  5.062160622627773E-002  0.000000000000000E+000
  6.247449621344162E-002  0.000000000000000E+000
  7.552054300533548E-002  0.000000000000000E+000
  8.853179713096879E-002  0.000000000000000E+000
  0.100962436432386       0.000000000000000E+000
  0.113092376352069       0.000000000000000E+000
  0.124776455946085       0.000000000000000E+000
  0.135641485396960       0.000000000000000E+000
  0.145177627081895       0.000000000000000E+000
  0.153159242660780       0.000000000000000E+000
  0.156931449080040       0.000000000000000E+000
# Incident energy (eV) <ix = -1> D2
 -0.244282531670984       0.000000000000000E+000
 -0.242390767786362       0.000000000000000E+000
 -0.237622113780123       0.000000000000000E+000
 -0.230839154145373       0.000000000000000E+000
 -0.221986432760037       0.000000000000000E+000
 -0.211373080598695       0.000000000000000E+000
 -0.198954505052842       0.000000000000000E+000
 -0.184806606748455       0.000000000000000E+000
 -0.169269304714827       0.000000000000000E+000
 -0.152143324331177       0.000000000000000E+000
 -0.133637227737630       0.000000000000000E+000
 -0.114063001153770       0.000000000000000E+000
 -9.364525751937050E-002  0.000000000000000E+000
 -7.278483025294782E-002  0.000000000000000E+000
 -5.235106003794521E-002  0.000000000000000E+000
 -3.344565391212947E-002  0.000000000000000E+000
 -1.757512559882496E-002  0.000000000000000E+000
 -6.249273217771856E-003  0.000000000000000E+000
 -9.388083447781359E-004  0.000000000000000E+000
  2.352205287065867E-004  0.000000000000000E+000
  1.575669548741498E-003  0.000000000000000E+000
  4.457701570038497E-003  0.000000000000000E+000
  8.896541894186344E-003  0.000000000000000E+000
  1.488972789109663E-002  0.000000000000000E+000
  2.203322389867238E-002  0.000000000000000E+000
  3.029455405784806E-002  0.000000000000000E+000
  3.996685209079284E-002  0.000000000000000E+000
  5.062160622627773E-002  0.000000000000000E+000
  6.247449621344162E-002  0.000000000000000E+000
  7.552054300533548E-002  0.000000000000000E+000
  8.853179713096879E-002  0.000000000000000E+000
  0.100962436432386       0.000000000000000E+000
  0.113092376352069       0.000000000000000E+000
  0.124776455946085       0.000000000000000E+000
  0.135641485396960       0.000000000000000E+000
  0.145177627081895       0.000000000000000E+000
  0.153159242660780       0.000000000000000E+000
  0.156931449080040       0.000000000000000E+000
# Incident energy (eV) <ix = -1> D2+
 -0.244282531670984       0.000000000000000E+000
 -0.242390767786362       0.000000000000000E+000
 -0.237622113780123       0.000000000000000E+000
 -0.230839154145373       0.000000000000000E+000
 -0.221986432760037       0.000000000000000E+000
 -0.211373080598695       0.000000000000000E+000
 -0.198954505052842       0.000000000000000E+000
 -0.184806606748455       0.000000000000000E+000
 -0.169269304714827       0.000000000000000E+000
 -0.152143324331177       0.000000000000000E+000
 -0.133637227737630       0.000000000000000E+000
 -0.114063001153770       0.000000000000000E+000
 -9.364525751937050E-002  0.000000000000000E+000
 -7.278483025294782E-002  0.000000000000000E+000
 -5.235106003794521E-002  0.000000000000000E+000
 -3.344565391212947E-002  0.000000000000000E+000
 -1.757512559882496E-002  0.000000000000000E+000
 -6.249273217771856E-003  0.000000000000000E+000
 -9.388083447781359E-004  0.000000000000000E+000
  2.352205287065867E-004  0.000000000000000E+000
  1.575669548741498E-003  0.000000000000000E+000
  4.457701570038497E-003  0.000000000000000E+000
  8.896541894186344E-003  0.000000000000000E+000
  1.488972789109663E-002  0.000000000000000E+000
  2.203322389867238E-002  0.000000000000000E+000
  3.029455405784806E-002  0.000000000000000E+000
  3.996685209079284E-002  0.000000000000000E+000
  5.062160622627773E-002  0.000000000000000E+000
  6.247449621344162E-002  0.000000000000000E+000
  7.552054300533548E-002  0.000000000000000E+000
  8.853179713096879E-002  0.000000000000000E+000
  0.100962436432386       0.000000000000000E+000
  0.113092376352069       0.000000000000000E+000
  0.124776455946085       0.000000000000000E+000
  0.135641485396960       0.000000000000000E+000
  0.145177627081895       0.000000000000000E+000
  0.153159242660780       0.000000000000000E+000
  0.156931449080040       0.000000000000000E+000
