# Poloidal particle flux (s@S@-1@N@)/(m@S@2@N@) <ix = 68> D@S@0@N@
 -8.298112780275070E-002 -3.036537658908100E+018
 -7.999892189898374E-002 -3.036249810667922E+018
 -7.402507453420271E-002 -3.201372794053395E+018
 -6.791055227984956E-002 -3.168559857722295E+018
 -6.174981440842336E-002  4.311593246449450E+017
 -5.567201849664687E-002 -9.241011422841373E+018
 -4.966013964668400E-002 -6.441478067937411E+018
 -4.368482245665926E-002 -1.466097119394537E+019
 -3.787090370325263E-002 -2.184117612081488E+019
 -3.234477536458003E-002 -2.352619725322004E+019
 -2.707852906152587E-002 -4.423628062607856E+019
 -2.210072347037286E-002 -4.500285856127018E+019
 -1.747820759134057E-002 -5.845051017197031E+019
 -1.327923675318496E-002 -6.113165485042337E+019
 -9.594947495128459E-003 -4.165528823813673E+019
 -6.427617069762359E-003 -5.679317240792203E+019
 -3.801140091505575E-003 -6.802196291364485E+019
 -1.797546034064623E-003 -8.108373524999315E+019
 -4.817563879182252E-004 -8.548362573952839E+019
  9.693199513713391E-005 -7.871982894159279E+019
  6.344180429212753E-004 -8.594994585149584E+019
  1.784931623526026E-003 -7.185344235831197E+019
  3.439112882887951E-003 -7.948008920305888E+019
  5.527572306902998E-003 -6.903028391200045E+019
  7.979018536449209E-003 -7.734732526450577E+019
  1.072761457948287E-002 -9.486357516627498E+019
  1.374059398868285E-002 -1.168500423335421E+020
  1.695065049672913E-002 -1.524405957715288E+020
  2.029238053783428E-002 -1.791464610978856E+020
  2.371545283653860E-002 -2.039414908914700E+020
  2.712823928408599E-002 -2.188802605666764E+020
  3.046318000102995E-002 -2.156920696349517E+020
  3.366742676376717E-002 -2.513471386011310E+020
  3.668792758009935E-002 -2.664534101006134E+020
  3.947675505445114E-002 -2.740205763584997E+020
  4.199357014178487E-002 -2.573251025871005E+020
  4.420516372673261E-002 -2.548562750829825E+020
  4.524334302749178E-002 -2.552697328359239E+020
# Poloidal particle flux (s@S@-1@N@)/(m@S@2@N@) <ix = 68> D@S@+1@N@
 -8.298112780275070E-002  0.000000000000000E+000
 -7.999892189898374E-002 -1.564264373826426E+021
 -7.402507453420271E-002 -9.331539840906896E+020
 -6.791055227984956E-002 -6.171616133386230E+020
 -6.174981440842336E-002 -5.452227064783587E+020
 -5.567201849664687E-002 -5.961520291795685E+020
 -4.966013964668400E-002 -7.034318223168056E+020
 -4.368482245665926E-002 -8.495161995624966E+020
 -3.787090370325263E-002 -1.022678847599696E+021
 -3.234477536458003E-002 -1.141128795353159E+021
 -2.707852906152587E-002 -1.123046806950287E+021
 -2.210072347037286E-002 -1.048614127266186E+021
 -1.747820759134057E-002 -1.016549589903835E+021
 -1.327923675318496E-002 -1.153946540668885E+021
 -9.594947495128459E-003 -1.174094595266811E+021
 -6.427617069762359E-003 -8.869427523476864E+020
 -3.801140091505575E-003 -3.324692249567547E+020
 -1.797546034064623E-003  2.646494828144562E+020
 -4.817563879182252E-004  7.165686147656796E+020
  9.693199513713391E-005  8.662577211875492E+020
  6.344180429212753E-004  1.082093127396698E+021
  1.784931623526026E-003  1.503006355011494E+021
  3.439112882887951E-003  2.091653703006539E+021
  5.527572306902998E-003  2.775771841456789E+021
  7.979018536449209E-003  3.451421820811576E+021
  1.072761457948287E-002  3.978780778192494E+021
  1.374059398868285E-002  4.218839816526766E+021
  1.695065049672913E-002  4.359373880981481E+021
  2.029238053783428E-002  4.226980562808320E+021
  2.371545283653860E-002  3.985726549409875E+021
  2.712823928408599E-002  3.861608735992224E+021
  3.046318000102995E-002  3.809748011824539E+021
  3.366742676376717E-002  3.709136032027984E+021
  3.668792758009935E-002  3.591427836924761E+021
  3.947675505445114E-002  3.447566979800763E+021
  4.199357014178487E-002  3.180540268913013E+021
  4.420516372673261E-002  2.859596001993414E+021
  4.524334302749178E-002  0.000000000000000E+000
# Poloidal particle flux (s@S@-1@N@)/(m@S@2@N@) <ix = 68> C@S@0@N@
 -8.298112780275070E-002  0.000000000000000E+000
 -7.999892189898374E-002  -156986890277416.     
 -7.402507453420271E-002  -60730788167928.0     
 -6.791055227984956E-002  -16371587745925.6     
 -6.174981440842336E-002   13290109021254.9     
 -5.567201849664687E-002   42177659284587.4     
 -4.966013964668400E-002   53052731207889.3     
 -4.368482245665926E-002   47350032249020.2     
 -3.787090370325263E-002  -680765302986341.     
 -3.234477536458003E-002 -2.038650671332633E+015
 -2.707852906152587E-002 -2.979124613891261E+015
 -2.210072347037286E-002 -3.184785143388224E+015
 -1.747820759134057E-002 -3.423308146768860E+015
 -1.327923675318496E-002 -6.762971010676908E+015
 -9.594947495128459E-003 -8.537431169564823E+015
 -6.427617069762359E-003 -9.136249414681468E+015
 -3.801140091505575E-003 -9.788687355059664E+015
 -1.797546034064623E-003 -1.041532876743582E+016
 -4.817563879182252E-004 -1.061432598995639E+016
  9.693199513713391E-005 -1.002016519836710E+016
  6.344180429212753E-004 -1.041596483729203E+016
  1.784931623526026E-003 -1.051835300325976E+016
  3.439112882887951E-003 -1.083517055145565E+016
  5.527572306902998E-003 -1.203913265806432E+016
  7.979018536449209E-003 -1.564655331219184E+016
  1.072761457948287E-002 -1.982483098648084E+016
  1.374059398868285E-002 -3.254135309601574E+016
  1.695065049672913E-002 -5.021484685427130E+016
  2.029238053783428E-002 -7.896553991278770E+016
  2.371545283653860E-002 -1.561497729099710E+017
  2.712823928408599E-002 -2.281248124782255E+017
  3.046318000102995E-002 -3.470780965649476E+017
  3.366742676376717E-002 -4.896204648681672E+017
  3.668792758009935E-002 -6.660800741440909E+017
  3.947675505445114E-002 -8.598954180492374E+017
  4.199357014178487E-002 -1.033869626739608E+018
  4.420516372673261E-002 -1.139476132421506E+018
  4.524334302749178E-002 -1.142394009158386E+018
# Poloidal particle flux (s@S@-1@N@)/(m@S@2@N@) <ix = 68> C@S@+1@N@
 -8.298112780275070E-002  0.000000000000000E+000
 -7.999892189898374E-002  -10178054692886.4     
 -7.402507453420271E-002  -15284512603146.6     
 -6.791055227984956E-002   18508607954416.3     
 -6.174981440842336E-002   26979527640261.6     
 -5.567201849664687E-002   23076615749537.3     
 -4.966013964668400E-002   18622644189242.6     
 -4.368482245665926E-002   9177413891935.40     
 -3.787090370325263E-002  -765263360973.975     
 -3.234477536458003E-002  -28868254084165.8     
 -2.707852906152587E-002   32236395091922.7     
 -2.210072347037286E-002   398908887046116.     
 -1.747820759134057E-002  1.316593599718824E+015
 -1.327923675318496E-002  1.951913988230084E+015
 -9.594947495128459E-003  2.272027591975435E+015
 -6.427617069762359E-003  2.328038432178362E+015
 -3.801140091505575E-003  2.681167560034990E+015
 -1.797546034064623E-003  3.186166883197758E+015
 -4.817563879182252E-004  3.650702312405168E+015
  9.693199513713391E-005  3.690537826076402E+015
  6.344180429212753E-004  4.063644408794177E+015
  1.784931623526026E-003  4.699865347643908E+015
  3.439112882887951E-003  5.690587668689122E+015
  5.527572306902998E-003  7.356079278624546E+015
  7.979018536449209E-003  1.029399101623475E+016
  1.072761457948287E-002  1.728606261865554E+016
  1.374059398868285E-002  3.024551960750508E+016
  1.695065049672913E-002  5.939998235084444E+016
  2.029238053783428E-002  1.185019795241000E+017
  2.371545283653860E-002  2.353165083395209E+017
  2.712823928408599E-002  3.900027516980387E+017
  3.046318000102995E-002  5.853033298360417E+017
  3.366742676376717E-002  8.196001377435140E+017
  3.668792758009935E-002  1.055174882237761E+018
  3.947675505445114E-002  1.233251400171597E+018
  4.199357014178487E-002  1.270450887019721E+018
  4.420516372673261E-002  1.188697087500933E+018
  4.524334302749178E-002  0.000000000000000E+000
# Poloidal particle flux (s@S@-1@N@)/(m@S@2@N@) <ix = 68> C@S@+2@N@
 -8.298112780275070E-002  0.000000000000000E+000
 -7.999892189898374E-002  -195452705048488.     
 -7.402507453420271E-002  -308451227388536.     
 -6.791055227984956E-002  -230467414029996.     
 -6.174981440842336E-002  -224023345921217.     
 -5.567201849664687E-002  -270111457063634.     
 -4.966013964668400E-002  -355459907549907.     
 -4.368482245665926E-002  -568783095265384.     
 -3.787090370325263E-002 -1.030295032365746E+015
 -3.234477536458003E-002 -1.788946881491038E+015
 -2.707852906152587E-002 -2.510633250418663E+015
 -2.210072347037286E-002 -3.042433446890887E+015
 -1.747820759134057E-002 -4.737930658736040E+015
 -1.327923675318496E-002 -9.742534142919922E+015
 -9.594947495128459E-003 -1.556999073596771E+016
 -6.427617069762359E-003 -1.420226746861720E+016
 -3.801140091505575E-003  5.490314850618513E+015
 -1.797546034064623E-003  5.411745812325331E+016
 -4.817563879182252E-004  1.049912752846254E+017
  9.693199513713391E-005  1.246451486977546E+017
  6.344180429212753E-004  1.520662583337992E+017
  1.784931623526026E-003  2.129111033629657E+017
  3.439112882887951E-003  3.203739243226570E+017
  5.527572306902998E-003  4.939550396348749E+017
  7.979018536449209E-003  7.551694577033019E+017
  1.072761457948287E-002  1.125770388766393E+018
  1.374059398868285E-002  1.598549547214274E+018
  1.695065049672913E-002  2.259332909376525E+018
  2.029238053783428E-002  3.117642435696239E+018
  2.371545283653860E-002  4.264616087391180E+018
  2.712823928408599E-002  5.231448278492435E+018
  3.046318000102995E-002  6.022114269652024E+018
  3.366742676376717E-002  6.608684682586502E+018
  3.668792758009935E-002  6.961507723250408E+018
  3.947675505445114E-002  7.033434586265840E+018
  4.199357014178487E-002  6.661906950212217E+018
  4.420516372673261E-002  6.046857630871072E+018
  4.524334302749178E-002  0.000000000000000E+000
# Poloidal particle flux (s@S@-1@N@)/(m@S@2@N@) <ix = 68> C@S@+3@N@
 -8.298112780275070E-002  0.000000000000000E+000
 -7.999892189898374E-002  3.515549851569784E+015
 -7.402507453420271E-002  2.703302929104618E+015
 -6.791055227984956E-002  4.955551713873425E+015
 -6.174981440842336E-002  5.593860906217178E+015
 -5.567201849664687E-002   879516653995598.     
 -4.966013964668400E-002 -1.098916711923149E+016
 -4.368482245665926E-002 -3.087687583258642E+016
 -3.787090370325263E-002 -6.003166934589470E+016
 -3.234477536458003E-002 -9.395980615075523E+016
 -2.707852906152587E-002 -1.217197886803733E+017
 -2.210072347037286E-002 -1.451252339849222E+017
 -1.747820759134057E-002 -1.817378565190788E+017
 -1.327923675318496E-002 -2.798868024186346E+017
 -9.594947495128459E-003 -3.768660235613923E+017
 -6.427617069762359E-003 -3.900363294716771E+017
 -3.801140091505575E-003 -2.923935592749113E+017
 -1.797546034064623E-003 -1.153741730424165E+017
 -4.817563879182252E-004  5.886605470015599E+016
  9.693199513713391E-005  1.372051821947132E+017
  6.344180429212753E-004  2.167636181163355E+017
  1.784931623526026E-003  3.956705970309464E+017
  3.439112882887951E-003  6.746201640126280E+017
  5.527572306902998E-003  1.045745675076929E+018
  7.979018536449209E-003  1.475761915039668E+018
  1.072761457948287E-002  1.902310680972250E+018
  1.374059398868285E-002  2.232340444618731E+018
  1.695065049672913E-002  2.513040177432061E+018
  2.029238053783428E-002  2.632156918657811E+018
  2.371545283653860E-002  2.633381468596924E+018
  2.712823928408599E-002  2.593555286247831E+018
  3.046318000102995E-002  2.544261876143463E+018
  3.366742676376717E-002  2.431388191634743E+018
  3.668792758009935E-002  2.301063672462175E+018
  3.947675505445114E-002  2.160418086553184E+018
  4.199357014178487E-002  1.962551563264129E+018
  4.420516372673261E-002  1.750303720754567E+018
  4.524334302749178E-002  0.000000000000000E+000
# Poloidal particle flux (s@S@-1@N@)/(m@S@2@N@) <ix = 68> C@S@+4@N@
 -8.298112780275070E-002  0.000000000000000E+000
 -7.999892189898374E-002 -3.225345963261996E+017
 -7.402507453420271E-002 -3.513022144212665E+017
 -6.791055227984956E-002 -3.077458790819414E+017
 -6.174981440842336E-002 -3.166999544023508E+017
 -5.567201849664687E-002 -3.730539768520456E+017
 -4.966013964668400E-002 -4.454462996089183E+017
 -4.368482245665926E-002 -5.291928376648564E+017
 -3.787090370325263E-002 -6.326722131596379E+017
 -3.234477536458003E-002 -7.141929672164096E+017
 -2.707852906152587E-002 -7.355796944511049E+017
 -2.210072347037286E-002 -7.367101389544986E+017
 -1.747820759134057E-002 -7.467956731723702E+017
 -1.327923675318496E-002 -8.304123222278284E+017
 -9.594947495128459E-003 -8.498980676372079E+017
 -6.427617069762359E-003 -7.259815604302092E+017
 -3.801140091505575E-003 -4.822940171641119E+017
 -1.797546034064623E-003 -2.133964064727148E+017
 -4.817563879182252E-004  1.253290969723540E+015
  9.693199513713391E-005  9.596086889379355E+016
  6.344180429212753E-004  1.898286691590722E+017
  1.784931623526026E-003  3.877838580716031E+017
  3.439112882887951E-003  6.650399092961268E+017
  5.527572306902998E-003  9.841451755863827E+017
  7.979018536449209E-003  1.292836765054288E+018
  1.072761457948287E-002  1.528860077161994E+018
  1.374059398868285E-002  1.637405134728745E+018
  1.695065049672913E-002  1.686846265449142E+018
  2.029238053783428E-002  1.615058800490201E+018
  2.371545283653860E-002  1.491449185709938E+018
  2.712823928408599E-002  1.423555796764595E+018
  3.046318000102995E-002  1.393053157158952E+018
  3.366742676376717E-002  1.349829616375482E+018
  3.668792758009935E-002  1.304789694447660E+018
  3.947675505445114E-002  1.250668440471939E+018
  4.199357014178487E-002  1.152519907535242E+018
  4.420516372673261E-002  1.034186015050717E+018
  4.524334302749178E-002  0.000000000000000E+000
# Poloidal particle flux (s@S@-1@N@)/(m@S@2@N@) <ix = 68> C@S@+5@N@
 -8.298112780275070E-002  0.000000000000000E+000
 -7.999892189898374E-002  -171713651119625.     
 -7.402507453420271E-002  -147277863214512.     
 -6.791055227984956E-002  -103274469250755.     
 -6.174981440842336E-002  -82373760322001.0     
 -5.567201849664687E-002  -73858064293575.1     
 -4.966013964668400E-002  -69316295524024.4     
 -4.368482245665926E-002  -68126365906308.7     
 -3.787090370325263E-002  -70783215340407.2     
 -3.234477536458003E-002  -72221933111614.6     
 -2.707852906152587E-002  -69475640620698.5     
 -2.210072347037286E-002  -66474871223792.0     
 -1.747820759134057E-002  -64397879974684.7     
 -1.327923675318496E-002  -66036787741841.9     
 -9.594947495128459E-003  -62663952136363.2     
 -6.427617069762359E-003  -50771983410247.5     
 -3.801140091505575E-003  -32560826142222.4     
 -1.797546034064623E-003  -14062466060074.9     
 -4.817563879182252E-004   812009314497.923     
  9.693199513713391E-005   8028522033994.51     
  6.344180429212753E-004   15430281988617.8     
  1.784931623526026E-003   30885754790932.0     
  3.439112882887951E-003   52480194557663.7     
  5.527572306902998E-003   77397658876750.1     
  7.979018536449209E-003   101783217078205.     
  1.072761457948287E-002   121081977128267.     
  1.374059398868285E-002   131119673748478.     
  1.695065049672913E-002   137227963473212.     
  2.029238053783428E-002   134339233744218.     
  2.371545283653860E-002   127725224112583.     
  2.712823928408599E-002   124695038857808.     
  3.046318000102995E-002   124066438200438.     
  3.366742676376717E-002   121966868216549.     
  3.668792758009935E-002   119204610668951.     
  3.947675505445114E-002   115166925110674.     
  4.199357014178487E-002   106666228347883.     
  4.420516372673261E-002   95881145041980.1     
  4.524334302749178E-002  0.000000000000000E+000
# Poloidal particle flux (s@S@-1@N@)/(m@S@2@N@) <ix = 68> C@S@+6@N@
 -8.298112780275070E-002  0.000000000000000E+000
 -7.999892189898374E-002  -367683598560.169     
 -7.402507453420271E-002  -477944841748.160     
 -6.791055227984956E-002  -468219978865.996     
 -6.174981440842336E-002  -537665130932.883     
 -5.567201849664687E-002  -682954784844.254     
 -4.966013964668400E-002  -850971326437.025     
 -4.368482245665926E-002  -1036795379120.83     
 -3.787090370325263E-002  -1257990713384.86     
 -3.234477536458003E-002  -1431524839613.07     
 -2.707852906152587E-002  -1478758096777.38     
 -2.210072347037286E-002  -1480212258600.58     
 -1.747820759134057E-002  -1497139861733.51     
 -1.327923675318496E-002  -1674195220159.38     
 -9.594947495128459E-003  -1729199992990.39     
 -6.427617069762359E-003  -1503732928953.34     
 -3.801140091505575E-003  -1023244965569.35     
 -1.797546034064623E-003  -450593497633.033     
 -4.817563879182252E-004   35908576413.7861     
  9.693199513713391E-005   261796684476.097     
  6.344180429212753E-004   484068886558.068     
  1.784931623526026E-003   961618361045.097     
  3.439112882887951E-003   1663222970844.38     
  5.527572306902998E-003   2529826140632.86     
  7.979018536449209E-003   3460988273203.62     
  1.072761457948287E-002   4309250220937.41     
  1.374059398868285E-002   4902439689403.60     
  1.695065049672913E-002   5403273588578.50     
  2.029238053783428E-002   5624652975171.98     
  2.371545283653860E-002   5766122953436.22     
  2.712823928408599E-002   5971388193437.14     
  3.046318000102995E-002   6236610654158.07     
  3.366742676376717E-002   6452536390733.23     
  3.668792758009935E-002   6648635324068.19     
  3.947675505445114E-002   6781020087595.97     
  4.199357014178487E-002   6620033927663.32     
  4.420516372673261E-002   6236636514658.26     
  4.524334302749178E-002  0.000000000000000E+000
