# Poloidal particle flux (s@S@-1@N@)/(m@S@2@N@) <ix = 68> D@S@0@N@
 -8.298112780275070E-002  3.448858774508437E+018
 -7.999892189898374E-002  3.447791062615117E+018
 -7.402507453420271E-002 -3.585387705629273E+018
 -6.791055227984956E-002  1.085572825658503E+019
 -6.174981440842336E-002  1.320848536844174E+019
 -5.567201849664687E-002  1.503490142211345E+019
 -4.966013964668400E-002  1.334899858962234E+019
 -4.368482245665926E-002  1.066038362815640E+019
 -3.787090370325263E-002 -5.315091460752731E+018
 -3.234477536458003E-002 -1.142878041971514E+018
 -2.707852906152587E-002 -6.986059179054857E+018
 -2.210072347037286E-002 -2.257114301499670E+019
 -1.747820759134057E-002 -4.410819224602426E+019
 -1.327923675318496E-002 -4.562360216490121E+019
 -9.594947495128459E-003 -5.449369172084975E+019
 -6.427617069762359E-003 -5.687673078697442E+019
 -3.801140091505575E-003 -8.225043242005964E+019
 -1.797546034064623E-003 -1.036023516506675E+020
 -4.817563879182252E-004 -1.142640208696072E+020
  9.693199513713391E-005 -1.124693106252053E+020
  6.344180429212753E-004 -1.344236424760452E+020
  1.784931623526026E-003 -1.433684662857304E+020
  3.439112882887951E-003 -1.026274266078721E+020
  5.527572306902998E-003 -9.298295958564867E+019
  7.979018536449209E-003 -1.177727846388474E+020
  1.072761457948287E-002 -1.161740100647405E+020
  1.374059398868285E-002 -1.578212238796866E+020
  1.695065049672913E-002 -1.825916277661133E+020
  2.029238053783428E-002 -1.830211028178204E+020
  2.371545283653860E-002 -1.927309660811275E+020
  2.712823928408599E-002 -2.139624829081099E+020
  3.046318000102995E-002 -2.473751053789930E+020
  3.366742676376717E-002 -3.045771772185539E+020
  3.668792758009935E-002 -3.408776749511317E+020
  3.947675505445114E-002 -3.409115323867756E+020
  4.199357014178487E-002 -3.304906356492539E+020
  4.420516372673261E-002 -3.529405019875059E+020
  4.524334302749178E-002 -3.535112480650793E+020
# Poloidal particle flux (s@S@-1@N@)/(m@S@2@N@) <ix = 68> D@S@+1@N@
 -8.298112780275070E-002  0.000000000000000E+000
 -7.999892189898374E-002 -2.096052410686868E+021
 -7.402507453420271E-002 -1.097867282922448E+021
 -6.791055227984956E-002 -5.754073335102542E+020
 -6.174981440842336E-002 -4.202746527966748E+020
 -5.567201849664687E-002 -5.256540934616768E+020
 -4.966013964668400E-002 -8.409320120810500E+020
 -4.368482245665926E-002 -1.285893315141629E+021
 -3.787090370325263E-002 -1.799606482590653E+021
 -3.234477536458003E-002 -2.069434797823392E+021
 -2.707852906152587E-002 -1.793371388297351E+021
 -2.210072347037286E-002 -1.102669154171213E+021
 -1.747820759134057E-002 -4.363912416689640E+020
 -1.327923675318496E-002 -7.289951884564869E+019
 -9.594947495128459E-003  4.650860325834819E+020
 -6.427617069762359E-003  1.227619652667142E+021
 -3.801140091505575E-003  2.054422382980806E+021
 -1.797546034064623E-003  2.805919961213577E+021
 -4.817563879182252E-004  3.326174654322777E+021
  9.693199513713391E-005  3.333278750064211E+021
  6.344180429212753E-004  3.648966460800560E+021
  1.784931623526026E-003  4.106642254389623E+021
  3.439112882887951E-003  4.717843822984217E+021
  5.527572306902998E-003  5.421907489214602E+021
  7.979018536449209E-003  6.133283363152862E+021
  1.072761457948287E-002  6.689537051502868E+021
  1.374059398868285E-002  6.877066225887406E+021
  1.695065049672913E-002  7.001866814500189E+021
  2.029238053783428E-002  6.743165546110867E+021
  2.371545283653860E-002  6.322517276412402E+021
  2.712823928408599E-002  6.085138663801269E+021
  3.046318000102995E-002  5.945003988686196E+021
  3.366742676376717E-002  5.706738864845208E+021
  3.668792758009935E-002  5.445237716061373E+021
  3.947675505445114E-002  5.137399222499404E+021
  4.199357014178487E-002  4.670325238522049E+021
  4.420516372673261E-002  4.168439218788364E+021
  4.524334302749178E-002  0.000000000000000E+000
# Poloidal particle flux (s@S@-1@N@)/(m@S@2@N@) <ix = 68> C@S@0@N@
 -8.298112780275070E-002  0.000000000000000E+000
 -7.999892189898374E-002  -146359267770593.     
 -7.402507453420271E-002  -65391555377425.5     
 -6.791055227984956E-002  -25237629264241.0     
 -6.174981440842336E-002  -1049782438994.56     
 -5.567201849664687E-002   21821936222975.7     
 -4.966013964668400E-002   40215632979403.9     
 -4.368482245665926E-002   62972980359367.4     
 -3.787090370325263E-002   99066446508482.4     
 -3.234477536458003E-002   128919359133222.     
 -2.707852906152587E-002  -450653820684.596     
 -2.210072347037286E-002  -417596621708686.     
 -1.747820759134057E-002  -367376955542376.     
 -1.327923675318496E-002  -629083195395158.     
 -9.594947495128459E-003  -936368089252534.     
 -6.427617069762359E-003 -1.098193595427758E+015
 -3.801140091505575E-003 -1.052169882988734E+015
 -1.797546034064623E-003 -1.541327680862380E+015
 -4.817563879182252E-004 -3.015743114603478E+015
  9.693199513713391E-005 -2.864829472570538E+015
  6.344180429212753E-004 -3.119708472154763E+015
  1.784931623526026E-003 -4.435673262035659E+015
  3.439112882887951E-003 -7.043988713690211E+015
  5.527572306902998E-003 -8.957308396418366E+015
  7.979018536449209E-003 -1.383592842602645E+016
  1.072761457948287E-002 -2.369392328096621E+016
  1.374059398868285E-002 -5.046347228930926E+016
  1.695065049672913E-002 -8.976601340545549E+016
  2.029238053783428E-002 -1.441161116769770E+017
  2.371545283653860E-002 -2.528526625682758E+017
  2.712823928408599E-002 -4.086142196239247E+017
  3.046318000102995E-002 -6.253687448569996E+017
  3.366742676376717E-002 -8.654074916878112E+017
  3.668792758009935E-002 -1.159546989529022E+018
  3.947675505445114E-002 -1.449081942362311E+018
  4.199357014178487E-002 -1.724526802013235E+018
  4.420516372673261E-002 -1.905524947745750E+018
  4.524334302749178E-002 -1.909342313099116E+018
# Poloidal particle flux (s@S@-1@N@)/(m@S@2@N@) <ix = 68> C@S@+1@N@
 -8.298112780275070E-002  0.000000000000000E+000
 -7.999892189898374E-002  -15420158080784.9     
 -7.402507453420271E-002  -9888498632858.48     
 -6.791055227984956E-002  -11726980492636.3     
 -6.174981440842336E-002  -18007262606191.5     
 -5.567201849664687E-002  -14052538839909.8     
 -4.966013964668400E-002  -27348594845550.0     
 -4.368482245665926E-002  -64215079769860.9     
 -3.787090370325263E-002  -81335648153726.5     
 -3.234477536458003E-002  -68533767607096.3     
 -2.707852906152587E-002   14139118620567.2     
 -2.210072347037286E-002   193272920300752.     
 -1.747820759134057E-002   374114743236002.     
 -1.327923675318496E-002   694069232536323.     
 -9.594947495128459E-003  1.173530598212460E+015
 -6.427617069762359E-003  2.408154773282980E+015
 -3.801140091505575E-003  5.391787073882496E+015
 -1.797546034064623E-003  1.018946154409145E+016
 -4.817563879182252E-004  1.532307638778801E+016
  9.693199513713391E-005  1.716751541753159E+016
  6.344180429212753E-004  2.022856866385601E+016
  1.784931623526026E-003  2.655460805079874E+016
  3.439112882887951E-003  3.935716040941479E+016
  5.527572306902998E-003  6.347956647638150E+016
  7.979018536449209E-003  1.066824081187955E+017
  1.072761457948287E-002  1.893595500114127E+017
  1.374059398868285E-002  3.420145515815742E+017
  1.695065049672913E-002  6.334154814426039E+017
  2.029238053783428E-002  1.154664263943240E+018
  2.371545283653860E-002  2.092977996854783E+018
  2.712823928408599E-002  3.195941428305975E+018
  3.046318000102995E-002  4.366139767267048E+018
  3.366742676376717E-002  5.573210379379220E+018
  3.668792758009935E-002  6.612784855582467E+018
  3.947675505445114E-002  7.243816375149466E+018
  4.199357014178487E-002  7.157872691599087E+018
  4.420516372673261E-002  6.601418959742128E+018
  4.524334302749178E-002  0.000000000000000E+000
# Poloidal particle flux (s@S@-1@N@)/(m@S@2@N@) <ix = 68> C@S@+2@N@
 -8.298112780275070E-002  0.000000000000000E+000
 -7.999892189898374E-002  -673971747638114.     
 -7.402507453420271E-002  -347174700875497.     
 -6.791055227984956E-002   39997012470689.5     
 -6.174981440842336E-002   341727128083686.     
 -5.567201849664687E-002   254631920269886.     
 -4.966013964668400E-002 -1.175179590380575E+015
 -4.368482245665926E-002 -5.066042974440784E+015
 -3.787090370325263E-002 -1.297664828024828E+016
 -3.234477536458003E-002 -2.326189878414681E+016
 -2.707852906152587E-002 -2.794278801502206E+016
 -2.210072347037286E-002 -2.096748078755413E+016
 -1.747820759134057E-002 -1.060299120753547E+016
 -1.327923675318496E-002  3.285690717959584E+015
 -9.594947495128459E-003  6.214066803545278E+016
 -6.427617069762359E-003  1.996543219094152E+017
 -3.801140091505575E-003  4.196206112393761E+017
 -1.797546034064623E-003  6.812246248287378E+017
 -4.817563879182252E-004  9.021592327834341E+017
  9.693199513713391E-005  9.509620949553074E+017
  6.344180429212753E-004  1.078507178040028E+018
  1.784931623526026E-003  1.320202768702611E+018
  3.439112882887951E-003  1.721031930041052E+018
  5.527572306902998E-003  2.329564470340122E+018
  7.979018536449209E-003  3.199594665205487E+018
  1.072761457948287E-002  4.350265187109817E+018
  1.374059398868285E-002  5.670646855925170E+018
  1.695065049672913E-002  7.365873620964794E+018
  2.029238053783428E-002  9.230596508074193E+018
  2.371545283653860E-002  1.130444063677670E+019
  2.712823928408599E-002  1.272599457780472E+019
  3.046318000102995E-002  1.360499911762464E+019
  3.366742676376717E-002  1.385183478488695E+019
  3.668792758009935E-002  1.364465862632973E+019
  3.947675505445114E-002  1.303615701899509E+019
  4.199357014178487E-002  1.187815135910984E+019
  4.420516372673261E-002  1.058840245985781E+019
  4.524334302749178E-002  0.000000000000000E+000
# Poloidal particle flux (s@S@-1@N@)/(m@S@2@N@) <ix = 68> C@S@+3@N@
 -8.298112780275070E-002  0.000000000000000E+000
 -7.999892189898374E-002 -1.321241830309672E+016
 -7.402507453420271E-002 -7.673432594395629E+015
 -6.791055227984956E-002 -2.604437930560038E+015
 -6.174981440842336E-002 -6.841684480259944E+015
 -5.567201849664687E-002 -3.573978000253563E+016
 -4.966013964668400E-002 -1.014608415376329E+017
 -4.368482245665926E-002 -2.085558560704585E+017
 -3.787090370325263E-002 -3.555738123480554E+017
 -3.234477536458003E-002 -4.764762880408936E+017
 -2.707852906152587E-002 -4.745293158879253E+017
 -2.210072347037286E-002 -3.502897918805032E+017
 -1.747820759134057E-002 -2.077003707056797E+017
 -1.327923675318496E-002 -1.349242637186640E+017
 -9.594947495128459E-003  3.501308239615766E+016
 -6.427617069762359E-003  3.140936910194103E+017
 -3.801140091505575E-003  6.503609018353651E+017
 -1.797546034064623E-003  9.761956460544172E+017
 -4.817563879182252E-004  1.212518180750661E+018
  9.693199513713391E-005  1.237694087503803E+018
  6.344180429212753E-004  1.373717027574382E+018
  1.784931623526026E-003  1.590293142430042E+018
  3.439112882887951E-003  1.894118633620651E+018
  5.527572306902998E-003  2.260321773518610E+018
  7.979018536449209E-003  2.647633251145021E+018
  1.072761457948287E-002  2.974109574201603E+018
  1.374059398868285E-002  3.122632628092632E+018
  1.695065049672913E-002  3.200960356258247E+018
  2.029238053783428E-002  3.045920836566987E+018
  2.371545283653860E-002  2.740263307036095E+018
  2.712823928408599E-002  2.506219427619281E+018
  3.046318000102995E-002  2.331975285505852E+018
  3.366742676376717E-002  2.131226743357933E+018
  3.668792758009935E-002  1.948943590100969E+018
  3.947675505445114E-002  1.781347005231995E+018
  4.199357014178487E-002  1.589180757174416E+018
  4.420516372673261E-002  1.406655874121551E+018
  4.524334302749178E-002  0.000000000000000E+000
# Poloidal particle flux (s@S@-1@N@)/(m@S@2@N@) <ix = 68> C@S@+4@N@
 -8.298112780275070E-002  0.000000000000000E+000
 -7.999892189898374E-002 -7.936111216775891E+017
 -7.402507453420271E-002 -5.082761062182701E+017
 -6.791055227984956E-002 -3.095197780778645E+017
 -6.174981440842336E-002 -2.591723964633607E+017
 -5.567201849664687E-002 -3.367001738671846E+017
 -4.966013964668400E-002 -5.038856840368602E+017
 -4.368482245665926E-002 -7.158574441966367E+017
 -3.787090370325263E-002 -9.496923375628319E+017
 -3.234477536458003E-002 -1.059292788670449E+018
 -2.707852906152587E-002 -9.296545708755831E+017
 -2.210072347037286E-002 -6.333489802560480E+017
 -1.747820759134057E-002 -3.544664653935380E+017
 -1.327923675318496E-002 -2.049787274086056E+017
 -9.594947495128459E-003  1.921177665611150E+016
 -6.427617069762359E-003  3.323795831573930E+017
 -3.801140091505575E-003  6.609244273203740E+017
 -1.797546034064623E-003  9.505057068904312E+017
 -4.817563879182252E-004  1.148648271386747E+018
  9.693199513713391E-005  1.157968815074250E+018
  6.344180429212753E-004  1.273892796148903E+018
  1.784931623526026E-003  1.443149973758852E+018
  3.439112882887951E-003  1.666500838756436E+018
  5.527572306902998E-003  1.915447665222730E+018
  7.979018536449209E-003  2.154161030538067E+018
  1.072761457948287E-002  2.324835228051826E+018
  1.374059398868285E-002  2.359074539102729E+018
  1.695065049672913E-002  2.366634182074420E+018
  2.029238053783428E-002  2.237676795561590E+018
  2.371545283653860E-002  2.053871314347957E+018
  2.712823928408599E-002  1.951735153714277E+018
  3.046318000102995E-002  1.893587095663170E+018
  3.366742676376717E-002  1.810399930941692E+018
  3.668792758009935E-002  1.724419093804938E+018
  3.947675505445114E-002  1.626379468302511E+018
  4.199357014178487E-002  1.479207859185003E+018
  4.420516372673261E-002  1.319820822428943E+018
  4.524334302749178E-002  0.000000000000000E+000
# Poloidal particle flux (s@S@-1@N@)/(m@S@2@N@) <ix = 68> C@S@+5@N@
 -8.298112780275070E-002  0.000000000000000E+000
 -7.999892189898374E-002  -8226963433067.91     
 -7.402507453420271E-002  -4421183511975.28     
 -6.791055227984956E-002  -2152900552219.80     
 -6.174981440842336E-002  -1386638499319.10     
 -5.567201849664687E-002  -1377363474168.87     
 -4.966013964668400E-002  -1715148734458.36     
 -4.368482245665926E-002  -2171731696398.22     
 -3.787090370325263E-002  -2685342204586.52     
 -3.234477536458003E-002  -2869492898682.90     
 -2.707852906152587E-002  -2455404408660.22     
 -2.210072347037286E-002  -1634770881504.87     
 -1.747820759134057E-002  -894147543100.353     
 -1.327923675318496E-002  -487710167513.154     
 -9.594947495128459E-003   125873465018.783     
 -6.427617069762359E-003   1028263682531.50     
 -3.801140091505575E-003   1994855830758.48     
 -1.797546034064623E-003   2861382360021.10     
 -4.817563879182252E-004   3462547169218.93     
  9.693199513713391E-005   3496238297807.53     
  6.344180429212753E-004   3849717054950.37     
  1.784931623526026E-003   4374530527247.69     
  3.439112882887951E-003   5082898562850.00     
  5.527572306902998E-003   5901754851427.50     
  7.979018536449209E-003   6732647603095.37     
  1.072761457948287E-002   7404935305122.74     
  1.374059398868285E-002   7693256818084.04     
  1.695065049672913E-002   7943910598574.56     
  2.029238053783428E-002   7813711913140.53     
  2.371545283653860E-002   7584831606377.33     
  2.712823928408599E-002   7574033860663.73     
  3.046318000102995E-002   7678901347899.84     
  3.366742676376717E-002   7714091192197.70     
  3.668792758009935E-002   7759618822680.71     
  3.947675505445114E-002   7762004076082.32     
  4.199357014178487E-002   7460690578111.36     
  4.420516372673261E-002   6985923901171.37     
  4.524334302749178E-002  0.000000000000000E+000
# Poloidal particle flux (s@S@-1@N@)/(m@S@2@N@) <ix = 68> C@S@+6@N@
 -8.298112780275070E-002  0.000000000000000E+000
 -7.999892189898374E-002  -785336872612.891     
 -7.402507453420271E-002  -504603304441.110     
 -6.791055227984956E-002  -308270664074.055     
 -6.174981440842336E-002  -266529096521.739     
 -5.567201849664687E-002  -369827553996.287     
 -4.966013964668400E-002  -588927247780.698     
 -4.368482245665926E-002  -874866026999.754     
 -3.787090370325263E-002  -1199626327072.85     
 -3.234477536458003E-002  -1369241100840.52     
 -2.707852906152587E-002  -1219124993426.66     
 -2.210072347037286E-002  -833868009595.708     
 -1.747820759134057E-002  -463545794122.334     
 -1.327923675318496E-002  -270375925855.611     
 -9.594947495128459E-003   50186136591.3909     
 -6.427617069762359E-003   552808330549.478     
 -3.801140091505575E-003   1143055694103.42     
 -1.797546034064623E-003   1711237867133.98     
 -4.817563879182252E-004   2124301010634.01     
  9.693199513713391E-005   2170253390453.12     
  6.344180429212753E-004   2410132858690.84     
  1.784931623526026E-003   2794912426888.50     
  3.439112882887951E-003   3346158495901.49     
  5.527572306902998E-003   4033423499033.22     
  7.979018536449209E-003   4805605877202.76     
  1.072761457948287E-002   5544653397939.01     
  1.374059398868285E-002   6051676293624.74     
  1.695065049672913E-002   6562518482956.94     
  2.029238053783428E-002   6805416900079.24     
  2.371545283653860E-002   6984530734217.55     
  2.712823928408599E-002   7224510211713.99     
  3.046318000102995E-002   7486494962836.27     
  3.366742676376717E-002   7636784169419.90     
  3.668792758009935E-002   7745546339709.00     
  3.947675505445114E-002   7758807934931.76     
  4.199357014178487E-002   7460786876291.08     
  4.420516372673261E-002   6986667152335.96     
  4.524334302749178E-002  0.000000000000000E+000
