*** 4. Data for species and atomic physics module                       
**  Reactions                                                           
    18
  1 AMMONX H.2  R-H-H    EL   1  1 0.00000E+00 0.00000E+00 0.00000E+00 0.00000E+00 0.00000E+00
  2 AMMONX H.2  R-H-H2   EL   2  1 0.00000E+00 0.00000E+00 0.00000E+00 0.00000E+00 0.00000E+00
  3 AMJUEL H.4  2.1.5    EI   0  1 0.00000E+00 0.00000E+00 0.00000E+00 0.00000E+00 0.00000E+00
  4 AMJUEL H.10 2.1.5    EI   0  1 0.00000E+00 0.00000E+00 0.00000E+00 0.00000E+00 0.00000E+00
  5 HYDHEL H.1  3.1.8    CX   1  1 0.00000E+00 0.00000E+00 0.00000E+00 0.00000E+00 0.00000E+00
  5 HYDHEL H.3  3.1.8    CX   1  1 0.00000E+00 0.00000E+00 0.00000E+00 0.00000E+00 0.00000E+00
  6 AMMONX H.2  R-H2-H   EL   1  2 0.00000E+00 0.00000E+00 0.00000E+00 0.00000E+00 0.00000E+00
  7 AMMONX H.2  R-H2-H2  EL   2  2 0.00000E+00 0.00000E+00 0.00000E+00 0.00000E+00 0.00000E+00
  8 AMJUEL H.4  2.2.9    EI   0  2 0.00000E+00 0.00000E+00 0.00000E+00 0.00000E+00 0.00000E+00
  9 AMJUEL H.4  2.2.5g   DS   0  2 0.00000E+00 0.00000E+00 0.00000E+00 0.00000E+00 0.00000E+00
 10 AMJUEL H.4  2.2.10   DS   0  2 0.00000E+00 0.00000E+00 0.00000E+00 0.00000E+00 0.00000E+00
 11 AMJUEL H.0  0.3T     EL   1  2 0.00000E+00 0.00000E+00 0.00000E+00 0.00000E+00 0.00000E+00
 11 AMJUEL H.1  0.3T     EL   1  2 0.00000E+00 0.00000E+00 0.00000E+00 0.00000E+00 0.00000E+00
 11 AMJUEL H.3  0.3T     EL   1  2 0.00000E+00 0.00000E+00 0.00000E+00 0.00000E+00 0.00000E+00
 12 AMJUEL H.2  3.2.3    CX   1  2 0.00000E+00 0.00000E+00 0.00000E+00 0.00000E+00 0.00000E+00
 13 AMJUEL H.4  2.2.12   DS   0  2 0.00000E+00 0.00000E+00 0.00000E+00 0.00000E+00 0.00000E+00
 14 AMJUEL H.4  2.2.11   EI   0  2 0.00000E+00 0.00000E+00 0.00000E+00 0.00000E+00 0.00000E+00
 15 AMJUEL H.4  2.2.14   DS   0  2 0.00000E+00 0.00000E+00 0.00000E+00 0.00000E+00 0.00000E+00
 16 AMJUEL H.8  2.2.14   DS   0  2 0.00000E+00 0.00000E+00 0.00000E+00 0.00000E+00 0.00000E+00
 17 AMJUEL H.4  2.1.8    RC   0  1 0.00000E+00 0.00000E+00 0.00000E+00 0.00000E+00 0.00000E+00
 18 AMJUEL H.10 2.1.8    RC   0  1 1.36000E+01 0.00000E+00 0.00000E+00 0.00000E+00 0.00000E+00
** 4a. Neutral atom species                                             
     1
 1 D         2  1  1  0  1 -1  0  4  0  0  0
     1   214   111   214  1001     0   111
 0.00000E+00 0.00000E+00 0.00000E+00 0.00000E+00 1.00000E+00 0.00000E+00
     2   314   111   314  1001     0   112
 0.00000E+00 0.00000E+00 0.00000E+00 0.00000E+00 1.00000E+00 0.00000E+00
     3   115   114     0 30000     0     0
 4.00000E+00 0.00000E+00 0.00000E+00 0.00000E+00 1.00000E+00 0.00000E+00
     5   114   111   114  1001     0     0
 0.00000E+00 0.00000E+00 0.00000E+00 0.00000E+00 1.00000E+00 0.00000E+00
** 4b. Neutral molecule species                                         
     1
 1 D2        4  2  2  0  0  1  0  7  0  0  0  1
     6   414   112   414  1001     0   111
 0.00000E+00 0.00000E+00 0.00000E+00 0.00000E+00 1.00000E+00
     7   514   112   514  1001     0   112
 0.00000E+00 0.00000E+00 0.00000E+00 0.00000E+00 1.00000E+00
     8   115   113     0     0     0     0
-1.54000E+01 0.00000E+00 0.00000E+00 0.00000E+00 1.00000E+00
     9   115   121     0     0     0     0
-1.05000E+01 0.00000E+00 3.00000E+00 3.00000E+00 1.00000E+00
    10   115   111   114     0     0     0
-2.50000E+01 0.00000E+00 5.00000E+00 5.00000E+00 1.00000E+00
    11   114   114   112  1001     0     0
 0.00000E+00 0.00000E+00 0.00000E+00 0.00000E+00 1.00000E+00
    12   114   111   113  1001     0     0
 0.00000E+00 0.00000E+00 0.00000E+00 0.00000E+00 1.00000E+00
** 4c. Test ion species                                                 
     1
 1 D2+       4  2  2  1  0 -1  0  3 -1  0  0  1
    13   115   111   114     0     0     0
-1.04000E+01 0.00000E+00 4.30000E+00 4.30000E+00 1.00000E+00
    14   115   124     0     0     0     0
-1.55000E+01 0.00000E+00 2.50000E-01 2.50000E-01 1.00000E+00
    15   115   121     0 30300     0     0
 1.60000E+01 0.00000E+00 1.60000E+01 0.00000E+00 1.00000E+00
