# Poloidal particle flux (s@S@-1@N@)/(m@S@2@N@) <ix = 68> D@S@0@N@
 -7.749393546257466E-002 -5.675503522273859E+017
 -7.302182861175407E-002 -5.675937218430875E+017
 -6.465170485707721E-002 -9.088015461669471E+017
 -5.711654824460319E-002 -8.185808250888062E+018
 -5.026799680878240E-002 -1.380910245736536E+019
 -4.415244485954021E-002 -1.347858442182462E+019
 -3.877503771202357E-002 -1.456908031197566E+019
 -3.395221884122680E-002 -1.622724765634854E+019
 -2.962431388210111E-002 -2.357772006581633E+019
 -2.578787375567548E-002 -2.330094045353605E+019
 -2.234627409279608E-002 -2.063316236312674E+019
 -1.925399359149516E-002 -2.600901103760431E+019
 -1.645756299639505E-002 -3.077024021208222E+019
 -1.385094825210989E-002 -3.002302055758766E+019
 -1.134353853846973E-002 -2.975634106835627E+019
 -8.901188661926865E-003 -3.080221855522145E+019
 -6.469322724315871E-003 -4.625730860883242E+019
 -3.975855177418275E-003 -5.467310218598881E+019
 -1.352563997215117E-003 -5.281894435338636E+019
  4.271019264326381E-004 -5.414535999135884E+019
  1.259100759142748E-003 -6.173469952177573E+019
  2.044557992622265E-003 -6.242791816244934E+019
  2.792176989413073E-003 -6.660057608286101E+019
  3.527214983095203E-003 -7.066541331165961E+019
  4.272265240435183E-003 -7.255131504704437E+019
  5.051393658946218E-003 -7.183142778479002E+019
  5.890131836821175E-003 -7.793797650213534E+019
  6.809309098812805E-003 -8.437011603789852E+019
  7.834966812444069E-003 -8.417750638916447E+019
  8.996069941466206E-003 -8.286046198610469E+019
  1.031868241128212E-002 -8.441403715127766E+019
  1.183821431843521E-002 -7.999618728431873E+019
  1.360216908739351E-002 -9.095580306152627E+019
  1.561708591750233E-002 -9.093109244523297E+019
  1.788359801057632E-002 -9.559201088717672E+019
  2.043611650230785E-002 -1.030382025691406E+020
  2.329706200507640E-002 -1.146440336972321E+020
  2.482183760161936E-002 -1.147923123840107E+020
# Poloidal particle flux (s@S@-1@N@)/(m@S@2@N@) <ix = 68> D@S@+1@N@
 -7.749393546257466E-002  0.000000000000000E+000
 -7.302182861175407E-002 -7.792044406122546E+020
 -6.465170485707721E-002 -6.077030977269046E+020
 -5.711654824460319E-002 -6.069972823105950E+020
 -5.026799680878240E-002 -6.859228521398923E+020
 -4.415244485954021E-002 -8.146793237255771E+020
 -3.877503771202357E-002 -9.447638055025468E+020
 -3.395221884122680E-002 -1.015900150197466E+021
 -2.962431388210111E-002 -1.082823079041025E+021
 -2.578787375567548E-002 -1.076299235752034E+021
 -2.234627409279608E-002 -1.030707454400634E+021
 -1.925399359149516E-002 -9.761883730537736E+020
 -1.645756299639505E-002 -9.486540762785933E+020
 -1.385094825210989E-002 -9.115564182332332E+020
 -1.134353853846973E-002 -8.886178074261494E+020
 -8.901188661926865E-003 -8.086964571315267E+020
 -6.469322724315871E-003 -6.186320019013648E+020
 -3.975855177418275E-003 -1.763035185479297E+020
 -1.352563997215117E-003  6.462628069405385E+020
  4.271019264326381E-004  1.384432692291891E+021
  1.259100759142748E-003  1.702564767114367E+021
  2.044557992622265E-003  1.962501362087747E+021
  2.792176989413073E-003  2.211366548470440E+021
  3.527214983095203E-003  2.415064532968323E+021
  4.272265240435183E-003  2.628525121077549E+021
  5.051393658946218E-003  2.840315112842497E+021
  5.890131836821175E-003  3.073779165674826E+021
  6.809309098812805E-003  3.346037861070485E+021
  7.834966812444069E-003  3.600511066797647E+021
  8.996069941466206E-003  3.851324452609993E+021
  1.031868241128212E-002  4.083845567268015E+021
  1.183821431843521E-002  4.282415985238976E+021
  1.360216908739351E-002  4.416297778539645E+021
  1.561708591750233E-002  4.687406780885543E+021
  1.788359801057632E-002  4.923104557844518E+021
  2.043611650230785E-002  5.133855551825990E+021
  2.329706200507640E-002  5.334638897044676E+021
  2.482183760161936E-002  0.000000000000000E+000
# Poloidal particle flux (s@S@-1@N@)/(m@S@2@N@) <ix = 68> C@S@0@N@
 -7.749393546257466E-002  -97842452713564.9     
 -7.302182861175407E-002  -185424740645548.     
 -6.465170485707721E-002  -185406741679756.     
 -5.711654824460319E-002  -690177150071798.     
 -5.026799680878240E-002 -2.170465361064644E+015
 -4.415244485954021E-002 -2.298717236423618E+015
 -3.877503771202357E-002 -2.672646348305694E+015
 -3.395221884122680E-002 -2.842493338631356E+015
 -2.962431388210111E-002 -3.380984065193881E+015
 -2.578787375567548E-002 -3.683398497897572E+015
 -2.234627409279608E-002 -4.235776914668596E+015
 -1.925399359149516E-002 -6.177288034156616E+015
 -1.645756299639505E-002 -7.385877586245564E+015
 -1.385094825210989E-002 -7.563491624427216E+015
 -1.134353853846973E-002 -8.241493983632643E+015
 -8.901188661926865E-003 -9.458272548819528E+015
 -6.469322724315871E-003 -1.039758348664448E+016
 -3.975855177418275E-003 -1.319896861554037E+016
 -1.352563997215117E-003 -1.608751008556915E+016
  4.271019264326381E-004 -2.223961207905563E+016
  1.259100759142748E-003 -2.296668575766491E+016
  2.044557992622265E-003 -2.324138389561121E+016
  2.792176989413073E-003 -2.382228993772647E+016
  3.527214983095203E-003 -2.390559091749881E+016
  4.272265240435183E-003 -2.403926771942994E+016
  5.051393658946218E-003 -2.468182663083416E+016
  5.890131836821175E-003 -2.567544471287976E+016
  6.809309098812805E-003 -2.789089105334713E+016
  7.834966812444069E-003 -3.560606899559577E+016
  8.996069941466206E-003 -3.973490287511082E+016
  1.031868241128212E-002 -5.077534464199779E+016
  1.183821431843521E-002 -5.862242892659894E+016
  1.360216908739351E-002 -7.199673571278750E+016
  1.561708591750233E-002 -9.397290308538469E+016
  1.788359801057632E-002 -1.398979714888254E+017
  2.043611650230785E-002 -2.283540796200804E+017
  2.329706200507640E-002 -4.341986674121069E+017
  2.482183760161936E-002 -4.358986102121969E+017
# Poloidal particle flux (s@S@-1@N@)/(m@S@2@N@) <ix = 68> C@S@+1@N@
 -7.749393546257466E-002  0.000000000000000E+000
 -7.302182861175407E-002  -23170844523022.3     
 -6.465170485707721E-002  -95617234280254.1     
 -5.711654824460319E-002  -109371961193996.     
 -5.026799680878240E-002  -144916493778714.     
 -4.415244485954021E-002  -16508580243075.4     
 -3.877503771202357E-002   134963859860967.     
 -3.395221884122680E-002   293216346114533.     
 -2.962431388210111E-002   232428368482711.     
 -2.578787375567548E-002   302313334439468.     
 -2.234627409279608E-002   346891093931324.     
 -1.925399359149516E-002   288066445682437.     
 -1.645756299639505E-002   85444759454758.6     
 -1.385094825210989E-002  -183087510686812.     
 -1.134353853846973E-002  -333184532777777.     
 -8.901188661926865E-003  -430437846074370.     
 -6.469322724315871E-003  -487251868011073.     
 -3.975855177418275E-003  -427796992649861.     
 -1.352563997215117E-003  -702393751726953.     
  4.271019264326381E-004  -631369623924582.     
  1.259100759142748E-003  -542484794885980.     
  2.044557992622265E-003  -518492954052442.     
  2.792176989413073E-003  -569986052200891.     
  3.527214983095203E-003  -648954893662590.     
  4.272265240435183E-003  -745558140035726.     
  5.051393658946218E-003  -798928941032808.     
  5.890131836821175E-003  -766255817894536.     
  6.809309098812805E-003  -615962388342506.     
  7.834966812444069E-003  -299760693746270.     
  8.996069941466206E-003   112157293005288.     
  1.031868241128212E-002   784672512707588.     
  1.183821431843521E-002  1.093593287403725E+015
  1.360216908739351E-002  -308214855645566.     
  1.561708591750233E-002 -3.746410606581043E+015
  1.788359801057632E-002 -8.078352993827363E+015
  2.043611650230785E-002 -1.162882208834381E+016
  2.329706200507640E-002 -1.297929318915879E+016
  2.482183760161936E-002  0.000000000000000E+000
# Poloidal particle flux (s@S@-1@N@)/(m@S@2@N@) <ix = 68> C@S@+2@N@
 -7.749393546257466E-002  0.000000000000000E+000
 -7.302182861175407E-002   148980814474214.     
 -6.465170485707721E-002  -243297232490687.     
 -5.711654824460319E-002  -238776390361944.     
 -5.026799680878240E-002  -70089325443457.9     
 -4.415244485954021E-002   296128948741816.     
 -3.877503771202357E-002   919649481569113.     
 -3.395221884122680E-002  1.381456207732350E+015
 -2.962431388210111E-002  1.311845015771298E+015
 -2.578787375567548E-002  1.441264453863579E+015
 -2.234627409279608E-002  1.417234687482442E+015
 -1.925399359149516E-002  1.301017493614739E+015
 -1.645756299639505E-002  1.255708042468581E+015
 -1.385094825210989E-002  1.913736554771238E+015
 -1.134353853846973E-002  3.227785341986168E+015
 -8.901188661926865E-003  5.845304691145138E+015
 -6.469322724315871E-003  1.220224302769156E+016
 -3.975855177418275E-003  2.866484228850638E+016
 -1.352563997215117E-003  6.601716606024818E+016
  4.271019264326381E-004  1.135484742260312E+017
  1.259100759142748E-003  1.334244597718893E+017
  2.044557992622265E-003  1.524030907567029E+017
  2.792176989413073E-003  1.735379898957209E+017
  3.527214983095203E-003  1.938882659418130E+017
  4.272265240435183E-003  2.182056269690463E+017
  5.051393658946218E-003  2.459075429064456E+017
  5.890131836821175E-003  2.806507742252653E+017
  6.809309098812805E-003  3.261768603382340E+017
  7.834966812444069E-003  3.805793669937759E+017
  8.996069941466206E-003  4.483795608723554E+017
  1.031868241128212E-002  5.316543659176430E+017
  1.183821431843521E-002  6.342391971611136E+017
  1.360216908739351E-002  7.548215882947519E+017
  1.561708591750233E-002  9.331488506654924E+017
  1.788359801057632E-002  1.160361579296466E+018
  2.043611650230785E-002  1.457472522602275E+018
  2.329706200507640E-002  1.763723065336427E+018
  2.482183760161936E-002  0.000000000000000E+000
# Poloidal particle flux (s@S@-1@N@)/(m@S@2@N@) <ix = 68> C@S@+3@N@
 -7.749393546257466E-002  0.000000000000000E+000
 -7.302182861175407E-002  1.615972182680637E+016
 -6.465170485707721E-002  1.875682585816370E+016
 -5.711654824460319E-002  2.726055180830596E+016
 -5.026799680878240E-002  3.508248481435338E+016
 -4.415244485954021E-002  3.873516208566048E+016
 -3.877503771202357E-002  3.314996229857568E+016
 -3.395221884122680E-002  1.543095845732952E+016
 -2.962431388210111E-002 -7.053433545611900E+015
 -2.578787375567548E-002 -3.280106429043539E+016
 -2.234627409279608E-002 -5.994665550944986E+016
 -1.925399359149516E-002 -9.137083173809514E+016
 -1.645756299639505E-002 -1.380856334377463E+017
 -1.385094825210989E-002 -2.169436101905683E+017
 -1.134353853846973E-002 -3.111829279019211E+017
 -8.901188661926865E-003 -3.911517056134907E+017
 -6.469322724315871E-003 -4.628813367301758E+017
 -3.975855177418275E-003 -4.664029332487800E+017
 -1.352563997215117E-003 -2.860886785703338E+017
  4.271019264326381E-004  2.223657143140444E+016
  1.259100759142748E-003  1.581703617803553E+017
  2.044557992622265E-003  2.775478093326472E+017
  2.792176989413073E-003  3.904549936068908E+017
  3.527214983095203E-003  4.955839808134527E+017
  4.272265240435183E-003  6.055657588695075E+017
  5.051393658946218E-003  7.207741292955368E+017
  5.890131836821175E-003  8.512930669960146E+017
  6.809309098812805E-003  1.006693019890034E+018
  7.834966812444069E-003  1.176359490685100E+018
  8.996069941466206E-003  1.366543620160954E+018
  1.031868241128212E-002  1.573427940422805E+018
  1.183821431843521E-002  1.793161673769871E+018
  1.360216908739351E-002  2.010469159359101E+018
  1.561708591750233E-002  2.312655274967154E+018
  1.788359801057632E-002  2.622146502840178E+018
  2.043611650230785E-002  2.931435370132583E+018
  2.329706200507640E-002  3.182755772480793E+018
  2.482183760161936E-002  0.000000000000000E+000
# Poloidal particle flux (s@S@-1@N@)/(m@S@2@N@) <ix = 68> C@S@+4@N@
 -7.749393546257466E-002  0.000000000000000E+000
 -7.302182861175407E-002  5.989250427482867E+017
 -6.465170485707721E-002 -3.460673344342060E+017
 -5.711654824460319E-002 -6.960217136741937E+017
 -5.026799680878240E-002 -9.303154281070643E+017
 -4.415244485954021E-002 -1.187357327824667E+018
 -3.877503771202357E-002 -1.469460263463740E+018
 -3.395221884122680E-002 -1.704645194475530E+018
 -2.962431388210111E-002 -1.960647846622574E+018
 -2.578787375567548E-002 -2.139477994610735E+018
 -2.234627409279608E-002 -2.292218069708133E+018
 -1.925399359149516E-002 -2.461245701524923E+018
 -1.645756299639505E-002 -2.746908268381361E+018
 -1.385094825210989E-002 -2.958225376389289E+018
 -1.134353853846973E-002 -3.159386539216906E+018
 -8.901188661926865E-003 -3.212842044300048E+018
 -6.469322724315871E-003 -3.138201970805607E+018
 -3.975855177418275E-003 -2.650486820330295E+018
 -1.352563997215117E-003 -1.482517551157101E+018
  4.271019264326381E-004 -2.077299624928502E+017
  1.259100759142748E-003  3.821397422342397E+017
  2.044557992622265E-003  8.974260168941908E+017
  2.792176989413073E-003  1.358059207251579E+018
  3.527214983095203E-003  1.766305988399107E+018
  4.272265240435183E-003  2.168693894092356E+018
  5.051393658946218E-003  2.569989286486617E+018
  5.890131836821175E-003  3.000425367399662E+018
  6.809309098812805E-003  3.486643208534865E+018
  7.834966812444069E-003  3.976957214529407E+018
  8.996069941466206E-003  4.480223717237395E+018
  1.031868241128212E-002  4.973637436295820E+018
  1.183821431843521E-002  5.428660712368190E+018
  1.360216908739351E-002  5.795160549024781E+018
  1.561708591750233E-002  6.329719098852041E+018
  1.788359801057632E-002  6.778104897545519E+018
  2.043611650230785E-002  7.133644017560553E+018
  2.329706200507640E-002  7.379348243891250E+018
  2.482183760161936E-002  0.000000000000000E+000
# Poloidal particle flux (s@S@-1@N@)/(m@S@2@N@) <ix = 68> C@S@+5@N@
 -7.749393546257466E-002  0.000000000000000E+000
 -7.302182861175407E-002 -1.932486745102726E+015
 -6.465170485707721E-002 -1.787052950429326E+016
 -5.711654824460319E-002 -1.969182711733654E+016
 -5.026799680878240E-002 -1.952229423826516E+016
 -4.415244485954021E-002 -2.023800403134879E+016
 -3.877503771202357E-002 -2.150142245547242E+016
 -3.395221884122680E-002 -2.229394947827501E+016
 -2.962431388210111E-002 -2.376793006337493E+016
 -2.578787375567548E-002 -2.461962146405478E+016
 -2.234627409279608E-002 -2.540577063998734E+016
 -1.925399359149516E-002 -2.645130299848024E+016
 -1.645756299639505E-002 -2.857711993231048E+016
 -1.385094825210989E-002 -2.908523590314742E+016
 -1.134353853846973E-002 -2.944026717889584E+016
 -8.901188661926865E-003 -2.873247739643414E+016
 -6.469322724315871E-003 -2.715030221172128E+016
 -3.975855177418275E-003 -2.231009395666634E+016
 -1.352563997215117E-003 -1.200877336615560E+016
  4.271019264326381E-004  -468468859122189.     
  1.259100759142748E-003  5.529378088287329E+015
  2.044557992622265E-003  1.077287129422229E+016
  2.792176989413073E-003  1.547817500841520E+016
  3.527214983095203E-003  1.964689987954232E+016
  4.272265240435183E-003  2.378625619729886E+016
  5.051393658946218E-003  2.793196910657677E+016
  5.890131836821175E-003  3.240496490604411E+016
  6.809309098812805E-003  3.749578209114293E+016
  7.834966812444069E-003  4.265943508890732E+016
  8.996069941466206E-003  4.801170802365407E+016
  1.031868241128212E-002  5.334325208844390E+016
  1.183821431843521E-002  5.837165289849430E+016
  1.360216908739351E-002  6.258196395352672E+016
  1.561708591750233E-002  6.877556752192785E+016
  1.788359801057632E-002  7.417695978706822E+016
  2.043611650230785E-002  7.874360331714435E+016
  2.329706200507640E-002  8.196242036172731E+016
  2.482183760161936E-002  0.000000000000000E+000
# Poloidal particle flux (s@S@-1@N@)/(m@S@2@N@) <ix = 68> C@S@+6@N@
 -7.749393546257466E-002  0.000000000000000E+000
 -7.302182861175407E-002  -6077929667335.52     
 -6.465170485707721E-002  -28505577683506.9     
 -5.711654824460319E-002  -29734380654612.8     
 -5.026799680878240E-002  -28619026447468.6     
 -4.415244485954021E-002  -29061021474453.4     
 -3.877503771202357E-002  -30346080185852.5     
 -3.395221884122680E-002  -30901713979843.1     
 -2.962431388210111E-002  -32464420077105.4     
 -2.578787375567548E-002  -33207053266314.5     
 -2.234627409279608E-002  -33899757514693.1     
 -1.925399359149516E-002  -34932518499519.2     
 -1.645756299639505E-002  -37435479751083.1     
 -1.385094825210989E-002  -37771504193822.5     
 -1.134353853846973E-002  -37959661857745.8     
 -8.901188661926865E-003  -36884085197650.1     
 -6.469322724315871E-003  -34897305717713.9     
 -3.975855177418275E-003  -28995987237590.1     
 -1.352563997215117E-003  -16566147694392.9     
  4.271019264326381E-004  -2338749060488.09     
  1.259100759142748E-003   4666999503093.84     
  2.044557992622265E-003   11046797127072.8     
  2.792176989413073E-003   16729384516712.7     
  3.527214983095203E-003   21783793663913.0     
  4.272265240435183E-003   26779939489176.0     
  5.051393658946218E-003   31778367853575.7     
  5.890131836821175E-003   37155474170139.9     
  6.809309098812805E-003   43253566864745.5     
  7.834966812444069E-003   49460292634607.6     
  8.996069941466206E-003   55903459490239.9     
  1.031868241128212E-002   62344425229771.4     
  1.183821431843521E-002   68438900581623.1     
  1.360216908739351E-002   73598464046625.5     
  1.561708591750233E-002   81113138242541.7     
  1.788359801057632E-002   87688956624820.7     
  2.043611650230785E-002   93305016337832.3     
  2.329706200507640E-002   97219654812904.0     
  2.482183760161936E-002  0.000000000000000E+000
