# Incident energy (eV) <ix = 96> D@S@0@N@
 -2.078334344117427E-002  0.000000000000000E+000
 -2.017976341047707E-002   3.26300626169849     
 -1.898856584581277E-002   3.62182330953211     
 -1.780546077390171E-002   3.88673718947146     
 -1.662725069814860E-002   4.10160289846036     
 -1.545249311761085E-002   4.26970527104344     
 -1.428055803501230E-002   4.41463431972074     
 -1.311489294621102E-002   4.52740840810616     
 -1.195658284675568E-002   4.61115292019504     
 -1.080191273849984E-002   4.65845527794198     
 -9.652167617492279E-003   4.69950699944723     
 -8.505157488013948E-003   4.71580830360608     
 -7.360652342314979E-003   4.71342341860741     
 -6.218282178114414E-003   4.69006572515415     
 -5.080229485282060E-003   4.65040170513328     
 -3.948461735117530E-003   4.60872346611199     
 -2.818853907747210E-003   4.55701225153431     
 -1.691065904893305E-003   4.50675581430631     
 -5.639466701569708E-004   4.47936849664686     
  4.934550684965941E-004   4.45077443957272     
  1.669125120594396E-003   4.38542030815186     
  3.198110153042374E-003   4.20671278231413     
  5.031641232953788E-003   3.91617548867643     
  7.116036985890986E-003   3.54402038013352     
  9.404485464254240E-003   3.12826363463186     
  1.184969413601046E-002   2.81710959994154     
  1.440104540855465E-002   2.33972603669198     
  1.701920676289539E-002   2.27181477205525     
  1.965932312784242E-002   2.05324247772172     
  2.227629191983258E-002   2.05021911756832     
  2.483059448625103E-002   2.09329653536698     
  2.728027478805216E-002   2.04311384343015     
  2.958672079572544E-002   2.01431960618027     
  3.170787154896798E-002   1.92220383353310     
  3.360262700601596E-002   1.85655295490584     
  3.523869462518130E-002   1.80455247738822     
  3.657972180873302E-002   1.70305750724756     
  3.717721778480718E-002  0.000000000000000E+000
# Incident energy (eV) <ix = 96> D@S@+1@N@
 -2.078334344117427E-002  0.000000000000000E+000
 -2.017976341047707E-002   5.80189749133219     
 -1.898856584581277E-002   6.35392329485581     
 -1.780546077390171E-002   6.78281265389536     
 -1.662725069814860E-002   7.14005159953056     
 -1.545249311761085E-002   7.39260428818655     
 -1.428055803501230E-002   7.61150631745014     
 -1.311489294621102E-002   7.80848646874596     
 -1.195658284675568E-002   7.92837101000624     
 -1.080191273849984E-002   7.96848596649118     
 -9.652167617492279E-003   8.03130831084043     
 -8.505157488013948E-003   8.00031244460668     
 -7.360652342314979E-003   7.92413304434111     
 -6.218282178114414E-003   7.84390598088195     
 -5.080229485282060E-003   7.72832639122128     
 -3.948461735117530E-003   7.61331085263139     
 -2.818853907747210E-003   7.50911378220481     
 -1.691065904893305E-003   7.40387189852191     
 -5.639466701569708E-004   7.33237789368906     
  4.934550684965941E-004   7.26747132263752     
  1.669125120594396E-003   7.15718060510846     
  3.198110153042374E-003   6.82750809037383     
  5.031641232953788E-003   6.31094562923553     
  7.116036985890986E-003   5.65323239219722     
  9.404485464254240E-003   4.94082631767926     
  1.184969413601046E-002   4.45712836952584     
  1.440104540855465E-002   3.72702973322408     
  1.701920676289539E-002   3.66335623210895     
  1.965932312784242E-002   3.32383825430122     
  2.227629191983258E-002   3.34940268340902     
  2.483059448625103E-002   3.45276438184458     
  2.728027478805216E-002   3.40841019608195     
  2.958672079572544E-002   3.34519828000287     
  3.170787154896798E-002   3.22646208452180     
  3.360262700601596E-002   3.13435980844544     
  3.523869462518130E-002   3.04233760981512     
  3.657972180873302E-002   2.91509431474416     
  3.717721778480718E-002  0.000000000000000E+000
# Incident energy (eV) <ix = 96> D
 -2.078334344117427E-002  0.000000000000000E+000
 -2.017976341047707E-002  0.000000000000000E+000
 -1.898856584581277E-002  0.000000000000000E+000
 -1.780546077390171E-002  0.000000000000000E+000
 -1.662725069814860E-002  0.000000000000000E+000
 -1.545249311761085E-002  0.000000000000000E+000
 -1.428055803501230E-002  0.000000000000000E+000
 -1.311489294621102E-002  0.000000000000000E+000
 -1.195658284675568E-002  0.000000000000000E+000
 -1.080191273849984E-002  0.000000000000000E+000
 -9.652167617492279E-003  0.000000000000000E+000
 -8.505157488013948E-003  0.000000000000000E+000
 -7.360652342314979E-003  0.000000000000000E+000
 -6.218282178114414E-003  0.000000000000000E+000
 -5.080229485282060E-003  0.000000000000000E+000
 -3.948461735117530E-003  0.000000000000000E+000
 -2.818853907747210E-003  0.000000000000000E+000
 -1.691065904893305E-003  0.000000000000000E+000
 -5.639466701569708E-004  0.000000000000000E+000
  4.934550684965941E-004  0.000000000000000E+000
  1.669125120594396E-003  0.000000000000000E+000
  3.198110153042374E-003  0.000000000000000E+000
  5.031641232953788E-003  0.000000000000000E+000
  7.116036985890986E-003  0.000000000000000E+000
  9.404485464254240E-003  0.000000000000000E+000
  1.184969413601046E-002  0.000000000000000E+000
  1.440104540855465E-002  0.000000000000000E+000
  1.701920676289539E-002  0.000000000000000E+000
  1.965932312784242E-002  0.000000000000000E+000
  2.227629191983258E-002  0.000000000000000E+000
  2.483059448625103E-002  0.000000000000000E+000
  2.728027478805216E-002  0.000000000000000E+000
  2.958672079572544E-002  0.000000000000000E+000
  3.170787154896798E-002  0.000000000000000E+000
  3.360262700601596E-002  0.000000000000000E+000
  3.523869462518130E-002  0.000000000000000E+000
  3.657972180873302E-002  0.000000000000000E+000
  3.717721778480718E-002  0.000000000000000E+000
# Incident energy (eV) <ix = 96> D2
 -2.078334344117427E-002  0.000000000000000E+000
 -2.017976341047707E-002  0.000000000000000E+000
 -1.898856584581277E-002  0.000000000000000E+000
 -1.780546077390171E-002  0.000000000000000E+000
 -1.662725069814860E-002  0.000000000000000E+000
 -1.545249311761085E-002  0.000000000000000E+000
 -1.428055803501230E-002  0.000000000000000E+000
 -1.311489294621102E-002  0.000000000000000E+000
 -1.195658284675568E-002  0.000000000000000E+000
 -1.080191273849984E-002  0.000000000000000E+000
 -9.652167617492279E-003  0.000000000000000E+000
 -8.505157488013948E-003  0.000000000000000E+000
 -7.360652342314979E-003  0.000000000000000E+000
 -6.218282178114414E-003  0.000000000000000E+000
 -5.080229485282060E-003  0.000000000000000E+000
 -3.948461735117530E-003  0.000000000000000E+000
 -2.818853907747210E-003  0.000000000000000E+000
 -1.691065904893305E-003  0.000000000000000E+000
 -5.639466701569708E-004  0.000000000000000E+000
  4.934550684965941E-004  0.000000000000000E+000
  1.669125120594396E-003  0.000000000000000E+000
  3.198110153042374E-003  0.000000000000000E+000
  5.031641232953788E-003  0.000000000000000E+000
  7.116036985890986E-003  0.000000000000000E+000
  9.404485464254240E-003  0.000000000000000E+000
  1.184969413601046E-002  0.000000000000000E+000
  1.440104540855465E-002  0.000000000000000E+000
  1.701920676289539E-002  0.000000000000000E+000
  1.965932312784242E-002  0.000000000000000E+000
  2.227629191983258E-002  0.000000000000000E+000
  2.483059448625103E-002  0.000000000000000E+000
  2.728027478805216E-002  0.000000000000000E+000
  2.958672079572544E-002  0.000000000000000E+000
  3.170787154896798E-002  0.000000000000000E+000
  3.360262700601596E-002  0.000000000000000E+000
  3.523869462518130E-002  0.000000000000000E+000
  3.657972180873302E-002  0.000000000000000E+000
  3.717721778480718E-002  0.000000000000000E+000
# Incident energy (eV) <ix = 96> D2+
 -2.078334344117427E-002  0.000000000000000E+000
 -2.017976341047707E-002  0.000000000000000E+000
 -1.898856584581277E-002  0.000000000000000E+000
 -1.780546077390171E-002  0.000000000000000E+000
 -1.662725069814860E-002  0.000000000000000E+000
 -1.545249311761085E-002  0.000000000000000E+000
 -1.428055803501230E-002  0.000000000000000E+000
 -1.311489294621102E-002  0.000000000000000E+000
 -1.195658284675568E-002  0.000000000000000E+000
 -1.080191273849984E-002  0.000000000000000E+000
 -9.652167617492279E-003  0.000000000000000E+000
 -8.505157488013948E-003  0.000000000000000E+000
 -7.360652342314979E-003  0.000000000000000E+000
 -6.218282178114414E-003  0.000000000000000E+000
 -5.080229485282060E-003  0.000000000000000E+000
 -3.948461735117530E-003  0.000000000000000E+000
 -2.818853907747210E-003  0.000000000000000E+000
 -1.691065904893305E-003  0.000000000000000E+000
 -5.639466701569708E-004  0.000000000000000E+000
  4.934550684965941E-004  0.000000000000000E+000
  1.669125120594396E-003  0.000000000000000E+000
  3.198110153042374E-003  0.000000000000000E+000
  5.031641232953788E-003  0.000000000000000E+000
  7.116036985890986E-003  0.000000000000000E+000
  9.404485464254240E-003  0.000000000000000E+000
  1.184969413601046E-002  0.000000000000000E+000
  1.440104540855465E-002  0.000000000000000E+000
  1.701920676289539E-002  0.000000000000000E+000
  1.965932312784242E-002  0.000000000000000E+000
  2.227629191983258E-002  0.000000000000000E+000
  2.483059448625103E-002  0.000000000000000E+000
  2.728027478805216E-002  0.000000000000000E+000
  2.958672079572544E-002  0.000000000000000E+000
  3.170787154896798E-002  0.000000000000000E+000
  3.360262700601596E-002  0.000000000000000E+000
  3.523869462518130E-002  0.000000000000000E+000
  3.657972180873302E-002  0.000000000000000E+000
  3.717721778480718E-002  0.000000000000000E+000
