   2.97669231802283     
 
         335
   1.36100000000000E+02  -4.54000000000000E+01
   1.36100000000000E+02  -4.54800000000000E+01
   1.36082750000000E+02  -4.98908000000000E+01
   1.36065500000000E+02  -5.43016000000000E+01
   1.36048250000000E+02  -5.87124000000000E+01
   1.36031000000000E+02  -6.31232000000000E+01
   1.36038990000000E+02  -6.60887199000000E+01
   1.36046979000000E+02  -6.90542397000000E+01
   1.36054969000000E+02  -7.20197596000000E+01
   1.36062959000000E+02  -7.49852795000000E+01
   1.36070949000000E+02  -7.79507994000000E+01
   1.36078938000000E+02  -8.09163193000000E+01
   1.36086928000000E+02  -8.38818391000000E+01
   1.36094918000000E+02  -8.68473590000000E+01
   1.36749127000000E+02  -8.62940700000000E+01
   1.37377997000000E+02  -8.57448310000000E+01
   1.37984168000000E+02  -8.51959010000000E+01
   1.38571355000000E+02  -8.46448040000000E+01
   1.39141703000000E+02  -8.40874410000000E+01
   1.39697298000000E+02  -8.35198750000000E+01
   1.40238696000000E+02  -8.29369660000000E+01
   1.40767117000000E+02  -8.23346110000000E+01
   1.41283316000000E+02  -8.17087160000000E+01
   1.41787003000000E+02  -8.10547730000000E+01
   1.42272976000000E+02  -8.03652950000000E+01
   1.42743118000000E+02  -7.96389350000000E+01
   1.43189402000000E+02  -7.88686290000000E+01
   1.43608695000000E+02  -7.80518230000000E+01
   1.43995218000000E+02  -7.71857070000000E+01
   1.44341390000000E+02  -7.62684470000000E+01
   1.44641510000000E+02  -7.53006400000000E+01
   1.44892511000000E+02  -7.42853060000000E+01
   1.45089647000000E+02  -7.32264030000000E+01
   1.45232888000000E+02  -7.21302280000000E+01
   1.45322351000000E+02  -7.10028220000000E+01
   1.45363454000000E+02  -6.98462390000000E+01
   1.45356258000000E+02  -6.86429720000000E+01
   1.45299552000000E+02  -6.72882690000000E+01
   1.44850912000000E+02  -6.28741740000000E+01
   1.44235888000000E+02  -5.89191100000000E+01
   1.43758320000000E+02  -5.63030965000000E+01
   1.43280752000000E+02  -5.36870830000000E+01
   1.42652231000000E+02  -5.03984175000000E+01
   1.42023709000000E+02  -4.71097520000000E+01
   1.41346345000000E+02  -4.33819200000000E+01
   1.40668981000000E+02  -3.96540880000000E+01
   1.40032935000000E+02  -3.56647310000000E+01
   1.39396888000000E+02  -3.16753740000000E+01
   1.38859662000000E+02  -2.75304920000000E+01
   1.38322436000000E+02  -2.33856100000000E+01
   1.37917718000000E+02  -1.91470275000000E+01
   1.37513000000000E+02  -1.49084450000000E+01
   1.37259831000000E+02  -1.06137400000000E+01
   1.37006663000000E+02  -6.31903500000000E+00
   1.36918339000000E+02  -1.99218400000000E+00
   1.36830014000000E+02   2.33466700000000E+00
   1.36919418000000E+02   6.67733350000000E+00
   1.37008821000000E+02   1.10200000000000E+01
   1.37291401000000E+02   1.53661935000000E+01
   1.37573981000000E+02   1.97123870000000E+01
   1.38070970000000E+02   2.40514005000000E+01
   1.38567959000000E+02   2.83904140000000E+01
   1.39304134000000E+02   3.27120900000000E+01
   1.40040309000000E+02   3.70337660000000E+01
   1.41045168000000E+02   4.13299730000000E+01
   1.42050028000000E+02   4.56261800000000E+01
   1.43355369000000E+02   4.99066435000000E+01
   1.44660710000000E+02   5.41871070000000E+01
   1.46348701000000E+02   5.85909195000000E+01
   1.48036692000000E+02   6.29947320000000E+01
   1.49456074000000E+02   6.58853995000000E+01
   1.50875457000000E+02   6.87760670000000E+01
   1.52294839000000E+02   7.16667345000000E+01
   1.53714221000000E+02   7.45574020000000E+01
   1.57274073000000E+02   7.50093230000000E+01
   1.60833926000000E+02   7.54612440000000E+01
   1.64393778000000E+02   7.59131650000000E+01
   1.67953631000000E+02   7.63650860000000E+01
   1.70403057000000E+02   7.51226168000000E+01
   1.72852484000000E+02   7.38801475000000E+01
   1.75301910000000E+02   7.26376782000000E+01
   1.77751336000000E+02   7.13952090000000E+01
   1.81601435000000E+02   6.91893130000000E+01
   1.85451534000000E+02   6.69834170000000E+01
   1.89043050000000E+02   6.46624750000000E+01
   1.92634566000000E+02   6.23415330000000E+01
   1.96026531000000E+02   5.98388650000000E+01
   1.99418496000000E+02   5.73361970000000E+01
   2.02594337000000E+02   5.46256535000000E+01
   2.05770178000000E+02   5.19151100000000E+01
   2.08698342000000E+02   4.89858530000000E+01
   2.11626506000000E+02   4.60565960000000E+01
   2.14267045000000E+02   4.29059245000000E+01
   2.16907585000000E+02   3.97552530000000E+01
   2.19217339000000E+02   3.63910655000000E+01
   2.21527093000000E+02   3.30268780000000E+01
   2.23459468000000E+02   2.94667370000000E+01
   2.25391843000000E+02   2.59065960000000E+01
   2.26900982000000E+02   2.21806890000000E+01
   2.28410120000000E+02   1.84547820000000E+01
   2.29456212000000E+02   1.46069355000000E+01
   2.30502305000000E+02   1.07590890000000E+01
   2.31056669000000E+02   6.84538500000000E+00
   2.31611032000000E+02   2.93168100000000E+00
   2.31665309000000E+02  -9.82866000000000E-01
   2.31719586000000E+02  -4.89741300000000E+00
   2.31286048000000E+02  -8.74678050000000E+00
   2.30852510000000E+02  -1.25961480000000E+01
   2.29963579000000E+02  -1.63205405000000E+01
   2.29074647000000E+02  -2.00449330000000E+01
   2.27779571000000E+02  -2.35968365000000E+01
   2.26484494000000E+02  -2.71487400000000E+01
   2.24842075000000E+02  -3.04959850000000E+01
   2.23199657000000E+02  -3.38432300000000E+01
   2.21272299000000E+02  -3.69688960000000E+01
   2.19344940000000E+02  -4.00945620000000E+01
   2.17193208000000E+02  -4.29935860000000E+01
   2.15041477000000E+02  -4.58926100000000E+01
   2.12723433000000E+02  -4.85692735000000E+01
   2.10405388000000E+02  -5.12459370000000E+01
   2.07976270000000E+02  -5.37104780000000E+01
   2.05547153000000E+02  -5.61750190000000E+01
   2.03061712000000E+02  -5.84405915000000E+01
   2.00576272000000E+02  -6.07061640000000E+01
   1.98093319000000E+02  -6.27867185000000E+01
   1.95610366000000E+02  -6.48672730000000E+01
   1.93199405000000E+02  -6.67761625000000E+01
   1.90788444000000E+02  -6.86850520000000E+01
   1.88535993000000E+02  -7.04302310000000E+01
   1.86283543000000E+02  -7.21754100000000E+01
   1.84296962000000E+02  -7.37550540000000E+01
   1.82310380000000E+02  -7.53346980000000E+01
   1.79072586000000E+02  -7.81268050000000E+01
   1.76571009000000E+02  -8.06116950000000E+01
   1.74480917000000E+02  -8.31955740000000E+01
   1.73641791000000E+02  -8.45040590000000E+01
   1.72967376000000E+02  -8.57760630000000E+01
   1.72416954000000E+02  -8.70874910000000E+01
   1.71989719000000E+02  -8.84354340000000E+01
   1.71687861000000E+02  -8.97976570000000E+01
   1.71502144000000E+02  -9.11486520000000E+01
   1.71417221000000E+02  -9.24686680000000E+01
   1.71412694000000E+02  -9.37451970000000E+01
   1.71472579000000E+02  -9.49725880000000E+01
   1.71578733000000E+02  -9.61501830000000E+01
   1.71721403000000E+02  -9.72799650000000E+01
   1.71888986000000E+02  -9.83662240000000E+01
   1.72076926000000E+02  -9.94135810000000E+01
   1.72280529000000E+02  -1.00427466000000E+02
   1.72495760000000E+02  -1.01413689000000E+02
   1.72719816000000E+02  -1.02378196000000E+02
   1.72953345000000E+02  -1.03326352000000E+02
   1.73194855000000E+02  -1.04264210000000E+02
   1.73444270000000E+02  -1.05197577000000E+02
   1.73702406000000E+02  -1.06132125000000E+02
   1.73969136000000E+02  -1.07073855000000E+02
   1.74246253000000E+02  -1.08028271000000E+02
   1.74533447000000E+02  -1.09001507000000E+02
   1.74833696000000E+02  -1.09998728000000E+02
   1.75590000000000E+02  -1.10000000000000E+02
   1.75590000000000E+02  -1.07000000000000E+02
   1.75590000000000E+02  -1.04000000000000E+02
   1.75590000000000E+02  -1.00000000000000E+02
   1.75590000000000E+02  -9.77900000000000E+01
   1.75780000000000E+02  -9.56200000000000E+01
   1.76350000000000E+02  -9.38500000000000E+01
   1.77330000000000E+02  -9.13700000000000E+01
   1.78650000000000E+02  -8.96100000000000E+01
   1.80270000000000E+02  -8.81200000000000E+01
   1.82130000000000E+02  -8.69500000000000E+01
   1.85632500000000E+02  -8.50225000000000E+01
   1.89135000000000E+02  -8.30950000000000E+01
   1.92637500000000E+02  -8.11675000000000E+01
   1.96140000000000E+02  -7.92400000000000E+01
   1.96250000000000E+02  -7.91366000000000E+01
   1.97030000000000E+02  -7.83700000000000E+01
   1.97110000000000E+02  -7.83000000000000E+01
   1.99011875000000E+02  -7.64375000000000E+01
   2.00913750000000E+02  -7.45750000000000E+01
   2.02815625000000E+02  -7.27125000000000E+01
   2.04717500000000E+02  -7.08500000000000E+01
   2.06619375000000E+02  -6.89875000000000E+01
   2.08521250000000E+02  -6.71250000000000E+01
   2.10423125000000E+02  -6.52625000000000E+01
   2.12325000000000E+02  -6.34000000000000E+01
   2.14226875000000E+02  -6.15375000000000E+01
   2.16128750000000E+02  -5.96750000000000E+01
   2.18030625000000E+02  -5.78125000000000E+01
   2.19932500000000E+02  -5.59500000000000E+01
   2.21834375000000E+02  -5.40875000000000E+01
   2.23736250000000E+02  -5.22250000000000E+01
   2.25638125000000E+02  -5.03625000000000E+01
   2.27540000000000E+02  -4.85000000000000E+01
   2.31869625000000E+02  -4.84996500000000E+01
   2.36199250000000E+02  -4.84993000000000E+01
   2.40528875000000E+02  -4.84989500000000E+01
   2.44858500000000E+02  -4.84986000000000E+01
   2.49188125000000E+02  -4.84982500000000E+01
   2.53517750000000E+02  -4.84979000000000E+01
   2.57847375000000E+02  -4.84975500000000E+01
   2.62177000000000E+02  -4.84972000000000E+01
   2.62171469000000E+02  -4.54660375000000E+01
   2.62165937000000E+02  -4.24348750000000E+01
   2.62160406000000E+02  -3.94037125000000E+01
   2.62154875000000E+02  -3.63725500000000E+01
   2.62149344000000E+02  -3.33413875000000E+01
   2.62143813000000E+02  -3.03102250000000E+01
   2.62138281000000E+02  -2.72790625000000E+01
   2.62132750000000E+02  -2.42479000000000E+01
   2.62127219000000E+02  -2.12167375000000E+01
   2.62121688000000E+02  -1.81855750000000E+01
   2.62116156000000E+02  -1.51544125000000E+01
   2.62110625000000E+02  -1.21232500000000E+01
   2.62105094000000E+02  -9.09208750000000E+00
   2.62099562000000E+02  -6.06092500000000E+00
   2.62094031000000E+02  -3.02976250000000E+00
   2.62088500000000E+02   1.40000000000000E-03
   2.62082969000000E+02   3.03256250000000E+00
   2.62077437000000E+02   6.06372500000000E+00
   2.62071906000000E+02   9.09488750000000E+00
   2.62066375000000E+02   1.21260500000000E+01
   2.62060844000000E+02   1.51572125000000E+01
   2.62055313000000E+02   1.81883750000000E+01
   2.62049781000000E+02   2.12195375000000E+01
   2.62044250000000E+02   2.42507000000000E+01
   2.62038719000000E+02   2.72818625000000E+01
   2.62033187000000E+02   3.03130250000000E+01
   2.62027656000000E+02   3.33441875000000E+01
   2.62022125000000E+02   3.63753500000000E+01
   2.62016594000000E+02   3.94065125000000E+01
   2.62011062000000E+02   4.24376750000000E+01
   2.62005531000000E+02   4.54688375000000E+01
   2.62000000000000E+02   4.85000000000000E+01
   2.57693750000000E+02   4.85000000000000E+01
   2.53387500000000E+02   4.85000000000000E+01
   2.49081250000000E+02   4.85000000000000E+01
   2.44775000000000E+02   4.85000000000000E+01
   2.40468750000000E+02   4.85000000000000E+01
   2.36162500000000E+02   4.85000000000000E+01
   2.31856250000000E+02   4.85000000000000E+01
   2.27550000000000E+02   4.85000000000000E+01
   2.25456250000000E+02   5.05225000000000E+01
   2.23362500000000E+02   5.25450000000000E+01
   2.21268750000000E+02   5.45675000000000E+01
   2.19175000000000E+02   5.65900000000000E+01
   2.17081250000000E+02   5.86125000000000E+01
   2.14987500000000E+02   6.06350000000000E+01
   2.12893750000000E+02   6.26575000000000E+01
   2.10800000000000E+02   6.46800000000000E+01
   2.08706250000000E+02   6.67025000000000E+01
   2.06612500000000E+02   6.87250000000000E+01
   2.04518750000000E+02   7.07475000000000E+01
   2.02425000000000E+02   7.27700000000000E+01
   2.00331250000000E+02   7.47925000000000E+01
   1.98237500000000E+02   7.68150000000000E+01
   1.96143750000000E+02   7.88375000000000E+01
   1.94050000000000E+02   8.08600000000000E+01
   1.90592500000000E+02   8.37825000000000E+01
   1.87135000000000E+02   8.67050000000000E+01
   1.83677500000000E+02   8.96275000000000E+01
   1.80220000000000E+02   9.25500000000000E+01
   1.78880000000000E+02   9.37900000000000E+01
   1.77270000000000E+02   9.56400000000000E+01
   1.76050000000000E+02   9.74100000000000E+01
   1.75070000000000E+02   9.92300000000000E+01
   1.74260000000000E+02   1.01190000000000E+02
   1.73640000000000E+02   1.03320000000000E+02
   1.72897500000000E+02   1.06542500000000E+02
   1.72155000000000E+02   1.09765000000000E+02
   1.71412500000000E+02   1.12987500000000E+02
   1.70670000000000E+02   1.16210000000000E+02
   1.69640000000000E+02   1.14260000000000E+02
   1.67635000000000E+02   1.12665000000000E+02
   1.65630000000000E+02   1.11070000000000E+02
   1.64610000000000E+02   1.10300000000000E+02
   1.63480000000000E+02   1.09570000000000E+02
   1.62350000000000E+02   1.08940000000000E+02
   1.61200000000000E+02   1.08390000000000E+02
   1.57845000000000E+02   1.06920000000000E+02
   1.54490000000000E+02   1.05450000000000E+02
   1.51135000000000E+02   1.03980000000000E+02
   1.47780000000000E+02   1.02510000000000E+02
   1.46620000000000E+02   1.02160000000000E+02
   1.45360000000000E+02   1.02110000000000E+02
   1.44030000000000E+02   1.02410000000000E+02
   1.39830000000000E+02   1.03970000000000E+02
   1.37940000000000E+02   1.04840000000000E+02
   1.39200000000000E+02   1.01347500000000E+02
   1.40460000000000E+02   9.78550000000000E+01
   1.41720000000000E+02   9.43625000000000E+01
   1.42980000000000E+02   9.08700000000000E+01
   1.43830000000000E+02   8.77500000000000E+01
   1.44130000000000E+02   8.53000000000000E+01
   1.44130000000000E+02   8.28500000000000E+01
   1.43720000000000E+02   7.98600000000000E+01
   1.42767500000000E+02   7.54500000000000E+01
   1.41815000000000E+02   7.10400000000000E+01
   1.40862500000000E+02   6.66300000000000E+01
   1.39910000000000E+02   6.22200000000000E+01
   1.38957500000000E+02   5.78100000000000E+01
   1.38005000000000E+02   5.34000000000000E+01
   1.37052500000000E+02   4.89900000000000E+01
   1.36100000000000E+02   4.45800000000000E+01
   1.36100000000000E+02   4.17937500000000E+01
   1.36100000000000E+02   3.90075000000000E+01
   1.36100000000000E+02   3.62212500000000E+01
   1.36100000000000E+02   3.34350000000000E+01
   1.36100000000000E+02   3.06487500000000E+01
   1.36100000000000E+02   2.78625000000000E+01
   1.36100000000000E+02   2.50762500000000E+01
   1.36100000000000E+02   2.22900000000000E+01
   1.36100000000000E+02   1.95037500000000E+01
   1.36100000000000E+02   1.67175000000000E+01
   1.36100000000000E+02   1.39312500000000E+01
   1.36100000000000E+02   1.11450000000000E+01
   1.36100000000000E+02   8.35875000000000E+00
   1.36100000000000E+02   5.57250000000000E+00
   1.36100000000000E+02   2.78625000000000E+00
   1.36100000000000E+02   0.00000000000000E+00
   1.36100000000000E+02  -2.83750000000000E+00
   1.36100000000000E+02  -5.67500000000000E+00
   1.36100000000000E+02  -8.51250000000000E+00
   1.36100000000000E+02  -1.13500000000000E+01
   1.36100000000000E+02  -1.41875000000000E+01
   1.36100000000000E+02  -1.70250000000000E+01
   1.36100000000000E+02  -1.98625000000000E+01
   1.36100000000000E+02  -2.27000000000000E+01
   1.36100000000000E+02  -2.55375000000000E+01
   1.36100000000000E+02  -2.83750000000000E+01
   1.36100000000000E+02  -3.12125000000000E+01
   1.36100000000000E+02  -3.40500000000000E+01
   1.36100000000000E+02  -3.68875000000000E+01
   1.36100000000000E+02  -3.97250000000000E+01
   1.36100000000000E+02  -4.25625000000000E+01
   1.36100000000000E+02  -4.54000000000000E+01
          64
   1.39146556000000E+02  -9.48379960000000E+01
   1.38549669000000E+02  -9.50649030000000E+01
   1.37951086000000E+02  -9.52971990000000E+01
   1.37347254000000E+02  -9.55373110000000E+01
   1.36733824000000E+02  -9.57856130000000E+01
   1.36107561000000E+02  -9.60451060000000E+01
   1.36100000000000E+02  -1.00500000000000E+02
   1.39400000000000E+02  -9.91693000000000E+01
   1.42135000000000E+02  -9.78346500000000E+01
   1.44870000000000E+02  -9.65000000000000E+01
   1.48935500000000E+02  -9.65016000000000E+01
   1.53001000000000E+02  -9.65032000000000E+01
   1.56080000000000E+02  -9.69102000000000E+01
   1.58962000000000E+02  -9.81035000000000E+01
   1.59885000000000E+02  -9.88002000000000E+01
   1.61455000000000E+02  -1.00003000000000E+02
   1.62714000000000E+02  -1.01499000000000E+02
   1.64800000000000E+02  -1.04420000000000E+02
   1.64960000000000E+02  -1.07210000000000E+02
   1.65120000000000E+02  -1.10000000000000E+02
   1.69038439000000E+02  -1.10000000000000E+02
   1.68659182000000E+02  -1.09269698000000E+02
   1.68285111000000E+02  -1.08561501000000E+02
   1.67915841000000E+02  -1.07870054000000E+02
   1.67546898000000E+02  -1.07192054000000E+02
   1.67176705000000E+02  -1.06522568000000E+02
   1.66803013000000E+02  -1.05856935000000E+02
   1.66421576000000E+02  -1.05191493000000E+02
   1.66030778000000E+02  -1.04521032000000E+02
   1.65626662000000E+02  -1.03841524000000E+02
   1.65204181000000E+02  -1.03149194000000E+02
   1.64760867000000E+02  -1.02438364000000E+02
   1.64290284000000E+02  -1.01705288000000E+02
   1.63787166000000E+02  -1.00945143000000E+02
   1.63243711000000E+02  -1.00155066000000E+02
   1.62652662000000E+02  -9.93329880000000E+01
   1.62006003000000E+02  -9.84802950000000E+01
   1.61297901000000E+02  -9.76025810000000E+01
   1.60520693000000E+02  -9.67154570000000E+01
   1.59674064000000E+02  -9.58404920000000E+01
   1.58763244000000E+02  -9.50106650000000E+01
   1.57805223000000E+02  -9.42632860000000E+01
   1.56823408000000E+02  -9.36257650000000E+01
   1.55823803000000E+02  -9.31063600000000E+01
   1.54799891000000E+02  -9.27028690000000E+01
   1.53834830000000E+02  -9.24275630000000E+01
   1.52856271000000E+02  -9.22408880000000E+01
   1.51844390000000E+02  -9.21344020000000E+01
   1.50806076000000E+02  -9.21044310000000E+01
   1.49765769000000E+02  -9.21432730000000E+01
   1.48749645000000E+02  -9.22388490000000E+01
   1.47775193000000E+02  -9.23764730000000E+01
   1.46850234000000E+02  -9.25408620000000E+01
   1.45977148000000E+02  -9.27256690000000E+01
   1.45153079000000E+02  -9.29215980000000E+01
   1.44373863000000E+02  -9.31249030000000E+01
   1.43634488000000E+02  -9.33332390000000E+01
   1.42929028000000E+02  -9.35424930000000E+01
   1.42253377000000E+02  -9.37552530000000E+01
   1.41601267000000E+02  -9.39669780000000E+01
   1.40969460000000E+02  -9.41820670000000E+01
   1.40352202000000E+02  -9.43973070000000E+01
   1.39746242000000E+02  -9.46164030000000E+01
   1.39146556000000E+02  -9.48379960000000E+01
