# Poloidal particle flux (s@S@-1@N@)/(m@S@2@N@) <ix = 66> D@S@0@N@
 -5.205283672491624E-002 -2.075076420470539E+019
 -5.010490064654718E-002 -2.075056678851682E+019
 -4.623161358701841E-002 -2.669322848430638E+019
 -4.231460442884924E-002 -2.727131023658258E+019
 -3.838714028628458E-002 -3.789436905626504E+019
 -3.451226629089290E-002 -3.799935855766237E+019
 -3.071429788040613E-002 -4.594034856233877E+019
 -2.699420002554211E-002 -5.540206790691334E+019
 -2.338969617104207E-002 -6.321500560822595E+019
 -1.991257254680182E-002 -5.793050486541650E+019
 -1.659164102924165E-002 -5.992638030699221E+019
 -1.349603376526551E-002 -5.931957595744797E+019
 -1.064953149398375E-002 -6.521783319209329E+019
 -8.080117874322557E-003 -6.463225656657537E+019
 -5.812692311837196E-003 -7.463210209921307E+019
 -3.873566373751622E-003 -8.130543224442090E+019
 -2.289961153603186E-003 -9.161693778737103E+019
 -1.087794388445473E-003 -8.695390772746676E+019
 -2.927168682469103E-004 -8.628526459018235E+019
  5.737977894040153E-005 -8.422080667325530E+019
  3.805403335896407E-004 -8.718370939689846E+019
  1.076141459078334E-003 -8.991884467577206E+019
  2.078959870207793E-003 -9.974608126058933E+019
  3.362104838406092E-003 -1.034328519869767E+020
  4.890781422761427E-003 -1.053348799186423E+020
  6.611122164331552E-003 -9.738803671276449E+019
  8.478684917360368E-003 -9.740773350727616E+019
  1.045448564101797E-002 -1.063173014306676E+020
  1.250148892300861E-002 -1.201232556514799E+020
  1.458359472025023E-002 -1.128445220627177E+020
  1.666300161305647E-002 -1.038676585971195E+020
  1.870250845310529E-002 -9.725131423757984E+019
  2.066540789669805E-002 -1.153940768149275E+020
  2.251584203442077E-002 -1.261859519419633E+020
  2.421686007760287E-002 -1.291251738201594E+020
  2.573315140849062E-002 -1.236544988503098E+020
  2.703817752494384E-002 -1.152179948019589E+020
  2.764218229254207E-002 -1.153079687801402E+020
# Poloidal particle flux (s@S@-1@N@)/(m@S@2@N@) <ix = 66> D@S@+1@N@
 -5.205283672491624E-002  0.000000000000000E+000
 -5.010490064654718E-002 -1.170254014974605E+021
 -4.623161358701841E-002 -8.141434080235393E+020
 -4.231460442884924E-002 -6.689126878234626E+020
 -3.838714028628458E-002 -6.790227447191161E+020
 -3.451226629089290E-002 -7.608151102041409E+020
 -3.071429788040613E-002 -8.746344256475742E+020
 -2.699420002554211E-002 -9.853543933120141E+020
 -2.338969617104207E-002 -1.100935274095913E+021
 -1.991257254680182E-002 -1.140727060675219E+021
 -1.659164102924165E-002 -1.149478988116592E+021
 -1.349603376526551E-002 -1.097746861274117E+021
 -1.064953149398375E-002 -1.013074185574578E+021
 -8.080117874322557E-003 -8.998015375940025E+020
 -5.812692311837196E-003 -6.918690146467968E+020
 -3.873566373751622E-003 -3.664394905582562E+020
 -2.289961153603186E-003  4.323143051796600E+019
 -1.087794388445473E-003  4.314547709577847E+020
 -2.927168682469103E-004  7.092302923878884E+020
  5.737977894040153E-005  8.037406244223307E+020
  3.805403335896407E-004  9.285352565549577E+020
  1.076141459078334E-003  1.176641904588353E+021
  2.078959870207793E-003  1.527987034404290E+021
  3.362104838406092E-003  1.889747057300467E+021
  4.890781422761427E-003  2.259300870076733E+021
  6.611122164331552E-003  2.559946818294832E+021
  8.478684917360368E-003  2.729014627885201E+021
  1.045448564101797E-002  2.789050812276394E+021
  1.250148892300861E-002  2.722370834797752E+021
  1.458359472025023E-002  2.561394028722387E+021
  1.666300161305647E-002  2.461468965525033E+021
  1.870250845310529E-002  2.422310448599690E+021
  2.066540789669805E-002  2.366287057902266E+021
  2.251584203442077E-002  2.321492286217142E+021
  2.421686007760287E-002  2.276680877571456E+021
  2.573315140849062E-002  2.166171185551126E+021
  2.703817752494384E-002  2.025452115277303E+021
  2.764218229254207E-002  0.000000000000000E+000
# Poloidal particle flux (s@S@-1@N@)/(m@S@2@N@) <ix = 66> C@S@0@N@
 -5.205283672491624E-002 -1.989361157294753E+015
 -5.010490064654718E-002 -2.100022611386560E+015
 -4.623161358701841E-002 -2.327157563873990E+015
 -4.231460442884924E-002 -3.230954990764128E+015
 -3.838714028628458E-002 -4.216859825934444E+015
 -3.451226629089290E-002 -4.240664240773454E+015
 -3.071429788040613E-002 -4.427845226934926E+015
 -2.699420002554211E-002 -4.750335405288681E+015
 -2.338969617104207E-002 -4.962377945281561E+015
 -1.991257254680182E-002 -6.664828669111578E+015
 -1.659164102924165E-002 -7.557563290269878E+015
 -1.349603376526551E-002 -7.350507063462373E+015
 -1.064953149398375E-002 -1.090778142879656E+016
 -8.080117874322557E-003 -1.635713399908826E+016
 -5.812692311837196E-003 -1.891286939049001E+016
 -3.873566373751622E-003 -2.083708279226255E+016
 -2.289961153603186E-003 -2.438130143975197E+016
 -1.087794388445473E-003 -3.083197596537425E+016
 -2.927168682469103E-004 -3.297156950072379E+016
  5.737977894040153E-005 -3.077587617676746E+016
  3.805403335896407E-004 -3.175401264308125E+016
  1.076141459078334E-003 -3.253778897951386E+016
  2.078959870207793E-003 -3.413605317311856E+016
  3.362104838406092E-003 -4.546434629524681E+016
  4.890781422761427E-003 -5.901681480792651E+016
  6.611122164331552E-003 -6.666206223378253E+016
  8.478684917360368E-003 -8.176169499068781E+016
  1.045448564101797E-002 -9.657001567029163E+016
  1.250148892300861E-002 -1.135709440124724E+017
  1.458359472025023E-002 -1.283870464866781E+017
  1.666300161305647E-002 -1.587530791618313E+017
  1.870250845310529E-002 -1.986353337151045E+017
  2.066540789669805E-002 -2.438402558972627E+017
  2.251584203442077E-002 -2.927376590518908E+017
  2.421686007760287E-002 -3.462183136321131E+017
  2.573315140849062E-002 -3.868931996817154E+017
  2.703817752494384E-002 -4.109508537926240E+017
  2.764218229254207E-002 -4.125576362403862E+017
# Poloidal particle flux (s@S@-1@N@)/(m@S@2@N@) <ix = 66> C@S@+1@N@
 -5.205283672491624E-002  0.000000000000000E+000
 -5.010490064654718E-002  -324487649025586.     
 -4.623161358701841E-002  -270828025374760.     
 -4.231460442884924E-002  -235042249216428.     
 -3.838714028628458E-002  -209666153805598.     
 -3.451226629089290E-002  -238093540446197.     
 -3.071429788040613E-002  -264176413454086.     
 -2.699420002554211E-002  -403170187494111.     
 -2.338969617104207E-002  -751577156612413.     
 -1.991257254680182E-002 -1.287414370620894E+015
 -1.659164102924165E-002 -1.796357382604132E+015
 -1.349603376526551E-002 -2.258056699283260E+015
 -1.064953149398375E-002 -2.683713857290884E+015
 -8.080117874322557E-003 -3.918552533536536E+015
 -5.812692311837196E-003 -4.552705983125805E+015
 -3.873566373751622E-003 -5.432616104431581E+015
 -2.289961153603186E-003 -6.738149321633657E+015
 -1.087794388445473E-003 -8.050160196464595E+015
 -2.927168682469103E-004 -8.971013834668680E+015
  5.737977894040153E-005 -9.080535805231086E+015
  3.805403335896407E-004 -9.658769749231918E+015
  1.076141459078334E-003 -1.079697165707138E+016
  2.078959870207793E-003 -1.295310253599128E+016
  3.362104838406092E-003 -1.636886910840135E+016
  4.890781422761427E-003 -2.215096714952193E+016
  6.611122164331552E-003 -3.084843887466410E+016
  8.478684917360368E-003 -4.428886424924169E+016
  1.045448564101797E-002 -6.528478797404346E+016
  1.250148892300861E-002 -9.907013187808085E+016
  1.458359472025023E-002 -1.548915736293170E+017
  1.666300161305647E-002 -2.173214587182340E+017
  1.870250845310529E-002 -2.823126406889795E+017
  2.066540789669805E-002 -3.406024741715166E+017
  2.251584203442077E-002 -3.820656718189124E+017
  2.421686007760287E-002 -3.988027220111007E+017
  2.573315140849062E-002 -3.837702932501272E+017
  2.703817752494384E-002 -3.576080785153945E+017
  2.764218229254207E-002  0.000000000000000E+000
# Poloidal particle flux (s@S@-1@N@)/(m@S@2@N@) <ix = 66> C@S@+2@N@
 -5.205283672491624E-002  0.000000000000000E+000
 -5.010490064654718E-002 -1.578410870763448E+015
 -4.623161358701841E-002 -2.274682942882946E+015
 -4.231460442884924E-002 -2.758845134051397E+015
 -3.838714028628458E-002 -3.137020033260591E+015
 -3.451226629089290E-002 -3.809813631086444E+015
 -3.071429788040613E-002 -5.364070830268144E+015
 -2.699420002554211E-002 -8.434577301037376E+015
 -2.338969617104207E-002 -1.370672361046918E+016
 -1.991257254680182E-002 -2.023450638738472E+016
 -1.659164102924165E-002 -2.845171288181248E+016
 -1.349603376526551E-002 -3.704415421938997E+016
 -1.064953149398375E-002 -4.837496525736011E+016
 -8.080117874322557E-003 -7.270349451887030E+016
 -5.812692311837196E-003 -1.034084324294557E+017
 -3.873566373751622E-003 -1.357259440926684E+017
 -2.289961153603186E-003 -1.681985639599029E+017
 -1.087794388445473E-003 -1.915434273764292E+017
 -2.927168682469103E-004 -2.039682333626084E+017
  5.737977894040153E-005 -2.018490046537683E+017
  3.805403335896407E-004 -2.102999470948779E+017
  1.076141459078334E-003 -2.236490771442549E+017
  2.078959870207793E-003 -2.463061074532085E+017
  3.362104838406092E-003 -2.764619692784848E+017
  4.890781422761427E-003 -3.295441707097374E+017
  6.611122164331552E-003 -4.126633834465685E+017
  8.478684917360368E-003 -5.320904345246028E+017
  1.045448564101797E-002 -6.936795166083535E+017
  1.250148892300861E-002 -9.159476669501652E+017
  1.458359472025023E-002 -1.194647529744313E+018
  1.666300161305647E-002 -1.389693869503576E+018
  1.870250845310529E-002 -1.494786739740425E+018
  2.066540789669805E-002 -1.496631525664887E+018
  2.251584203442077E-002 -1.425101011105120E+018
  2.421686007760287E-002 -1.313034078104398E+018
  2.573315140849062E-002 -1.171169462343300E+018
  2.703817752494384E-002 -1.054485836139745E+018
  2.764218229254207E-002  0.000000000000000E+000
# Poloidal particle flux (s@S@-1@N@)/(m@S@2@N@) <ix = 66> C@S@+3@N@
 -5.205283672491624E-002  0.000000000000000E+000
 -5.010490064654718E-002  3.801836932157181E+016
 -4.623161358701841E-002  2.945467611631244E+016
 -4.231460442884924E-002  2.460492800737758E+016
 -3.838714028628458E-002  1.525440731612682E+016
 -3.451226629089290E-002 -7.145754956977976E+015
 -3.071429788040613E-002 -4.798273459584206E+016
 -2.699420002554211E-002 -1.041258978316249E+017
 -2.338969617104207E-002 -1.762469601894979E+017
 -1.991257254680182E-002 -2.499997273626608E+017
 -1.659164102924165E-002 -3.297128722844564E+017
 -1.349603376526551E-002 -4.053804901789022E+017
 -1.064953149398375E-002 -4.906104705180588E+017
 -8.080117874322557E-003 -6.287383912273312E+017
 -5.812692311837196E-003 -7.498775821917742E+017
 -3.873566373751622E-003 -8.178123702987012E+017
 -2.289961153603186E-003 -8.307717924572556E+017
 -1.087794388445473E-003 -7.947235882309748E+017
 -2.927168682469103E-004 -7.430773848900058E+017
  5.737977894040153E-005 -6.909175168391561E+017
  3.805403335896407E-004 -6.795687426951085E+017
  1.076141459078334E-003 -6.326412161486950E+017
  2.078959870207793E-003 -5.633589189267023E+017
  3.362104838406092E-003 -4.689593682593011E+017
  4.890781422761427E-003 -3.814764990695853E+017
  6.611122164331552E-003 -3.070431752030462E+017
  8.478684917360368E-003 -2.538439303722604E+017
  1.045448564101797E-002 -2.204131795678295E+017
  1.250148892300861E-002 -2.027760905330395E+017
  1.458359472025023E-002 -1.854480077432249E+017
  1.666300161305647E-002 -1.453972750251319E+017
  1.870250845310529E-002 -7.857468248884387E+016
  2.066540789669805E-002  9.047333993187402E+015
  2.251584203442077E-002  9.691669595385488E+016
  2.421686007760287E-002  1.648470927319273E+017
  2.573315140849062E-002  1.971346284004565E+017
  2.703817752494384E-002  1.994491228698029E+017
  2.764218229254207E-002  0.000000000000000E+000
# Poloidal particle flux (s@S@-1@N@)/(m@S@2@N@) <ix = 66> C@S@+4@N@
 -5.205283672491624E-002  0.000000000000000E+000
 -5.010490064654718E-002  6.715531647524854E+017
 -4.623161358701841E-002 -4.103839857950961E+016
 -4.231460442884924E-002 -3.997412293477293E+017
 -3.838714028628458E-002 -6.096218426079489E+017
 -3.451226629089290E-002 -7.951853003355697E+017
 -3.071429788040613E-002 -9.910528576970364E+017
 -2.699420002554211E-002 -1.183602506170925E+018
 -2.338969617104207E-002 -1.409892332722983E+018
 -1.991257254680182E-002 -1.591564955414898E+018
 -1.659164102924165E-002 -1.798805415834920E+018
 -1.349603376526551E-002 -1.979900552490737E+018
 -1.064953149398375E-002 -2.115482853527651E+018
 -8.080117874322557E-003 -2.168155879152661E+018
 -5.812692311837196E-003 -2.081879441466311E+018
 -3.873566373751622E-003 -1.876119881616549E+018
 -2.289961153603186E-003 -1.570277931981695E+018
 -1.087794388445473E-003 -1.252785970536726E+018
 -2.927168682469103E-004 -9.988627951240721E+017
  5.737977894040153E-005 -8.496763471877242E+017
  3.805403335896407E-004 -7.589224408246194E+017
  1.076141459078334E-003 -5.423236328947642E+017
  2.078959870207793E-003 -2.439554830465351E+017
  3.362104838406092E-003  1.032096791340804E+017
  4.890781422761427E-003  4.543793457114363E+017
  6.611122164331552E-003  7.606608430009592E+017
  8.478684917360368E-003  9.788407786822912E+017
  1.045448564101797E-002  1.104311805980544E+018
  1.250148892300861E-002  1.139189998066051E+018
  1.458359472025023E-002  1.109537935075530E+018
  1.666300161305647E-002  1.096102058167112E+018
  1.870250845310529E-002  1.109018037627268E+018
  2.066540789669805E-002  1.111842202059897E+018
  2.251584203442077E-002  1.111611991261875E+018
  2.421686007760287E-002  1.099049091163123E+018
  2.573315140849062E-002  1.043956654563869E+018
  2.703817752494384E-002  9.709376373073772E+017
  2.764218229254207E-002  0.000000000000000E+000
# Poloidal particle flux (s@S@-1@N@)/(m@S@2@N@) <ix = 66> C@S@+5@N@
 -5.205283672491624E-002  0.000000000000000E+000
 -5.010490064654718E-002   415683616315880.     
 -4.623161358701841E-002 -3.736296055597168E+015
 -4.231460442884924E-002 -4.660140863432510E+015
 -3.838714028628458E-002 -4.581002278305878E+015
 -3.451226629089290E-002 -4.365833937983226E+015
 -3.071429788040613E-002 -4.264546770514462E+015
 -2.699420002554211E-002 -4.276811018496886E+015
 -2.338969617104207E-002 -4.531052082072527E+015
 -1.991257254680182E-002 -4.752642937435686E+015
 -1.659164102924165E-002 -5.144914552810505E+015
 -1.349603376526551E-002 -5.520367022849898E+015
 -1.064953149398375E-002 -5.750626306146549E+015
 -8.080117874322557E-003 -5.639815534696002E+015
 -5.812692311837196E-003 -5.192862026256214E+015
 -3.873566373751622E-003 -4.518229541828325E+015
 -2.289961153603186E-003 -3.647390337272863E+015
 -1.087794388445473E-003 -2.790031145812824E+015
 -2.927168682469103E-004 -2.112078844885562E+015
  5.737977894040153E-005 -1.730005384881810E+015
  3.805403335896407E-004 -1.476428447558060E+015
  1.076141459078334E-003  -902504836808450.     
  2.078959870207793E-003  -117400916743713.     
  3.362104838406092E-003   858607538768333.     
  4.890781422761427E-003  1.830876731952012E+015
  6.611122164331552E-003  2.651349702270168E+015
  8.478684917360368E-003  3.200433587132346E+015
  1.045448564101797E-002  3.473284392114358E+015
  1.250148892300861E-002  3.490657995545802E+015
  1.458359472025023E-002  3.339787871461644E+015
  1.666300161305647E-002  3.252086390499060E+015
  1.870250845310529E-002  3.255415349542066E+015
  2.066540789669805E-002  3.244332412427434E+015
  2.251584203442077E-002  3.234252965528426E+015
  2.421686007760287E-002  3.190592833987932E+015
  2.573315140849062E-002  3.023756176622146E+015
  2.703817752494384E-002  2.805230052189292E+015
  2.764218229254207E-002  0.000000000000000E+000
# Poloidal particle flux (s@S@-1@N@)/(m@S@2@N@) <ix = 66> C@S@+6@N@
 -5.205283672491624E-002  0.000000000000000E+000
 -5.010490064654718E-002   713861676503.911     
 -4.623161358701841E-002  -2012455424720.38     
 -4.231460442884924E-002  -2702124407317.62     
 -3.838714028628458E-002  -2836467313712.73     
 -3.451226629089290E-002  -2937154715843.84     
 -3.071429788040613E-002  -3113411619308.36     
 -2.699420002554211E-002  -3329646384278.18     
 -2.338969617104207E-002  -3695154439112.53     
 -1.991257254680182E-002  -3979938640994.79     
 -1.659164102924165E-002  -4368429082593.07     
 -1.349603376526551E-002  -4722811494907.88     
 -1.064953149398375E-002  -4998721239104.19     
 -8.080117874322557E-003  -5150537758047.34     
 -5.812692311837196E-003  -5039461807332.56     
 -3.873566373751622E-003  -4672477074125.05     
 -2.289961153603186E-003  -4045874331353.33     
 -1.087794388445473E-003  -3323823459638.51     
 -2.927168682469103E-004  -2691556235345.34     
  5.737977894040153E-005  -2295560911179.26     
  3.805403335896407E-004  -2060119501517.49     
  1.076141459078334E-003  -1510743064544.57     
  2.078959870207793E-003  -770390468954.876     
  3.362104838406092E-003   78015379074.6256     
  4.890781422761427E-003   911458435672.889     
  6.611122164331552E-003   1638324068892.64     
  8.478684917360368E-003   2172650142508.13     
  1.045448564101797E-002   2504149922111.08     
  1.250148892300861E-002   2660487429250.25     
  1.458359472025023E-002   2722013877132.76     
  1.666300161305647E-002   2817199480369.27     
  1.870250845310529E-002   2998857983729.17     
  2.066540789669805E-002   3200456167031.66     
  2.251584203442077E-002   3413112927789.91     
  2.421686007760287E-002   3571881654499.59     
  2.573315140849062E-002   3551548267441.94     
  2.703817752494384E-002   3411961648277.93     
  2.764218229254207E-002  0.000000000000000E+000
