# Incident energy (eV) <ix = -1> D@S@0@N@
 -0.244282531670984       0.000000000000000E+000
 -0.242390767786362        6.31047571631843     
 -0.237622113780123        6.31047574211987     
 -0.230839154145373        6.31047147048762     
 -0.221986432760037        6.31006370160071     
 -0.211373080598695        5.11941396590250     
 -0.198954505052842        6.30898438535648     
 -0.184806606748455        6.65468530454080     
 -0.169269304714827        6.66899841585034     
 -0.152143324331177        6.66895005138192     
 -0.133637227737630        6.65957526006607     
 -0.114063001153770        6.44838552144127     
 -9.364525751937050E-002   6.09808052347080     
 -7.278483025294782E-002   5.49465483710182     
 -5.235106003794521E-002   4.79355453872894     
 -3.344565391212947E-002   4.42952943288754     
 -1.757512559882496E-002   4.84184918742719     
 -6.249273217771856E-003   5.88732523856525     
 -9.388083447781359E-004   7.08832278877946     
  2.352205287065867E-004   7.19524887778212     
  1.575669548741498E-003   7.26074669846393     
  4.457701570038497E-003   7.42306012307732     
  8.896541894186344E-003   7.65663255775481     
  1.488972789109663E-002   7.85832948840960     
  2.203322389867238E-002   8.05227189243135     
  3.029455405784806E-002   8.28309575064188     
  3.996685209079284E-002   8.66383836247745     
  5.062160622627773E-002   9.16550120339335     
  6.247449621344162E-002   9.92313445268388     
  7.552054300533548E-002   10.9296338145804     
  8.853179713096879E-002   12.2218766579360     
  0.100962436432386        13.3619466645458     
  0.113092376352069        14.2864409438040     
  0.124776455946085        14.7881901540925     
  0.135641485396960        14.8615635896222     
  0.145177627081895        14.5067740529797     
  0.153159242660780        13.7482897356017     
  0.156931449080040       0.000000000000000E+000
# Incident energy (eV) <ix = -1> D@S@+1@N@
 -0.244282531670984       0.000000000000000E+000
 -0.242390767786362        6.45778232588617     
 -0.237622113780123        6.44795272856388     
 -0.230839154145373        6.43808071173028     
 -0.221986432760037        6.44281511747788     
 -0.211373080598695        5.17216656853188     
 -0.198954505052842        6.50724237973222     
 -0.184806606748455        7.06934819306982     
 -0.169269304714827        7.26455796645817     
 -0.152143324331177        7.41516749519980     
 -0.133637227737630        7.71900232366567     
 -0.114063001153770        8.00317768827757     
 -9.364525751937050E-002   8.25780707856720     
 -7.278483025294782E-002   8.35798679555933     
 -5.235106003794521E-002   8.25766621964034     
 -3.344565391212947E-002   8.36523566012794     
 -1.757512559882496E-002   9.61886033960919     
 -6.249273217771856E-003   12.5056724196107     
 -9.388083447781359E-004   17.2302586866085     
  2.352205287065867E-004   18.3638428448711     
  1.575669548741498E-003   18.8947267669159     
  4.457701570038497E-003   19.3850418617323     
  8.896541894186344E-003   20.1570614357108     
  1.488972789109663E-002   21.3663660640336     
  2.203322389867238E-002   22.8955447441723     
  3.029455405784806E-002   24.4372593599159     
  3.996685209079284E-002   26.2455863302145     
  5.062160622627773E-002   27.8468279226944     
  6.247449621344162E-002   29.3828326059049     
  7.552054300533548E-002   30.8573949560404     
  8.853179713096879E-002   32.3789068184150     
  0.100962436432386        33.3060063151048     
  0.113092376352069        33.7192930468000     
  0.124776455946085        33.5307240130395     
  0.135641485396960        32.7559633033642     
  0.145177627081895        31.3780933708737     
  0.153159242660780        29.4607986235567     
  0.156931449080040       0.000000000000000E+000
# Incident energy (eV) <ix = -1> C@S@0@N@
 -0.244282531670984       0.000000000000000E+000
 -0.242390767786362        6.31047571631843     
 -0.237622113780123        6.31047574211987     
 -0.230839154145373        6.31047147048762     
 -0.221986432760037        6.31006370160071     
 -0.211373080598695        5.11941396590250     
 -0.198954505052842        6.30898438535648     
 -0.184806606748455        6.65468530454080     
 -0.169269304714827        6.66899841585034     
 -0.152143324331177        6.66895005138192     
 -0.133637227737630        6.65957526006607     
 -0.114063001153770        6.44838552144127     
 -9.364525751937050E-002   6.09808052347080     
 -7.278483025294782E-002   5.49465483710182     
 -5.235106003794521E-002   4.79355453872894     
 -3.344565391212947E-002   4.42952943288754     
 -1.757512559882496E-002   4.84184918742719     
 -6.249273217771856E-003   5.88732523856525     
 -9.388083447781359E-004   7.08832278877946     
  2.352205287065867E-004   7.19524887778212     
  1.575669548741498E-003   7.26074669846393     
  4.457701570038497E-003   7.42306012307732     
  8.896541894186344E-003   7.65663255775481     
  1.488972789109663E-002   7.85832948840960     
  2.203322389867238E-002   8.05227189243135     
  3.029455405784806E-002   8.28309575064188     
  3.996685209079284E-002   8.66383836247745     
  5.062160622627773E-002   9.16550120339335     
  6.247449621344162E-002   9.92313445268388     
  7.552054300533548E-002   10.9296338145804     
  8.853179713096879E-002   12.2218766579360     
  0.100962436432386        13.3619466645458     
  0.113092376352069        14.2864409438040     
  0.124776455946085        14.7881901540925     
  0.135641485396960        14.8615635896222     
  0.145177627081895        14.5067740529797     
  0.153159242660780        13.7482897356017     
  0.156931449080040       0.000000000000000E+000
# Incident energy (eV) <ix = -1> C@S@+1@N@
 -0.244282531670984       0.000000000000000E+000
 -0.242390767786362        6.45778232588617     
 -0.237622113780123        6.44795272856388     
 -0.230839154145373        6.43808071173028     
 -0.221986432760037        6.44281511747788     
 -0.211373080598695        5.17216656853188     
 -0.198954505052842        6.50724237973222     
 -0.184806606748455        7.06934819306982     
 -0.169269304714827        7.26455796645817     
 -0.152143324331177        7.41516749519980     
 -0.133637227737630        7.71900232366567     
 -0.114063001153770        8.00317768827757     
 -9.364525751937050E-002   8.25780707856720     
 -7.278483025294782E-002   8.35798679555933     
 -5.235106003794521E-002   8.25766621964034     
 -3.344565391212947E-002   8.36523566012794     
 -1.757512559882496E-002   9.61886033960919     
 -6.249273217771856E-003   12.5056724196107     
 -9.388083447781359E-004   17.2302586866085     
  2.352205287065867E-004   18.3638428448711     
  1.575669548741498E-003   18.8947267669159     
  4.457701570038497E-003   19.3850418617323     
  8.896541894186344E-003   20.1570614357108     
  1.488972789109663E-002   21.3663660640336     
  2.203322389867238E-002   22.8955447441723     
  3.029455405784806E-002   24.4372593599159     
  3.996685209079284E-002   26.2455863302145     
  5.062160622627773E-002   27.8468279226944     
  6.247449621344162E-002   29.3828326059049     
  7.552054300533548E-002   30.8573949560404     
  8.853179713096879E-002   32.3789068184150     
  0.100962436432386        33.3060063151048     
  0.113092376352069        33.7192930468000     
  0.124776455946085        33.5307240130395     
  0.135641485396960        32.7559633033642     
  0.145177627081895        31.3780933708737     
  0.153159242660780        29.4607986235567     
  0.156931449080040       0.000000000000000E+000
# Incident energy (eV) <ix = -1> C@S@+2@N@
 -0.244282531670984       0.000000000000000E+000
 -0.242390767786362        6.60508893545391     
 -0.237622113780123        6.58542971500789     
 -0.230839154145373        6.56568995297294     
 -0.221986432760037        6.57556653335505     
 -0.211373080598695        5.22491917116126     
 -0.198954505052842        6.70550037410796     
 -0.184806606748455        7.48401108159884     
 -0.169269304714827        7.86011751706600     
 -0.152143324331177        8.16138493901768     
 -0.133637227737630        8.77842938726527     
 -0.114063001153770        9.55796985511387     
 -9.364525751937050E-002   10.4175336336636     
 -7.278483025294782E-002   11.2213187540168     
 -5.235106003794521E-002   11.7217779005517     
 -3.344565391212947E-002   12.3009418873683     
 -1.757512559882496E-002   14.3958714917912     
 -6.249273217771856E-003   19.1240196006561     
 -9.388083447781359E-004   27.3721945844375     
  2.352205287065867E-004   29.5324368119601     
  1.575669548741498E-003   30.5287068353679     
  4.457701570038497E-003   31.3470236003873     
  8.896541894186344E-003   32.6574903136668     
  1.488972789109663E-002   34.8744026396576     
  2.203322389867238E-002   37.7388175959133     
  3.029455405784806E-002   40.5914229691899     
  3.996685209079284E-002   43.8273342979515     
  5.062160622627773E-002   46.5281546419954     
  6.247449621344162E-002   48.8425307591259     
  7.552054300533548E-002   50.7851560975004     
  8.853179713096879E-002   52.5359369788940     
  0.100962436432386        53.2500659656638     
  0.113092376352069        53.1521451497960     
  0.124776455946085        52.2732578719865     
  0.135641485396960        50.6503630171062     
  0.145177627081895        48.2494126887677     
  0.153159242660780        45.1733075115117     
  0.156931449080040       0.000000000000000E+000
# Incident energy (eV) <ix = -1> C@S@+3@N@
 -0.244282531670984       0.000000000000000E+000
 -0.242390767786362        6.75239554502165     
 -0.237622113780123        6.72290670145190     
 -0.230839154145373        6.69329919421560     
 -0.221986432760037        6.70831794923222     
 -0.211373080598695        5.27767177379063     
 -0.198954505052842        6.90375836848370     
 -0.184806606748455        7.89867397012786     
 -0.169269304714827        8.45567706767383     
 -0.152143324331177        8.90760238283556     
 -0.133637227737630        9.83785645086487     
 -0.114063001153770        11.1127620219502     
 -9.364525751937050E-002   12.5772601887600     
 -7.278483025294782E-002   14.0846507124743     
 -5.235106003794521E-002   15.1858895814631     
 -3.344565391212947E-002   16.2366481146087     
 -1.757512559882496E-002   19.1728826439732     
 -6.249273217771856E-003   25.7423667817015     
 -9.388083447781359E-004   37.5141304822665     
  2.352205287065867E-004   40.7010307790491     
  1.575669548741498E-003   42.1626869038199     
  4.457701570038497E-003   43.3090053390423     
  8.896541894186344E-003   45.1579191916228     
  1.488972789109663E-002   48.3824392152816     
  2.203322389867238E-002   52.5820904476544     
  3.029455405784806E-002   56.7455865784639     
  3.996685209079284E-002   61.4090822656885     
  5.062160622627773E-002   65.2094813612964     
  6.247449621344162E-002   68.3022289123469     
  7.552054300533548E-002   70.7129172389604     
  8.853179713096879E-002   72.6929671393730     
  0.100962436432386        73.1941256162228     
  0.113092376352069        72.5849972527920     
  0.124776455946085        71.0157917309335     
  0.135641485396960        68.5447627308482     
  0.145177627081895        65.1207320066618     
  0.153159242660780        60.8858163994667     
  0.156931449080040       0.000000000000000E+000
# Incident energy (eV) <ix = -1> C@S@+4@N@
 -0.244282531670984       0.000000000000000E+000
 -0.242390767786362        6.89970215458939     
 -0.237622113780123        6.86038368789591     
 -0.230839154145373        6.82090843545826     
 -0.221986432760037        6.84106936510939     
 -0.211373080598695        5.33042437642001     
 -0.198954505052842        7.10201636285944     
 -0.184806606748455        8.31333685865688     
 -0.169269304714827        9.05123661828166     
 -0.152143324331177        9.65381982665344     
 -0.133637227737630        10.8972835144645     
 -0.114063001153770        12.6675541887865     
 -9.364525751937050E-002   14.7369867438564     
 -7.278483025294782E-002   16.9479826709318     
 -5.235106003794521E-002   18.6500012623745     
 -3.344565391212947E-002   20.1723543418491     
 -1.757512559882496E-002   23.9498937961552     
 -6.249273217771856E-003   32.3607139627468     
 -9.388083447781359E-004   47.6560663800955     
  2.352205287065867E-004   51.8696247461381     
  1.575669548741498E-003   53.7966669722719     
  4.457701570038497E-003   55.2709870776973     
  8.896541894186344E-003   57.6583480695788     
  1.488972789109663E-002   61.8904757909056     
  2.203322389867238E-002   67.4253632993953     
  3.029455405784806E-002   72.8997501877379     
  3.996685209079284E-002   78.9908302334255     
  5.062160622627773E-002   83.8908080805974     
  6.247449621344162E-002   87.7619270655679     
  7.552054300533548E-002   90.6406783804204     
  8.853179713096879E-002   92.8499972998520     
  0.100962436432386        93.1381852667818     
  0.113092376352069        92.0178493557880     
  0.124776455946085        89.7583255898805     
  0.135641485396960        86.4391624445902     
  0.145177627081895        81.9920513245557     
  0.153159242660780        76.5983252874217     
  0.156931449080040       0.000000000000000E+000
# Incident energy (eV) <ix = -1> C@S@+5@N@
 -0.244282531670984       0.000000000000000E+000
 -0.242390767786362        7.04700876415713     
 -0.237622113780123        6.99786067433992     
 -0.230839154145373        6.94851767670092     
 -0.221986432760037        6.97382078098657     
 -0.211373080598695        5.38317697904938     
 -0.198954505052842        7.30027435723518     
 -0.184806606748455        8.72799974718590     
 -0.169269304714827        9.64679616888949     
 -0.152143324331177        10.4000372704713     
 -0.133637227737630        11.9567105780641     
 -0.114063001153770        14.2223463556228     
 -9.364525751937050E-002   16.8967132989528     
 -7.278483025294782E-002   19.8113146293893     
 -5.235106003794521E-002   22.1141129432859     
 -3.344565391212947E-002   24.1080605690895     
 -1.757512559882496E-002   28.7269049483372     
 -6.249273217771856E-003   38.9790611437923     
 -9.388083447781359E-004   57.7980022779245     
  2.352205287065867E-004   63.0382187132271     
  1.575669548741498E-003   65.4306470407239     
  4.457701570038497E-003   67.2329688163523     
  8.896541894186344E-003   70.1587769475348     
  1.488972789109663E-002   75.3985123665296     
  2.203322389867238E-002   82.2686361511363     
  3.029455405784806E-002   89.0539137970119     
  3.996685209079284E-002   96.5725782011625     
  5.062160622627773E-002   102.572134799898     
  6.247449621344162E-002   107.221625218789     
  7.552054300533548E-002   110.568439521880     
  8.853179713096879E-002   113.007027460331     
  0.100962436432386        113.082244917341     
  0.113092376352069        111.450701458784     
  0.124776455946085        108.500859448827     
  0.135641485396960        104.333562158332     
  0.145177627081895        98.8633706424497     
  0.153159242660780        92.3108341753767     
  0.156931449080040       0.000000000000000E+000
# Incident energy (eV) <ix = -1> C@S@+6@N@
 -0.244282531670984       0.000000000000000E+000
 -0.242390767786362        7.19431537372487     
 -0.237622113780123        7.13533766078393     
 -0.230839154145373        7.07612691794358     
 -0.221986432760037        7.10657219686373     
 -0.211373080598695        5.43592958167876     
 -0.198954505052842        7.49853235161092     
 -0.184806606748455        9.14266263571492     
 -0.169269304714827        10.2423557194973     
 -0.152143324331177        11.1462547142892     
 -0.133637227737630        13.0161376416637     
 -0.114063001153770        15.7771385224591     
 -9.364525751937050E-002   19.0564398540492     
 -7.278483025294782E-002   22.6746465878468     
 -5.235106003794521E-002   25.5782246241973     
 -3.344565391212947E-002   28.0437667963299     
 -1.757512559882496E-002   33.5039161005192     
 -6.249273217771856E-003   45.5974083248377     
 -9.388083447781359E-004   67.9399381757535     
  2.352205287065867E-004   74.2068126803161     
  1.575669548741498E-003   77.0646271091759     
  4.457701570038497E-003   79.1949505550073     
  8.896541894186344E-003   82.6592058254908     
  1.488972789109663E-002   88.9065489421536     
  2.203322389867238E-002   97.1119090028774     
  3.029455405784806E-002   105.208077406286     
  3.996685209079284E-002   114.154326168899     
  5.062160622627773E-002   121.253461519199     
  6.247449621344162E-002   126.681323372010     
  7.552054300533548E-002   130.496200663340     
  8.853179713096879E-002   133.164057620810     
  0.100962436432386        133.026304567900     
  0.113092376352069        130.883553561780     
  0.124776455946085        127.243393307774     
  0.135641485396960        122.227961872074     
  0.145177627081895        115.734689960344     
  0.153159242660780        108.023343063332     
  0.156931449080040       0.000000000000000E+000
# Incident energy (eV) <ix = -1> D
 -0.244282531670984       0.000000000000000E+000
 -0.242390767786362       0.000000000000000E+000
 -0.237622113780123       0.000000000000000E+000
 -0.230839154145373       0.000000000000000E+000
 -0.221986432760037       0.000000000000000E+000
 -0.211373080598695       0.000000000000000E+000
 -0.198954505052842       0.000000000000000E+000
 -0.184806606748455       0.000000000000000E+000
 -0.169269304714827       0.000000000000000E+000
 -0.152143324331177       0.000000000000000E+000
 -0.133637227737630       0.000000000000000E+000
 -0.114063001153770       0.000000000000000E+000
 -9.364525751937050E-002  0.000000000000000E+000
 -7.278483025294782E-002  0.000000000000000E+000
 -5.235106003794521E-002  0.000000000000000E+000
 -3.344565391212947E-002  0.000000000000000E+000
 -1.757512559882496E-002  0.000000000000000E+000
 -6.249273217771856E-003  0.000000000000000E+000
 -9.388083447781359E-004  0.000000000000000E+000
  2.352205287065867E-004  0.000000000000000E+000
  1.575669548741498E-003  0.000000000000000E+000
  4.457701570038497E-003  0.000000000000000E+000
  8.896541894186344E-003  0.000000000000000E+000
  1.488972789109663E-002  0.000000000000000E+000
  2.203322389867238E-002  0.000000000000000E+000
  3.029455405784806E-002  0.000000000000000E+000
  3.996685209079284E-002  0.000000000000000E+000
  5.062160622627773E-002  0.000000000000000E+000
  6.247449621344162E-002  0.000000000000000E+000
  7.552054300533548E-002  0.000000000000000E+000
  8.853179713096879E-002  0.000000000000000E+000
  0.100962436432386       0.000000000000000E+000
  0.113092376352069       0.000000000000000E+000
  0.124776455946085       0.000000000000000E+000
  0.135641485396960       0.000000000000000E+000
  0.145177627081895       0.000000000000000E+000
  0.153159242660780       0.000000000000000E+000
  0.156931449080040       0.000000000000000E+000
# Incident energy (eV) <ix = -1> C
 -0.244282531670984       0.000000000000000E+000
 -0.242390767786362       0.000000000000000E+000
 -0.237622113780123       0.000000000000000E+000
 -0.230839154145373       0.000000000000000E+000
 -0.221986432760037       0.000000000000000E+000
 -0.211373080598695       0.000000000000000E+000
 -0.198954505052842       0.000000000000000E+000
 -0.184806606748455       0.000000000000000E+000
 -0.169269304714827       0.000000000000000E+000
 -0.152143324331177       0.000000000000000E+000
 -0.133637227737630       0.000000000000000E+000
 -0.114063001153770       0.000000000000000E+000
 -9.364525751937050E-002  0.000000000000000E+000
 -7.278483025294782E-002  0.000000000000000E+000
 -5.235106003794521E-002  0.000000000000000E+000
 -3.344565391212947E-002  0.000000000000000E+000
 -1.757512559882496E-002  0.000000000000000E+000
 -6.249273217771856E-003  0.000000000000000E+000
 -9.388083447781359E-004  0.000000000000000E+000
  2.352205287065867E-004  0.000000000000000E+000
  1.575669548741498E-003  0.000000000000000E+000
  4.457701570038497E-003  0.000000000000000E+000
  8.896541894186344E-003  0.000000000000000E+000
  1.488972789109663E-002  0.000000000000000E+000
  2.203322389867238E-002  0.000000000000000E+000
  3.029455405784806E-002  0.000000000000000E+000
  3.996685209079284E-002  0.000000000000000E+000
  5.062160622627773E-002  0.000000000000000E+000
  6.247449621344162E-002  0.000000000000000E+000
  7.552054300533548E-002  0.000000000000000E+000
  8.853179713096879E-002  0.000000000000000E+000
  0.100962436432386       0.000000000000000E+000
  0.113092376352069       0.000000000000000E+000
  0.124776455946085       0.000000000000000E+000
  0.135641485396960       0.000000000000000E+000
  0.145177627081895       0.000000000000000E+000
  0.153159242660780       0.000000000000000E+000
  0.156931449080040       0.000000000000000E+000
# Incident energy (eV) <ix = -1> D2
 -0.244282531670984       0.000000000000000E+000
 -0.242390767786362       0.000000000000000E+000
 -0.237622113780123       0.000000000000000E+000
 -0.230839154145373       0.000000000000000E+000
 -0.221986432760037       0.000000000000000E+000
 -0.211373080598695       0.000000000000000E+000
 -0.198954505052842       0.000000000000000E+000
 -0.184806606748455       0.000000000000000E+000
 -0.169269304714827       0.000000000000000E+000
 -0.152143324331177       0.000000000000000E+000
 -0.133637227737630       0.000000000000000E+000
 -0.114063001153770       0.000000000000000E+000
 -9.364525751937050E-002  0.000000000000000E+000
 -7.278483025294782E-002  0.000000000000000E+000
 -5.235106003794521E-002  0.000000000000000E+000
 -3.344565391212947E-002  0.000000000000000E+000
 -1.757512559882496E-002  0.000000000000000E+000
 -6.249273217771856E-003  0.000000000000000E+000
 -9.388083447781359E-004  0.000000000000000E+000
  2.352205287065867E-004  0.000000000000000E+000
  1.575669548741498E-003  0.000000000000000E+000
  4.457701570038497E-003  0.000000000000000E+000
  8.896541894186344E-003  0.000000000000000E+000
  1.488972789109663E-002  0.000000000000000E+000
  2.203322389867238E-002  0.000000000000000E+000
  3.029455405784806E-002  0.000000000000000E+000
  3.996685209079284E-002  0.000000000000000E+000
  5.062160622627773E-002  0.000000000000000E+000
  6.247449621344162E-002  0.000000000000000E+000
  7.552054300533548E-002  0.000000000000000E+000
  8.853179713096879E-002  0.000000000000000E+000
  0.100962436432386       0.000000000000000E+000
  0.113092376352069       0.000000000000000E+000
  0.124776455946085       0.000000000000000E+000
  0.135641485396960       0.000000000000000E+000
  0.145177627081895       0.000000000000000E+000
  0.153159242660780       0.000000000000000E+000
  0.156931449080040       0.000000000000000E+000
# Incident energy (eV) <ix = -1> D2+
 -0.244282531670984       0.000000000000000E+000
 -0.242390767786362       0.000000000000000E+000
 -0.237622113780123       0.000000000000000E+000
 -0.230839154145373       0.000000000000000E+000
 -0.221986432760037       0.000000000000000E+000
 -0.211373080598695       0.000000000000000E+000
 -0.198954505052842       0.000000000000000E+000
 -0.184806606748455       0.000000000000000E+000
 -0.169269304714827       0.000000000000000E+000
 -0.152143324331177       0.000000000000000E+000
 -0.133637227737630       0.000000000000000E+000
 -0.114063001153770       0.000000000000000E+000
 -9.364525751937050E-002  0.000000000000000E+000
 -7.278483025294782E-002  0.000000000000000E+000
 -5.235106003794521E-002  0.000000000000000E+000
 -3.344565391212947E-002  0.000000000000000E+000
 -1.757512559882496E-002  0.000000000000000E+000
 -6.249273217771856E-003  0.000000000000000E+000
 -9.388083447781359E-004  0.000000000000000E+000
  2.352205287065867E-004  0.000000000000000E+000
  1.575669548741498E-003  0.000000000000000E+000
  4.457701570038497E-003  0.000000000000000E+000
  8.896541894186344E-003  0.000000000000000E+000
  1.488972789109663E-002  0.000000000000000E+000
  2.203322389867238E-002  0.000000000000000E+000
  3.029455405784806E-002  0.000000000000000E+000
  3.996685209079284E-002  0.000000000000000E+000
  5.062160622627773E-002  0.000000000000000E+000
  6.247449621344162E-002  0.000000000000000E+000
  7.552054300533548E-002  0.000000000000000E+000
  8.853179713096879E-002  0.000000000000000E+000
  0.100962436432386       0.000000000000000E+000
  0.113092376352069       0.000000000000000E+000
  0.124776455946085       0.000000000000000E+000
  0.135641485396960       0.000000000000000E+000
  0.145177627081895       0.000000000000000E+000
  0.153159242660780       0.000000000000000E+000
  0.156931449080040       0.000000000000000E+000
