# Poloidal particle flux (s@S@-1@N@)/(m@S@2@N@) <ix = 68> D@S@0@N@
 -8.298112780275070E-002 -4.269613218396527E+018
 -7.999892189898374E-002 -4.269061769793907E+018
 -7.402507453420271E-002 -7.497591065374924E+018
 -6.791055227984956E-002 -9.546776861922124E+018
 -6.174981440842336E-002 -5.551044033890186E+018
 -5.567201849664687E-002 -3.182898144255561E+018
 -4.966013964668400E-002 -6.143917732142210E+018
 -4.368482245665926E-002 -1.669467562241334E+019
 -3.787090370325263E-002 -1.785670786655418E+019
 -3.234477536458003E-002 -2.815117526079149E+019
 -2.707852906152587E-002 -3.373435983151525E+019
 -2.210072347037286E-002 -4.386911475186316E+019
 -1.747820759134057E-002 -5.023347823398987E+019
 -1.327923675318496E-002 -5.489589653632854E+019
 -9.594947495128459E-003 -6.036370039126952E+019
 -6.427617069762359E-003 -6.400974458069008E+019
 -3.801140091505575E-003 -7.441336257985213E+019
 -1.797546034064623E-003 -8.764457019698422E+019
 -4.817563879182252E-004 -9.218005956269656E+019
  9.693199513713391E-005 -8.069136166101910E+019
  6.344180429212753E-004 -8.027036595161906E+019
  1.784931623526026E-003 -8.947822226814347E+019
  3.439112882887951E-003 -9.094593907015764E+019
  5.527572306902998E-003 -8.562466265918289E+019
  7.979018536449209E-003 -1.034092354413707E+020
  1.072761457948287E-002 -1.139914739648611E+020
  1.374059398868285E-002 -1.174323419770927E+020
  1.695065049672913E-002 -1.272138823307325E+020
  2.029238053783428E-002 -1.284044094313285E+020
  2.371545283653860E-002 -1.528070587253640E+020
  2.712823928408599E-002 -1.724010054710465E+020
  3.046318000102995E-002 -1.568274847672732E+020
  3.366742676376717E-002 -1.761009525743807E+020
  3.668792758009935E-002 -1.674860397557826E+020
  3.947675505445114E-002 -1.765812328567088E+020
  4.199357014178487E-002 -1.886490431474190E+020
  4.420516372673261E-002 -1.824432622542500E+020
  4.524334302749178E-002 -1.827408591006543E+020
# Poloidal particle flux (s@S@-1@N@)/(m@S@2@N@) <ix = 68> D@S@+1@N@
 -8.298112780275070E-002  0.000000000000000E+000
 -7.999892189898374E-002 -1.110162808442802E+021
 -7.402507453420271E-002 -6.976198558783371E+020
 -6.791055227984956E-002 -5.150671081020110E+020
 -6.174981440842336E-002 -4.824634462424828E+020
 -5.567201849664687E-002 -5.286375884086751E+020
 -4.966013964668400E-002 -6.064262758255750E+020
 -4.368482245665926E-002 -6.974610053658148E+020
 -3.787090370325263E-002 -8.110278052308138E+020
 -3.234477536458003E-002 -8.918275455397531E+020
 -2.707852906152587E-002 -8.846586628102289E+020
 -2.210072347037286E-002 -8.405937691482183E+020
 -1.747820759134057E-002 -8.040504776172347E+020
 -1.327923675318496E-002 -8.752631435014708E+020
 -9.594947495128459E-003 -8.845984606388177E+020
 -6.427617069762359E-003 -7.010719734506500E+020
 -3.801140091505575E-003 -3.190476613381897E+020
 -1.797546034064623E-003  1.399244195805793E+020
 -4.817563879182252E-004  5.005524726006841E+020
  9.693199513713391E-005  6.259708160864995E+020
  6.344180429212753E-004  7.977460288625566E+020
  1.784931623526026E-003  1.137448411751543E+021
  3.439112882887951E-003  1.609177845143095E+021
  5.527572306902998E-003  2.138277458886273E+021
  7.979018536449209E-003  2.621047314104182E+021
  1.072761457948287E-002  2.961431394852382E+021
  1.374059398868285E-002  3.075087017179351E+021
  1.695065049672913E-002  3.108855942654499E+021
  2.029238053783428E-002  2.959168913891938E+021
  2.371545283653860E-002  2.746813579943802E+021
  2.712823928408599E-002  2.633175468389012E+021
  3.046318000102995E-002  2.581430437719346E+021
  3.366742676376717E-002  2.504041108545415E+021
  3.668792758009935E-002  2.436015704988846E+021
  3.947675505445114E-002  2.348044413543486E+021
  4.199357014178487E-002  2.175734384844707E+021
  4.420516372673261E-002  1.965245812865189E+021
  4.524334302749178E-002  0.000000000000000E+000
# Poloidal particle flux (s@S@-1@N@)/(m@S@2@N@) <ix = 68> C@S@0@N@
 -8.298112780275070E-002   149918377801888.     
 -7.999892189898374E-002  -4803427615669.11     
 -7.402507453420271E-002   690363536203767.     
 -6.791055227984956E-002   646861627654433.     
 -6.174981440842336E-002  -130094008637888.     
 -5.567201849664687E-002  -630533324207743.     
 -4.966013964668400E-002  -819331783418648.     
 -4.368482245665926E-002  -874264522545758.     
 -3.787090370325263E-002 -1.121888545202346E+015
 -3.234477536458003E-002 -1.593297644861135E+015
 -2.707852906152587E-002 -1.928712710946932E+015
 -2.210072347037286E-002 -2.135322864940188E+015
 -1.747820759134057E-002 -2.702751764566811E+015
 -1.327923675318496E-002 -4.481572789315304E+015
 -9.594947495128459E-003 -5.278302978748388E+015
 -6.427617069762359E-003 -7.816076869631551E+015
 -3.801140091505575E-003 -9.538484086121590E+015
 -1.797546034064623E-003 -9.729210423227110E+015
 -4.817563879182252E-004 -1.045815516215532E+016
  9.693199513713391E-005 -1.020525742158872E+016
  6.344180429212753E-004 -1.079590028975754E+016
  1.784931623526026E-003 -1.136089313518123E+016
  3.439112882887951E-003 -1.199578778752516E+016
  5.527572306902998E-003 -1.315508052709588E+016
  7.979018536449209E-003 -1.927010656089179E+016
  1.072761457948287E-002 -2.568928958231692E+016
  1.374059398868285E-002 -3.627386290663845E+016
  1.695065049672913E-002 -4.371080679526139E+016
  2.029238053783428E-002 -6.120858099589350E+016
  2.371545283653860E-002 -9.035159701653742E+016
  2.712823928408599E-002 -1.384902466356510E+017
  3.046318000102995E-002 -2.049282369685255E+017
  3.366742676376717E-002 -3.000465538669170E+017
  3.668792758009935E-002 -4.081584508412792E+017
  3.947675505445114E-002 -5.334007268523011E+017
  4.199357014178487E-002 -6.400864887416003E+017
  4.420516372673261E-002 -7.130150560235688E+017
  4.524334302749178E-002 -7.155986121105475E+017
# Poloidal particle flux (s@S@-1@N@)/(m@S@2@N@) <ix = 68> C@S@+1@N@
 -8.298112780275070E-002  0.000000000000000E+000
 -7.999892189898374E-002   3241409840805.94     
 -7.402507453420271E-002   13248201189427.8     
 -6.791055227984956E-002   27064769592293.2     
 -6.174981440842336E-002   1137165421390.15     
 -5.567201849664687E-002  -291949231717909.     
 -4.966013964668400E-002  -315653140546596.     
 -4.368482245665926E-002  -274110255412829.     
 -3.787090370325263E-002  -380374188391059.     
 -3.234477536458003E-002  -83246296443370.9     
 -2.707852906152587E-002   189126886249476.     
 -2.210072347037286E-002   287698241854999.     
 -1.747820759134057E-002   329640026016694.     
 -1.327923675318496E-002   239787769437950.     
 -9.594947495128459E-003   118052118370494.     
 -6.427617069762359E-003   239189884167555.     
 -3.801140091505575E-003   745355494476794.     
 -1.797546034064623E-003  1.220690851255290E+015
 -4.817563879182252E-004  1.486535501241008E+015
  9.693199513713391E-005  1.476834684611078E+015
  6.344180429212753E-004  1.592674512463884E+015
  1.784931623526026E-003  1.799957130291972E+015
  3.439112882887951E-003  2.341022754430296E+015
  5.527572306902998E-003  3.531956805821636E+015
  7.979018536449209E-003  5.373070470830801E+015
  1.072761457948287E-002  7.859755451142157E+015
  1.374059398868285E-002  1.269826965093022E+016
  1.695065049672913E-002  2.057948776246620E+016
  2.029238053783428E-002  3.447144710055308E+016
  2.371545283653860E-002  5.289850969374546E+016
  2.712823928408599E-002  6.744195530039620E+016
  3.046318000102995E-002  8.121625875893720E+016
  3.366742676376717E-002  9.867187526757376E+016
  3.668792758009935E-002  1.199054780053832E+017
  3.947675505445114E-002  1.367694103179119E+017
  4.199357014178487E-002  1.466766391332950E+017
  4.420516372673261E-002  1.417994010422787E+017
  4.524334302749178E-002  0.000000000000000E+000
# Poloidal particle flux (s@S@-1@N@)/(m@S@2@N@) <ix = 68> C@S@+2@N@
 -8.298112780275070E-002  0.000000000000000E+000
 -7.999892189898374E-002   275842400504749.     
 -7.402507453420271E-002   167502108102588.     
 -6.791055227984956E-002   284872576299609.     
 -6.174981440842336E-002   394011487636763.     
 -5.567201849664687E-002   174786552185431.     
 -4.966013964668400E-002   661580876101162.     
 -4.368482245665926E-002  1.049261553272030E+015
 -3.787090370325263E-002  1.082564217412632E+015
 -3.234477536458003E-002  1.056469371929969E+015
 -2.707852906152587E-002   399046580749309.     
 -2.210072347037286E-002  -478259436653752.     
 -1.747820759134057E-002 -2.252453509059665E+015
 -1.327923675318496E-002 -5.103559309598382E+015
 -9.594947495128459E-003 -7.607372267894558E+015
 -6.427617069762359E-003 -5.019387108058934E+015
 -3.801140091505575E-003  1.144758999095863E+016
 -1.797546034064623E-003  4.359834473127854E+016
 -4.817563879182252E-004  7.571365498994126E+016
  9.693199513713391E-005  8.706811865127910E+016
  6.344180429212753E-004  1.042070711263608E+017
  1.784931623526026E-003  1.401593355725834E+017
  3.439112882887951E-003  2.005681697615304E+017
  5.527572306902998E-003  2.934169837679510E+017
  7.979018536449209E-003  4.236644551610100E+017
  1.072761457948287E-002  5.937177145344337E+017
  1.374059398868285E-002  7.927695274487237E+017
  1.695065049672913E-002  1.051213641542124E+018
  2.029238053783428E-002  1.362616438482946E+018
  2.371545283653860E-002  1.760814834878615E+018
  2.712823928408599E-002  2.075818649358384E+018
  3.046318000102995E-002  2.338875468003937E+018
  3.366742676376717E-002  2.561631689417982E+018
  3.668792758009935E-002  2.739762857675157E+018
  3.947675505445114E-002  2.832613457778431E+018
  4.199357014178487E-002  2.741502544931354E+018
  4.420516372673261E-002  2.518190315489133E+018
  4.524334302749178E-002  0.000000000000000E+000
# Poloidal particle flux (s@S@-1@N@)/(m@S@2@N@) <ix = 68> C@S@+3@N@
 -8.298112780275070E-002  0.000000000000000E+000
 -7.999892189898374E-002  1.456554661584831E+016
 -7.402507453420271E-002  1.171513972668152E+016
 -6.791055227984956E-002  1.343554055628049E+016
 -6.174981440842336E-002  1.628531847140705E+016
 -5.567201849664687E-002  1.634444245621582E+016
 -4.966013964668400E-002  9.410044726156368E+015
 -4.368482245665926E-002 -4.106489774458680E+015
 -3.787090370325263E-002 -2.538645649225024E+016
 -3.234477536458003E-002 -5.312044022813924E+016
 -2.707852906152587E-002 -8.237263221005051E+016
 -2.210072347037286E-002 -1.132550592319580E+017
 -1.747820759134057E-002 -1.550441214652999E+017
 -1.327923675318496E-002 -2.493174223920038E+017
 -9.594947495128459E-003 -3.533250462435093E+017
 -6.427617069762359E-003 -4.020087946402345E+017
 -3.801140091505575E-003 -3.667611118482365E+017
 -1.797546034064623E-003 -2.532521120000364E+017
 -4.817563879182252E-004 -1.256259247707618E+017
  9.693199513713391E-005 -5.190665113701886E+016
  6.344180429212753E-004  8.172119164703635E+015
  1.784931623526026E-003  1.525708589348786E+017
  3.439112882887951E-003  3.712698663027173E+017
  5.527572306902998E-003  6.558369529064901E+017
  7.979018536449209E-003  9.729389551206604E+017
  1.072761457948287E-002  1.275728107819955E+018
  1.374059398868285E-002  1.505306872700257E+018
  1.695065049672913E-002  1.694754756238089E+018
  2.029238053783428E-002  1.781643102933415E+018
  2.371545283653860E-002  1.802744891692743E+018
  2.712823928408599E-002  1.794379438669282E+018
  3.046318000102995E-002  1.788803599728263E+018
  3.366742676376717E-002  1.755098845502166E+018
  3.668792758009935E-002  1.716202591632848E+018
  3.947675505445114E-002  1.659490813339542E+018
  4.199357014178487E-002  1.538512122006458E+018
  4.420516372673261E-002  1.385333409941813E+018
  4.524334302749178E-002  0.000000000000000E+000
# Poloidal particle flux (s@S@-1@N@)/(m@S@2@N@) <ix = 68> C@S@+4@N@
 -8.298112780275070E-002  0.000000000000000E+000
 -7.999892189898374E-002  1.325056804987274E+016
 -7.402507453420271E-002 -2.274312097017486E+017
 -6.791055227984956E-002 -2.796421546991519E+017
 -6.174981440842336E-002 -3.178902722495799E+017
 -5.567201849664687E-002 -3.734359872367676E+017
 -4.966013964668400E-002 -4.367024798103704E+017
 -4.368482245665926E-002 -5.073935236062317E+017
 -3.787090370325263E-002 -6.056510749373368E+017
 -3.234477536458003E-002 -6.995638442133042E+017
 -2.707852906152587E-002 -7.596111427039653E+017
 -2.210072347037286E-002 -8.145385602976349E+017
 -1.747820759134057E-002 -8.628360471540204E+017
 -1.327923675318496E-002 -9.705837361262257E+017
 -9.594947495128459E-003 -1.030562398837580E+018
 -6.427617069762359E-003 -9.666326173627561E+017
 -3.801140091505575E-003 -7.805501092268701E+017
 -1.797546034064623E-003 -5.401484121380266E+017
 -4.817563879182252E-004 -3.287865549654794E+017
  9.693199513713391E-005 -2.099432845929504E+017
  6.344180429212753E-004 -1.237390571783166E+017
  1.784931623526026E-003  7.795466654138446E+016
  3.439112882887951E-003  3.632400809079382E+017
  5.527572306902998E-003  6.848180397508250E+017
  7.979018536449209E-003  9.834823878982328E+017
  1.072761457948287E-002  1.202818154978368E+018
  1.374059398868285E-002  1.302545928198790E+018
  1.695065049672913E-002  1.337816702046684E+018
  2.029238053783428E-002  1.270305642238426E+018
  2.371545283653860E-002  1.160854026718310E+018
  2.712823928408599E-002  1.096247916417564E+018
  3.046318000102995E-002  1.065764374870923E+018
  3.366742676376717E-002  1.032916535300489E+018
  3.668792758009935E-002  1.006565767224600E+018
  3.947675505445114E-002  9.728244380467398E+017
  4.199357014178487E-002  9.014855563682830E+017
  4.420516372673261E-002  8.110406686406126E+017
  4.524334302749178E-002  0.000000000000000E+000
# Poloidal particle flux (s@S@-1@N@)/(m@S@2@N@) <ix = 68> C@S@+5@N@
 -8.298112780275070E-002  0.000000000000000E+000
 -7.999892189898374E-002  -681112840350475.     
 -7.402507453420271E-002  -993041808598284.     
 -6.791055227984956E-002  -841656338804694.     
 -6.174981440842336E-002  -714716869216600.     
 -5.567201849664687E-002  -630149727015888.     
 -4.966013964668400E-002  -566221288986707.     
 -4.368482245665926E-002  -528578226986804.     
 -3.787090370325263E-002  -532045042206466.     
 -3.234477536458003E-002  -541041578676200.     
 -2.707852906152587E-002  -538021182433056.     
 -2.210072347037286E-002  -543182801959354.     
 -1.747820759134057E-002  -539517470232274.     
 -1.327923675318496E-002  -541413213173407.     
 -9.594947495128459E-003  -515748448419542.     
 -6.427617069762359E-003  -447207713140574.     
 -3.801140091505575E-003  -341815962987270.     
 -1.797546034064623E-003  -228896985149021.     
 -4.817563879182252E-004  -134371213268537.     
  9.693199513713391E-005  -81815864436324.6     
  6.344180429212753E-004  -42386573640318.9     
  1.784931623526026E-003   55422200660111.7     
  3.439112882887951E-003   201884217175152.     
  5.527572306902998E-003   365631103181201.     
  7.979018536449209E-003   517251269125720.     
  1.072761457948287E-002   630375127169690.     
  1.374059398868285E-002   685840898127672.     
  1.695065049672913E-002   711641089745761.     
  2.029238053783428E-002   687782964623096.     
  2.371545283653860E-002   645361481055266.     
  2.712823928408599E-002   623191442559781.     
  3.046318000102995E-002   616534867477489.     
  3.366742676376717E-002   607443464317692.     
  3.668792758009935E-002   600219458996377.     
  3.947675505445114E-002   585924000203687.     
  4.199357014178487E-002   546374889828366.     
  4.420516372673261E-002   492540753234793.     
  4.524334302749178E-002  0.000000000000000E+000
# Poloidal particle flux (s@S@-1@N@)/(m@S@2@N@) <ix = 68> C@S@+6@N@
 -8.298112780275070E-002  0.000000000000000E+000
 -7.999892189898374E-002   137222681498.750     
 -7.402507453420271E-002  -412755186257.974     
 -6.791055227984956E-002  -561618191348.154     
 -6.174981440842336E-002  -714383702194.487     
 -5.567201849664687E-002  -927710452422.173     
 -4.966013964668400E-002  -1145292342606.45     
 -4.368482245665926E-002  -1363028698645.28     
 -3.787090370325263E-002  -1640443356261.91     
 -3.234477536458003E-002  -1891553215146.98     
 -2.707852906152587E-002  -2040250008993.56     
 -2.210072347037286E-002  -2165697049793.21     
 -1.747820759134057E-002  -2265741008866.94     
 -1.327923675318496E-002  -2530663202938.56     
 -9.594947495128459E-003  -2674568051731.39     
 -6.427617069762359E-003  -2524895830941.52     
 -3.801140091505575E-003  -2082753314587.87     
 -1.797546034064623E-003  -1480679820730.73     
 -4.817563879182252E-004  -914831636481.079     
  9.693199513713391E-005  -573878100271.147     
  6.344180429212753E-004  -330146586911.249     
  1.784931623526026E-003   223940129745.998     
  3.439112882887951E-003   1012568027857.44     
  5.527572306902998E-003   1936929487583.25     
  7.979018536449209E-003   2854269931500.70     
  1.072761457948287E-002   3617156060187.80     
  1.374059398868285E-002   4100583505749.12     
  1.695065049672913E-002   4438345721639.55     
  2.029238053783428E-002   4514040615764.54     
  2.371545283653860E-002   4514765167606.88     
  2.712823928408599E-002   4595889710975.82     
  3.046318000102995E-002   4760413719965.30     
  3.366742676376717E-002   4934147266196.23     
  3.668792758009935E-002   5146073200845.16     
  3.947675505445114E-002   5309221876441.17     
  4.199357014178487E-002   5223901246878.15     
  4.420516372673261E-002   4935854612274.45     
  4.524334302749178E-002  0.000000000000000E+000
