*** 14. Data for interfacing routine "infusr"                           
FTFFT
     1     0     1     0     0     0     1     1     1
     1     1 1.00000E+00 2.00000E+00     1
     2   -13 0.00000E+00 2.00000E+00     1
     3   -13 0.00000E+00 2.00000E+00     1
     4   -13 0.00000E+00 4.00000E+00     1
     5   -13 0.00000E+00 4.00000E+00     1
    98    36
     5
     1     1     1     1     1
     1     0    -1     1     1    37     0 25000  5000     1     1     7
     2    98     1     1     1    37     0 25000  5000     1     1     7
     3     0    -1     2     1    25     0  2000     0     1     1     6
     4     0    -1     2    75    99     0  2000     0     1     1     6
     5    36     1     2     1    99     0  2000     0     1     1     6
 6.00000E+01 6.00000E+01 1.00000E+02 5.00000E+01
     0     0     0
     0
