2.11331e+16
3.16722e+17
4.94056e+15
2.02427e+16
2.13844e+17
2.42067e+17
2.83318e+17
8.04315e+15
1.90095e+16
7.83891e+15
1.87724e+16
2.32636e+17
2.08677e+17
1.25706e+17
2.32057e+17
1.24488e+17
2.30376e+17
3.89801e+15
1.95447e+17
1.97507e+17
1.76476e+17
3.09048e+17
1.38925e+17
1.85355e+16
5.28426e+15
1.59191e+16
1.52422e+17
1.33065e+17
1.88029e+17
1.24195e+17
1.64036e+17
2.48779e+16
2.36163e+16
1.29596e+16
5.09253e+18
4.61898e+18
5.74565e+18
4.60054e+18
7.31688e+18
4.34149e+18
8.02274e+18
1.18258e+17
3.72695e+18
1.06522e+19
3.66828e+18
1.51958e+17
3.41983e+18
3.00382e+18
1.58674e+17
1.60575e+17
2.15346e+19
1.90263e+18
1.96812e+18
3.0899e+16
1.80379e+18
2.71499e+18
2.16594e+18
1.56144e+18
2.47582e+18
1.37834e+18
7.53091e+16
5.59635e+16
7.3648e+16
2.94507e+18
5.90839e+16
1.09375e+17
2.61512e+18
1.12498e+18
6.33574e+16
1.34488e+17
3.59093e+18
3.5683e+16
2.35143e+17
1.09437e+18
4.86323e+16
2.27218e+18
3.60989e+17
4.43132e+16
2.54912e+17
4.89958e+16
2.23369e+18
2.69003e+16
9.03342e+15
2.20563e+17
4.66045e+16
2.13232e+18
3.8042e+16
2.1253e+17
6.6018e+18
5.10897e+18
4.89623e+18
6.90269e+18
6.5301e+18
3.97625e+18
1.10971e+19
2.97312e+16
2.10069e+18
3.5604e+18
1.32724e+19
1.04874e+17
9.64535e+17
4.17482e+18
9.0181e+17
2.94863e+18
2.35399e+17
1.6443e+16
1.59494e+19
1.25067e+19
8.84068e+18
1.21662e+18
1.98143e+18
2.68429e+18
1.68438e+18
1.72167e+18
1.98311e+16
3.73007e+18
2.22134e+18
2.61849e+17
2.40558e+16
2.13362e+18
8.36046e+17
2.715e+16
7.48113e+17
3.24358e+17
2.44495e+16
1.94261e+18
3.44977e+16
2.98238e+18
3.49598e+17
1.79305e+16
2.21784e+18
1.91937e+18
1.72931e+18
2.83558e+18
6.52129e+17
3.42007e+17
1.76466e+18
2.96164e+18
7.51042e+16
1.6311e+16
1.13562e+17
1.76169e+16
6.692e+17
4.67987e+17
1.66506e+18
7.13953e+17
4.8977e+16
9.57693e+16
1.7829e+17
2.17474e+16
5.84458e+18
2.51225e+18
6.56695e+18
2.73008e+16
1.57261e+18
1.58211e+16
4.75864e+18
3.34033e+16
6.62211e+16
8.23031e+18
1.55893e+18
1.56344e+17
1.79452e+16
4.42668e+18
2.85861e+16
1.46986e+16
1.51008e+18
3.54126e+16
1.4197e+18
2.37094e+18
1.32847e+18
1.30532e+18
1.35483e+18
2.50302e+17
3.36201e+18
2.12752e+19
4.94312e+18
4.19677e+16
1.19639e+17
3.69218e+18
2.72136e+18
2.52634e+18
1.80017e+18
2.00894e+18
7.50536e+16
1.07137e+17
6.01105e+16
1.35884e+18
3.43069e+18
1.32505e+18
2.14397e+16
2.97475e+18
4.16291e+16
2.89267e+18
1.59391e+17
2.24188e+17
1.28846e+17
3.08352e+17
8.92841e+17
4.03698e+16
3.30307e+16
3.92024e+18
2.31815e+18
2.52313e+18
2.42916e+16
2.43427e+16
2.15901e+16
3.87808e+16
6.76674e+17
9.62734e+17
1.05972e+18
2.55994e+16
1.54844e+16
1.89582e+18
7.05748e+17
4.88734e+17
5.0834e+17
1.90315e+18
3.71584e+16
1.79106e+18
1.39497e+18
5.58082e+18
6.09961e+18
5.53725e+18
5.77386e+18
4.2622e+18
4.20163e+18
8.60944e+18
3.0738e+16
2.78432e+16
6.69956e+18
1.16451e+19
2.37349e+16
2.28395e+16
8.77268e+17
4.33203e+18
3.59349e+18
7.5872e+18
1.08355e+19
6.90881e+17
9.79335e+17
5.08325e+17
3.04252e+16
1.73841e+18
1.00611e+19
4.02306e+18
1.61489e+17
1.55042e+17
1.14998e+17
2.32815e+16
2.43942e+16
5.93436e+18
2.35358e+16
2.57018e+16
4.64943e+16
1.93542e+16
1.48441e+18
3.56e+16
4.00182e+16
2.65864e+18
1.40869e+18
8.59572e+18
1.23745e+19
2.7309e+16
2.6162e+18
1.17428e+17
3.15257e+17
4.99098e+17
4.49681e+17
1.77765e+16
1.47254e+16
3.55331e+18
3.47165e+16
1.37273e+17
2.16809e+18
1.18497e+17
8.55183e+16
7.01313e+16
6.34765e+16
5.94538e+16
4.9112e+16
6.82478e+16
4.74767e+16
4.4819e+16
1.38747e+18
9.30507e+17
2.88301e+16
1.84088e+18
5.15654e+16
1.43492e+18
1.23009e+16
1.44505e+16
1.28897e+18
1.21124e+16
1.92259e+17
1.73516e+17
7.28536e+17
1.83721e+18
2.02266e+18
2.79055e+18
3.15073e+16
2.41315e+16
4.63405e+16
4.78755e+16
3.45932e+16
2.78693e+16
4.86593e+16
8.29254e+16
6.04305e+16
5.612e+16
4.85322e+16
1.07557e+17
7.59379e+16
7.65122e+16
7.32528e+16
7.22166e+16
5.42199e+16
1.55638e+17
1.16332e+17
8.0817e+16
7.70329e+16
1.1469e+18
2.99716e+16
1.5217e+16
2.3375e+16
3.41772e+16
2.42236e+16
1.3275e+16
2.18545e+16
1.03592e+16
1.60839e+16
1.14455e+16
1.18717e+15
2.03234e+15
1.78926e+16
6.55119e+15
7.92847e+15
8.13019e+14
3.0381e+15
3.51408e+15
5.29465e+15
5.54936e+15
3.77088e+15
1.42207e+16
2.91335e+15
9.58492e+14
3.35126e+15
3.16278e+15
4.16257e+15
5.43108e+15
1.60885e+15
1.08487e+15
3.00974e+15
4.48792e+15
4.31251e+15
3.82603e+15
3.5244e+15
3.84945e+15
5.2854e+15
1.04114e+16
1.48206e+16
1.59982e+16
2.3919e+16
2.64281e+16
2.68884e+16
3.10878e+16
1.85413e+16
1.7805e+16
2.56359e+16
1.56783e+16
1.38203e+16
8.37201e+15
9.48735e+15
1.37264e+16
8.58302e+15
1.02844e+16
2.07093e+16
1.5093e+17
1.39571e+17
1.99376e+16
1.466e+16
1.97384e+16
2.43249e+16
2.86049e+16
3.88555e+16
3.78432e+16
4.34265e+16
3.91911e+16
9.75316e+15
1.30713e+16
1.2793e+16
8.91988e+15
1.21392e+16
1.17814e+16
1.36872e+16
1.71165e+16
9.82904e+15
1.06188e+16
1.03679e+16
1.11235e+16
8.0527e+15
5.27928e+15
1.9109e+16
1.0861e+16
1.02565e+16
3.87951e+16
3.61862e+16
3.44006e+16
3.2124e+16
1.69573e+16
4.31419e+16
5.47815e+16
2.56837e+16
2.97006e+16
1.99726e+16
2.4569e+16
2.83163e+16
4.99566e+16
6.99458e+16
4.8272e+16
3.84658e+16
2.85901e+16
2.72121e+16
3.27929e+16
3.60835e+16
3.00414e+16
2.32997e+16
2.00989e+16
2.22337e+16
3.6343e+16
5.05731e+16
5.78434e+16
4.12264e+16
4.06714e+16
4.21733e+16
3.02523e+16
2.34212e+16
1.98302e+16
2.72162e+16
3.7833e+16
4.1875e+16
3.52844e+16
2.85434e+16
3.17184e+16
2.47825e+16
3.87118e+16
2.44215e+16
3.31644e+16
1.22266e+17
1.10025e+17
1.64345e+16
4.08364e+16
8.90846e+15
1.11848e+16
6.7883e+15
1.22352e+16
3.4649e+16
1.00561e+17
8.56764e+16
1.15375e+17
7.94673e+15
3.89903e+17
4.92148e+17
3.25683e+17
1.00214e+18
8.16337e+17
4.77168e+17
5.60877e+17
2.83587e+16
1.72438e+16
2.97561e+16
2.75371e+16
7.76379e+15
2.61307e+16
2.62595e+16
1.35903e+17
1.45219e+17
7.13472e+16
6.06267e+16
1.34659e+18
1.95968e+16
6.09626e+16
5.35736e+16
3.05219e+16
3.21721e+16
4.6155e+16
4.1619e+17
4.97398e+16
4.67972e+16
1.39012e+17
1.77595e+16
9.83887e+15
1.23578e+16
1.58126e+16
5.50056e+16
3.6469e+16
3.65908e+16
4.61486e+16
3.3382e+16
3.35608e+16
3.23857e+16
1.75149e+16
3.42333e+16
2.91807e+16
2.26086e+16
2.60576e+16
2.43686e+16
2.18286e+16
2.27264e+16
3.44714e+16
2.12379e+17
2.43577e+16
2.17199e+16
1.95184e+16
1.66323e+16
1.34766e+16
1.65814e+16
2.00806e+16
2.22946e+16
1.88264e+16
2.2608e+16
3.23038e+16
3.33474e+16
2.85692e+16
2.94692e+16
4.32481e+16
4.97288e+16
7.68967e+16
9.10966e+16
7.71192e+16
5.87162e+16
5.11042e+16
3.77056e+16
1.85302e+17
1.56869e+17
3.26256e+16
1.68798e+17
1.77396e+17
1.70862e+17
1.53698e+17
2.4783e+16
1.91165e+16
1.7883e+16
1.96452e+16
1.49556e+16
1.44406e+16
2.12029e+17
2.78296e+17
2.12553e+17
3.09533e+17
2.48777e+17
1.23766e+16
1.37515e+16
2.24663e+16
1.10952e+17
1.19419e+17
1.19106e+17
2.05789e+16
1.00258e+16
1.53856e+16
1.52013e+16
3.81879e+15
7.45583e+15
5.36973e+15
1.12969e+16
8.83346e+15
7.44918e+15
1.43081e+17
1.20539e+17
2.90198e+16
1.62284e+17
7.55457e+15
1.05733e+16
3.31273e+16
3.7573e+16
3.13538e+16
2.63889e+16
3.76026e+16
3.73567e+16
2.84254e+16
3.00342e+16
3.40887e+16
2.90255e+16
1.86574e+16
3.45934e+16
3.1643e+16
4.02589e+16
1.2219e+16
8.25928e+15
6.37555e+15
1.60223e+16
1.25986e+16
6.97668e+15
1.10955e+16
7.1733e+15
3.0089e+16
5.47849e+15
3.35781e+16
6.15371e+15
1.48257e+16
3.76079e+16
6.13202e+15
7.17837e+15
1.02272e+16
9.56274e+15
9.28687e+15
7.89755e+15
1.49776e+16
1.62679e+16
9.21356e+15
1.4813e+16
8.21676e+15
1.03029e+16
3.11335e+16
2.06981e+16
4.19768e+16
1.72368e+16
2.01685e+16
2.75496e+16
2.47431e+16
3.39324e+16
3.65979e+16
4.88286e+16
5.26444e+16
4.73964e+16
2.97246e+16
2.33487e+16
2.51498e+16
4.40088e+15
8.01245e+15
6.15811e+15
9.82555e+15
6.87806e+15
3.5223e+16
1.56807e+16
9.05778e+16
9.84896e+16
7.81142e+16
3.66802e+16
2.6798e+16
5.17077e+16
4.18659e+16
4.98509e+16
5.04173e+16
4.87745e+16
4.15505e+16
5.13946e+16
4.66049e+16
2.6505e+16
2.87646e+16
7.99455e+15
1.19859e+16
2.49052e+16
3.13767e+16
4.21356e+16
1.62808e+16
2.11528e+16
2.15201e+16
2.39703e+16
4.41752e+16
3.63425e+16
4.08758e+16
2.97091e+16
2.67959e+16
2.97206e+16
2.28531e+16
1.74786e+16
2.60788e+16
1.47422e+16
1.39447e+16
2.5483e+16
1.18336e+16
1.43225e+16
1.36576e+16
2.17519e+16
1.97894e+16
2.05972e+16
1.81539e+16
1.52319e+16
1.59605e+16
1.59086e+16
2.14885e+16
2.02666e+16
2.13651e+16
1.76585e+16
2.79685e+16
2.41597e+16
1.86587e+16
2.91642e+16
1.85309e+16
2.56426e+16
2.31398e+16
2.9333e+16
2.18618e+16
2.16033e+16
3.04969e+16
2.59791e+16
2.22714e+16
1.91199e+16
1.37199e+16
1.7103e+16
2.34041e+16
1.55719e+16
2.39174e+16
1.85197e+16
1.88415e+16
2.15286e+16
1.59895e+16
1.68485e+16
1.52554e+16
2.94931e+16
3.04124e+16
3.77892e+16
3.14986e+16
9.16154e+15
1.04806e+16
2.52155e+16
2.56298e+16
2.58699e+16
3.03185e+16
4.56903e+16
4.18491e+16
6.21663e+15
1.03247e+16
6.11336e+15
6.34617e+15
3.01742e+16
2.4047e+16
3.26709e+16
2.14145e+16
2.01223e+16
2.53319e+16
1.8059e+16
2.13481e+16
1.41674e+16
2.26624e+16
1.75021e+16
1.63373e+16
1.51185e+16
2.00996e+16
3.48373e+16
1.28523e+16
1.68742e+16
8.14708e+15
2.09024e+16
2.27439e+16
2.08366e+16
2.46268e+16
3.06083e+16
1.97011e+16
2.21342e+16
2.37737e+16
2.26168e+16
1.48014e+16
1.72625e+16
1.6979e+16
1.71986e+16
2.13485e+16
1.57456e+16
2.4308e+16
2.14156e+16
2.36069e+16
2.31863e+16
2.35824e+16
2.30183e+16
2.08279e+16
2.54656e+16
7.45918e+15
1.6456e+16
6.72305e+15
1.14491e+16
1.22557e+16
7.99743e+15
7.26169e+15
5.84278e+15
3.07008e+16
3.96464e+16
4.14787e+16
3.48877e+16
3.95702e+16
2.00884e+16
2.04101e+16
1.37248e+16
1.5887e+16
2.01133e+16
1.56e+16
1.9265e+16
1.42422e+16
1.92973e+16
2.12936e+16
1.35329e+16
1.23591e+16
1.82844e+16
1.19697e+16
1.01862e+16
2.81368e+16
2.45584e+16
2.36972e+16
2.62582e+16
2.90324e+16
2.10489e+16
3.47759e+16
2.34325e+16
1.46352e+16
1.65989e+16
1.69428e+16
1.52887e+16
1.62701e+16
1.67306e+16
1.54873e+16
1.14063e+16
1.25126e+16
1.67337e+16
2.12754e+16
1.44104e+16
2.62693e+16
2.12877e+16
2.61834e+16
2.37551e+16
2.367e+16
2.49069e+16
2.5594e+16
2.52109e+16
2.6011e+16
2.76296e+16
2.19806e+16
2.862e+16
2.10761e+16
2.29788e+16
2.2437e+16
2.24675e+16
2.60951e+16
1.66605e+16
2.04349e+16
1.95743e+16
2.83714e+16
3.21747e+16
3.571e+16
3.07111e+16
3.96273e+16
3.32513e+16
3.0391e+16
2.43363e+16
2.19019e+16
2.97968e+16
2.12439e+16
2.34093e+16
2.48941e+16
2.84646e+16
2.72266e+16
3.88957e+16
4.34002e+16
3.61569e+16
3.73864e+16
4.27275e+16
4.71784e+16
3.56545e+16
4.35998e+16
2.08134e+16
2.19122e+16
3.22594e+16
1.32411e+16
9.58993e+15
2.98765e+16
3.58101e+16
4.2597e+16
3.68796e+16
3.98062e+16
4.03375e+16
3.6692e+16
4.19386e+16
4.48387e+16
3.94601e+16
4.10451e+16
4.2738e+16
5.26402e+16
5.57052e+16
2.46528e+16
3.55419e+16
2.35042e+16
1.76819e+16
1.71351e+16
3.25398e+16
3.58385e+16
4.07378e+16
3.33194e+16
2.09948e+16
2.57993e+16
4.0994e+16
3.32676e+16
3.42431e+16
3.75054e+16
3.63387e+16
2.98692e+16
3.21853e+16
2.76278e+16
2.80797e+16
3.56907e+16
2.01786e+16
1.41673e+16
2.86462e+16
3.0389e+16
3.22421e+16
3.27856e+16
2.94834e+16
3.10725e+16
3.00699e+16
3.33774e+16
3.06472e+16
3.8518e+16
3.46642e+16
2.16012e+16
2.15471e+16
3.61625e+16
2.68317e+16
3.43966e+16
3.05686e+16
2.41038e+16
2.6804e+16
2.06745e+16
1.92766e+16
2.1071e+16
2.22885e+16
2.3531e+16
1.79072e+16
2.06543e+16
2.06034e+16
1.64554e+16
2.38098e+16
1.97446e+16
1.78719e+16
2.57769e+16
2.78481e+16
3.01681e+16
3.80169e+16
2.16883e+17
3.46561e+16
2.62792e+16
2.86633e+16
2.87001e+16
2.82238e+16
2.74567e+16
3.46689e+16
3.49777e+16
3.17536e+16
1.15169e+16
8.92254e+15
9.47384e+15
1.30424e+16
1.41972e+16
3.98223e+16
3.31835e+16
2.44665e+16
2.56108e+16
2.33226e+16
1.90113e+16
2.32324e+16
2.87267e+16
1.28065e+16
1.52197e+16
6.53988e+15
1.17467e+16
1.47394e+16
5.91407e+16
2.69806e+16
1.00629e+16
3.27642e+16
2.81476e+16
2.25557e+16
2.32388e+16
1.76993e+16
6.77807e+15
1.23804e+16
9.67986e+15
1.47795e+16
1.87474e+16
1.43201e+16
1.77816e+16
1.16339e+16
8.17945e+15
2.13126e+16
4.02356e+16
3.79745e+16
4.4539e+16
4.50344e+16
1.80287e+16
2.01766e+16
2.46055e+16
1.6714e+16
2.79142e+16
3.27356e+16
2.64897e+16
3.59007e+16
2.27523e+16
1.12798e+16
1.02683e+16
9.10318e+15
1.72756e+16
8.15626e+15
7.20532e+16
5.73432e+16
5.82225e+16
1.02554e+16
2.43469e+16
2.30779e+16
2.45652e+16
1.75062e+16
1.67878e+16
1.54454e+16
1.66757e+16
2.02572e+16
9.26593e+15
1.63733e+16
2.23043e+16
2.71557e+16
3.01288e+16
2.64527e+16
2.43626e+16
1.34564e+16
3.13957e+16
2.01267e+16
3.84963e+16
1.02228e+17
1.81737e+16
1.12463e+16
1.57901e+16
4.96746e+16
3.21463e+16
1.64373e+16
1.5461e+16
2.56071e+16
1.21153e+16
1.06034e+16
1.56933e+16
1.50581e+16
1.45444e+16
1.19594e+16
2.33838e+16
1.21132e+16
1.18331e+16
1.87781e+16
1.21424e+16
1.50815e+16
1.5946e+16
2.71272e+16
3.32607e+16
2.85394e+16
3.1254e+16
3.04416e+16
1.32702e+19
1.10237e+19
8.58838e+18
7.53911e+18
5.94223e+18
5.61946e+18
4.33128e+18
4.70143e+18
4.07722e+18
4.06649e+18
3.41359e+18
3.47194e+18
3.08851e+18
3.77896e+18
3.25499e+18
3.05485e+18
2.84114e+18
3.08304e+18
2.43866e+18
2.68795e+18
2.38921e+18
2.58919e+18
2.30806e+18
2.37204e+18
1.64807e+18
1.85583e+18
1.67903e+18
1.76965e+18
1.42856e+18
1.54734e+18
1.28631e+18
1.47296e+18
1.24755e+18
1.5218e+18
1.18654e+18
1.50225e+18
1.19192e+18
1.2527e+18
9.69882e+17
1.42673e+18
1.05616e+18
1.19538e+18
9.26171e+17
1.07845e+18
8.47254e+17
9.8892e+17
6.23041e+17
5.60533e+17
0
0
0
0
0
0
0
0
0
0
0
0
0
0
0
0
0
0
0
0
0
0
0
0
0
0
0
0
0
0
0
0
0
0
0
0
0
0
0
0
0
0
0
0
0
0
0
0
0
0
0
0
0
0
0
0
0
0
0
0
0
0
0
0
0
0
0
0
0
0
0
0
0
0
0
0
0
0
0
0
0
0
0
0
0
0
0
0
0
0
0
0
0
0
0
0
6.087e+17
6.47925e+17
5.13216e+17
5.82409e+17
4.86213e+17
5.21324e+17
4.89432e+17
5.87951e+17
4.65295e+17
5.71754e+17
4.56364e+17
5.22964e+17
2.62866e+17
2.78795e+17
2.31375e+17
2.25629e+17
2.15121e+17
2.23254e+17
1.46982e+17
1.80442e+17
1.3269e+17
1.53698e+17
1.51121e+17
2.37822e+17
3.64311e+17
6.51191e+17
5.90179e+17
7.03164e+17
7.70475e+17
1.09852e+18
1.01505e+18
1.09319e+18
1.12729e+18
1.11904e+18
1.18209e+18
1.32968e+18
1.42018e+18
1.48181e+18
1.61456e+18
1.70107e+18
1.58308e+18
1.91411e+18
2.02576e+18
1.98185e+18
2.37527e+18
2.70958e+18
4.00033e+18
5.23921e+18
1.30709e+19
1.09517e+19
8.11277e+18
7.23209e+18
5.2468e+18
4.72557e+18
3.61094e+18
3.89231e+18
3.18978e+18
3.11826e+18
2.86824e+18
2.71041e+18
2.39984e+18
2.76721e+18
2.51741e+18
2.55407e+18
2.29877e+18
2.3252e+18
1.82507e+18
1.94289e+18
1.65364e+18
1.77007e+18
1.45075e+18
1.63072e+18
1.1869e+18
1.1109e+18
1.0214e+18
1.15196e+18
8.91259e+17
9.59383e+17
8.27342e+17
9.63388e+17
6.76211e+17
8.73165e+17
7.23169e+17
7.86804e+17
5.9453e+17
7.13597e+17
4.50193e+17
5.97458e+17
4.96727e+17
5.49234e+17
4.47679e+17
5.35047e+17
4.26647e+17
5.65543e+17
3.83762e+17
3.89292e+17
0
0
0
0
0
0
0
0
0
0
0
0
0
0
0
0
0
0
0
0
0
0
0
0
0
0
0
0
0
0
0
0
0
0
0
0
0
0
0
0
0
0
0
0
0
0
0
0
0
0
0
0
0
0
0
0
0
0
0
0
0
0
0
0
0
0
0
0
0
0
0
0
0
0
0
0
0
0
0
0
0
0
0
0
0
0
0
0
0
0
0
0
0
0
0
0
3.26461e+17
3.6892e+17
3.05762e+17
3.38986e+17
2.55984e+17
3.59015e+17
2.89874e+17
3.71743e+17
3.28843e+17
3.51922e+17
3.37369e+17
4.10476e+17
2.25043e+17
1.84162e+17
1.93502e+17
1.81444e+17
1.18357e+17
1.38278e+17
8.82192e+16
1.3498e+17
1.25252e+17
1.11543e+17
1.26382e+17
1.76614e+17
3.19229e+17
4.94372e+17
4.42605e+17
4.91169e+17
6.54802e+17
7.78587e+17
7.4349e+17
8.96674e+17
8.81688e+17
8.82208e+17
9.52386e+17
1.08444e+18
1.08371e+18
1.25289e+18
1.36691e+18
1.45598e+18
1.30749e+18
1.62157e+18
1.80273e+18
1.72317e+18
2.20162e+18
2.71083e+18
4.40039e+18
5.86488e+18
1.35881e+19
1.06133e+19
7.35057e+18
6.19872e+18
4.53384e+18
4.10785e+18
3.21511e+18
3.22535e+18
2.64314e+18
2.60177e+18
2.40318e+18
2.30355e+18
1.99234e+18
2.01653e+18
2.0165e+18
2.13228e+18
1.71456e+18
1.69654e+18
1.417e+18
1.51906e+18
1.29484e+18
1.28933e+18
1.16762e+18
1.2162e+18
7.63532e+17
8.73373e+17
6.29088e+17
8.07937e+17
5.79722e+17
6.72878e+17
5.51024e+17
5.49524e+17
3.98719e+17
4.77697e+17
3.70283e+17
4.94373e+17
3.29153e+17
4.04007e+17
2.84827e+17
3.16833e+17
2.64235e+17
2.55158e+17
2.5257e+17
2.86162e+17
2.51645e+17
3.01322e+17
2.05934e+17
2.7557e+17
0
0
0
0
0
0
0
0
0
0
0
0
0
0
0
0
0
0
0
0
0
0
0
0
0
0
0
0
0
0
0
0
0
0
0
0
0
0
0
0
0
0
0
0
0
0
0
0
0
0
0
0
0
0
0
0
0
0
0
0
0
0
0
0
0
0
0
0
0
0
0
0
0
0
0
0
0
0
0
0
0
0
0
0
0
0
0
0
0
0
0
0
0
0
0
0
1.86016e+17
2.25578e+17
1.64404e+17
1.88685e+17
1.50917e+17
2.01487e+17
2.18264e+17
2.10239e+17
1.90681e+17
2.63905e+17
2.06992e+17
2.9128e+17
1.63198e+17
1.63064e+17
1.21312e+17
1.40976e+17
5.47678e+16
9.29654e+16
8.24841e+16
8.32029e+16
1.01149e+17
7.55099e+16
9.27241e+16
1.31146e+17
2.54609e+17
3.20642e+17
3.23853e+17
3.66294e+17
4.30084e+17
5.4945e+17
5.33802e+17
6.54931e+17
7.11845e+17
7.42411e+17
7.47913e+17
9.01328e+17
7.80937e+17
9.69141e+17
1.17066e+18
1.22542e+18
1.1783e+18
1.38771e+18
1.44924e+18
1.52263e+18
1.98471e+18
2.401e+18
4.63144e+18
6.13162e+18
1.33671e+19
1.05315e+19
6.49506e+18
5.60684e+18
3.82676e+18
3.5793e+18
2.70148e+18
2.65623e+18
1.98158e+18
2.02273e+18
1.90709e+18
1.92135e+18
1.67987e+18
1.66142e+18
1.36506e+18
1.54786e+18
1.31173e+18
1.44856e+18
9.90905e+17
1.11943e+18
8.89003e+17
9.29891e+17
7.26244e+17
8.99725e+17
5.75481e+17
6.11578e+17
4.34863e+17
5.06704e+17
3.67275e+17
4.05719e+17
3.87914e+17
4.02837e+17
2.76352e+17
2.74315e+17
2.44034e+17
2.53906e+17
1.89999e+17
1.8532e+17
1.68251e+17
2.21183e+17
1.31578e+17
1.62923e+17
1.50879e+17
1.80603e+17
1.38395e+17
1.71318e+17
1.39231e+17
1.29101e+17
0
0
0
0
0
0
0
0
0
0
0
0
0
0
0
0
0
0
0
0
0
0
0
0
0
0
0
0
0
0
0
0
0
0
0
0
0
0
0
0
0
0
0
0
0
0
0
0
0
0
0
0
0
0
0
0
0
0
0
0
0
0
0
0
0
0
0
0
0
0
0
0
0
0
0
0
0
0
0
0
0
0
0
0
0
0
0
0
0
0
0
0
0
0
0
0
1.13483e+17
1.39051e+17
8.73695e+16
8.0959e+16
9.06658e+16
1.12034e+17
1.10009e+17
1.51472e+17
1.04952e+17
1.45958e+17
1.22426e+17
1.58067e+17
1.33393e+17
1.27025e+17
7.6405e+16
9.19662e+16
4.96149e+16
5.66929e+16
5.58587e+16
7.71866e+16
8.31909e+16
7.0837e+16
5.39321e+16
1.2576e+17
1.89468e+17
2.50038e+17
2.15279e+17
2.57417e+17
2.74765e+17
3.82562e+17
4.05437e+17
4.98165e+17
4.80454e+17
5.31687e+17
5.53145e+17
7.14545e+17
5.99001e+17
7.87523e+17
8.62053e+17
8.75349e+17
9.6167e+17
1.24553e+18
1.18585e+18
1.27487e+18
1.62448e+18
2.20666e+18
4.58382e+18
6.84503e+18
1.29766e+19
1.04085e+19
5.63627e+18
4.64822e+18
3.08652e+18
3.06333e+18
2.23663e+18
2.17414e+18
1.56666e+18
1.59889e+18
1.37124e+18
1.47979e+18
1.23124e+18
1.29623e+18
1.02065e+18
1.07557e+18
8.53534e+17
9.23083e+17
7.40107e+17
7.86353e+17
5.74405e+17
6.55252e+17
4.60491e+17
5.71536e+17
4.13933e+17
4.51028e+17
2.99502e+17
3.12545e+17
2.23286e+17
2.50461e+17
2.3782e+17
2.26962e+17
1.5309e+17
1.52912e+17
1.76165e+17
1.60186e+17
1.07308e+17
9.45019e+16
1.06791e+17
1.3657e+17
8.80153e+16
9.28999e+16
7.95082e+16
1.0862e+17
8.59594e+16
9.69409e+16
5.90539e+16
9.34923e+16
0
0
0
0
0
0
0
0
0
0
0
0
0
0
0
0
0
0
0
0
0
0
0
0
0
0
0
0
0
0
0
0
0
0
0
0
0
0
0
0
0
0
0
0
0
0
0
0
0
0
0
0
0
0
0
0
2.70082e+09
1.18413e+09
0
0
0
0
0
0
0
0
0
0
0
0
0
0
0
0
0
0
0
0
0
0
0
0
0
0
0
0
0
0
0
0
0
0
0
0
0
0
7.68573e+16
9.47188e+16
5.98565e+16
6.27144e+16
4.41245e+16
6.58325e+16
6.73602e+16
7.38838e+16
5.50876e+16
8.00126e+16
7.33055e+16
9.4851e+16
7.58836e+16
1.01416e+17
4.80965e+16
5.55019e+16
4.98078e+16
4.40403e+16
2.40053e+16
4.13398e+16
3.35646e+16
4.56362e+16
4.4946e+16
9.26033e+16
1.07177e+17
1.5819e+17
1.41221e+17
1.54119e+17
1.82358e+17
2.59334e+17
2.81468e+17
3.42247e+17
3.3204e+17
3.91125e+17
4.26164e+17
5.00652e+17
4.67726e+17
5.73508e+17
6.89058e+17
7.47454e+17
7.95477e+17
1.0257e+18
9.55443e+17
1.07358e+18
1.36611e+18
1.88856e+18
4.26493e+18
6.64922e+18
1.30799e+19
9.78165e+18
4.68696e+18
3.70083e+18
2.32866e+18
2.24633e+18
1.81887e+18
1.70907e+18
1.18272e+18
1.28991e+18
9.99836e+17
1.07517e+18
8.76208e+17
1.01462e+18
7.68635e+17
8.00052e+17
6.04462e+17
5.52571e+17
4.81041e+17
4.75518e+17
3.87464e+17
3.93109e+17
2.82854e+17
3.43394e+17
2.02521e+17
2.50349e+17
1.77083e+17
1.97904e+17
1.32831e+17
1.36127e+17
1.24992e+17
1.48056e+17
7.47456e+16
1.02184e+17
8.10098e+16
8.28196e+16
6.63382e+16
5.582e+16
5.62536e+16
7.42527e+16
5.43426e+16
5.66816e+16
5.76491e+16
7.89866e+16
4.41689e+16
5.98222e+16
5.36494e+16
5.83504e+16
0
0
0
0
0
0
0
0
0
0
0
0
0
0
0
0
0
0
0
0
0
0
0
0
0
0
0
0
0
0
0
0
0
0
0
0
0
0
0
0
0
0
0
0
0
0
0
0
0
0
0
0
0
0
0
0
2.85908e+09
8.51227e+09
0
0
0
0
0
0
0
0
0
0
0
0
0
0
0
0
0
0
0
0
0
0
0
0
0
0
0
0
0
0
0
0
0
0
0
0
0
0
3.35768e+16
4.48575e+16
3.47732e+16
4.10148e+16
2.49857e+16
3.69526e+16
3.70727e+16
4.24768e+16
3.88056e+16
4.37815e+16
4.4395e+16
5.40231e+16
5.07393e+16
5.38095e+16
3.13739e+16
2.89679e+16
2.97117e+16
3.22413e+16
1.93003e+16
2.76947e+16
2.137e+16
2.8419e+16
3.21721e+16
4.74748e+16
3.74641e+16
7.23362e+16
7.02371e+16
9.61501e+16
1.11419e+17
1.86083e+17
1.73422e+17
2.31849e+17
2.43562e+17
3.2551e+17
2.88717e+17
3.17448e+17
3.81007e+17
4.33836e+17
4.88472e+17
5.87483e+17
5.55993e+17
7.57719e+17
7.5513e+17
8.4247e+17
1.19007e+18
1.73637e+18
4.17408e+18
6.67366e+18
1.23532e+19
8.7451e+18
3.92096e+18
3.09723e+18
1.77415e+18
1.66558e+18
1.2133e+18
1.23336e+18
8.58256e+17
8.42964e+17
7.25554e+17
8.0901e+17
5.29764e+17
6.94439e+17
5.21099e+17
5.72022e+17
3.69451e+17
3.95818e+17
3.16908e+17
3.03567e+17
2.33292e+17
2.43824e+17
1.73816e+17
1.99269e+17
1.4286e+17
1.16961e+17
8.45967e+16
1.46679e+17
8.56625e+16
9.76597e+16
7.41242e+16
6.75872e+16
4.20795e+16
4.77114e+16
5.34573e+16
4.90315e+16
4.06049e+16
3.39961e+16
3.832e+16
3.37758e+16
2.78575e+16
3.86178e+16
3.75148e+16
4.81155e+16
3.02168e+16
3.29762e+16
3.59363e+16
3.5659e+16
0
0
0
0
0
0
0
0
0
0
0
0
0
0
0
0
0
0
0
0
0
0
0
0
0
0
0
0
0
0
0
0
0
0
0
0
0
0
0
0
0
0
0
0
0
0
0
0
0
0
0
0
0
0
2.84532e+09
3.98279e+09
3.01519e+09
8.30578e+09
0
0
0
0
0
0
0
0
0
0
0
0
0
0
0
0
0
0
0
0
0
0
0
0
0
0
0
0
0
0
0
0
0
0
0
0
0
0
1.733e+16
3.07672e+16
1.88975e+16
2.58527e+16
2.12829e+16
2.21807e+16
2.26579e+16
2.83487e+16
1.74021e+16
2.71766e+16
2.57931e+16
2.39294e+16
2.13552e+16
2.50017e+16
1.98974e+16
2.7176e+16
8.02557e+15
1.4442e+16
9.16641e+15
1.01175e+16
1.54725e+16
1.71589e+16
1.31201e+16
2.77394e+16
1.70274e+16
4.4671e+16
3.51392e+16
6.06126e+16
6.49652e+16
9.74141e+16
1.10742e+17
1.53775e+17
1.41925e+17
2.23335e+17
1.79723e+17
2.18841e+17
2.52115e+17
2.77294e+17
3.42826e+17
3.61956e+17
4.08779e+17
5.61736e+17
5.56401e+17
6.85782e+17
1.02156e+18
1.45287e+18
4.12242e+18
6.96711e+18
1.20457e+19
8.20038e+18
3.21308e+18
2.52063e+18
1.20035e+18
1.16644e+18
8.96987e+17
8.84049e+17
6.55591e+17
6.54508e+17
5.23629e+17
5.63514e+17
3.61347e+17
4.02007e+17
3.09923e+17
2.87066e+17
2.5816e+17
2.62214e+17
1.78796e+17
1.83136e+17
1.4804e+17
1.54664e+17
1.03876e+17
1.07753e+17
9.84142e+16
7.71e+16
5.63365e+16
7.07366e+16
6.31172e+16
6.31973e+16
4.69711e+16
4.73044e+16
1.98812e+16
3.20465e+16
2.70438e+16
2.66156e+16
2.60317e+16
2.21792e+16
1.86318e+16
1.86706e+16
1.24196e+16
2.58289e+16
1.97611e+16
2.31859e+16
1.83004e+16
1.99435e+16
2.10748e+16
2.38611e+16
0
0
0
0
0
0
0
0
0
0
0
0
0
0
0
0
0
0
0
0
0
0
0
0
0
0
0
0
0
0
0
0
0
0
0
0
0
0
0
0
0
0
0
0
0
0
0
0
0
0
0
0
0
0
3.41702e+09
1.48362e+10
3.16929e+09
8.10164e+09
0
0
0
0
0
0
0
0
0
0
0
0
0
0
0
0
0
0
0
0
0
0
0
0
0
0
0
0
0
0
0
0
0
0
0
0
0
0
1.05218e+16
2.09776e+16
7.67743e+15
1.50925e+16
1.08574e+16
1.35764e+16
1.18295e+16
1.44857e+16
7.53481e+15
1.53674e+16
1.28634e+16
1.5466e+16
1.41492e+16
1.46376e+16
1.28627e+16
1.56868e+16
6.49872e+15
4.62459e+15
2.00617e+15
8.03056e+15
1.02689e+16
9.85493e+15
8.86523e+15
1.31769e+16
1.4075e+16
2.26777e+16
1.24411e+16
2.70248e+16
2.5696e+16
5.20424e+16
6.65045e+16
8.29413e+16
5.23274e+16
1.18036e+17
1.05529e+17
1.63891e+17
1.65662e+17
1.72894e+17
2.55491e+17
2.81901e+17
2.73841e+17
3.75371e+17
3.75055e+17
5.0817e+17
7.47962e+17
1.14629e+18
4.08295e+18
7.10722e+18
1.17942e+19
7.46052e+18
2.36618e+18
1.73054e+18
9.13346e+17
8.64705e+17
6.17688e+17
6.72815e+17
4.21156e+17
4.21519e+17
3.29704e+17
3.30555e+17
2.44485e+17
2.22059e+17
1.69249e+17
1.81418e+17
1.46623e+17
1.69256e+17
8.81109e+16
1.04902e+17
8.89181e+16
9.04908e+16
7.14751e+16
6.34536e+16
5.09936e+16
5.24126e+16
2.74804e+16
4.44187e+16
3.18445e+16
3.0813e+16
2.65057e+16
2.20253e+16
1.20425e+16
1.24166e+16
8.58018e+15
1.25833e+16
1.40193e+16
1.41208e+16
9.48591e+15
1.25846e+16
6.73233e+15
1.38502e+16
9.15531e+15
1.20292e+16
1.03493e+16
7.96701e+15
7.04313e+15
7.1234e+15
0
0
0
0
0
0
0
0
0
0
0
0
0
0
0
0
0
0
0
0
0
0
0
0
0
0
0
0
0
0
0
0
0
0
0
0
0
0
0
0
0
0
0
0
0
0
0
0
0
0
0
0
0
0
3.98363e+09
1.42111e+10
3.32124e+09
7.90012e+09
1.05431e+12
3.56986e+11
0
0
0
0
0
0
0
0
0
0
0
0
0
0
0
0
0
0
0
0
0
0
0
0
0
0
0
0
0
0
0
0
0
0
0
0
7.65528e+15
7.44276e+15
7.9414e+15
2.96589e+15
7.80168e+15
7.07221e+15
6.40547e+15
9.32381e+15
7.76787e+15
4.73793e+15
1.0855e+16
7.71709e+15
1.22249e+16
8.70382e+15
8.18245e+15
8.75918e+15
3.38996e+15
2.25044e+15
1.70101e+15
2.62591e+15
4.82078e+15
5.19319e+15
6.61733e+15
1.1022e+16
2.9694e+15
1.58932e+16
6.70075e+15
8.83078e+15
1.16512e+16
2.71278e+16
2.68278e+16
2.94676e+16
2.71249e+16
5.84083e+16
7.20772e+16
9.61504e+16
1.27889e+17
1.22742e+17
1.78241e+17
1.77759e+17
1.81454e+17
2.69899e+17
2.47641e+17
3.18256e+17
6.00035e+17
1.03176e+18
3.78946e+18
7.36856e+18
1.13513e+19
6.24881e+18
1.82495e+18
1.33249e+18
6.38138e+17
6.07035e+17
3.68181e+17
4.15446e+17
2.65584e+17
2.44649e+17
1.70541e+17
1.61836e+17
1.32035e+17
1.19643e+17
1.00361e+17
1.25448e+17
7.65945e+16
9.17949e+16
5.96707e+16
6.51774e+16
3.98364e+16
4.11781e+16
3.89705e+16
4.10613e+16
2.94273e+16
2.78676e+16
2.0676e+16
2.33136e+16
1.02027e+16
1.95079e+16
1.23346e+16
1.26501e+16
5.276e+15
7.18226e+15
3.68399e+15
7.6103e+15
5.26543e+15
9.97557e+15
3.8666e+15
6.98871e+15
4.22748e+15
5.37481e+15
3.53259e+15
5.05877e+15
4.03841e+15
1.7958e+15
3.5226e+15
2.01666e+15
0
0
0
0
0
0
0
0
0
0
0
0
0
0
0
0
0
0
0
0
0
0
0
0
0
0
0
0
0
0
0
0
0
0
0
0
0
0
0
0
0
0
0
0
0
0
0
0
0
0
0
0
0
0
4.5462e+09
1.35908e+10
2.77289e+12
7.70128e+09
1.62142e+12
1.16628e+13
0
0
0
0
0
0
0
0
0
0
0
0
0
0
0
0
0
0
0
0
0
0
0
0
0
0
0
0
0
0
0
0
0
0
0
0
5.24076e+15
6.28941e+15
4.82192e+15
2.84815e+15
2.78362e+15
3.38354e+15
3.46089e+15
5.24888e+15
5.034e+15
4.83947e+15
6.24137e+15
6.60423e+15
5.92662e+15
7.4915e+15
4.84249e+15
5.06914e+15
1.39251e+15
1.03556e+15
8.33562e+14
2.09447e+15
1.99605e+15
6.98828e+14
7.06944e+15
6.09673e+15
5.64972e+14
2.1423e+15
4.47097e+15
6.51383e+15
8.72176e+15
1.27643e+16
1.51479e+16
1.86989e+16
1.95063e+16
3.30877e+16
3.55581e+16
5.27864e+16
6.88864e+16
8.16986e+16
9.60275e+16
1.05025e+17
1.02776e+17
1.54912e+17
1.62028e+17
2.34987e+17
4.20527e+17
8.00118e+17
3.63437e+18
7.51893e+18
1.05667e+19
5.49381e+18
1.39167e+18
1.06256e+18
4.7469e+17
3.85225e+17
2.43937e+17
2.36161e+17
1.39025e+17
1.46793e+17
8.94933e+16
1.15335e+17
5.56786e+16
5.61397e+16
4.91463e+16
6.77418e+16
4.69327e+16
5.57656e+16
3.84719e+16
4.63316e+16
2.7067e+16
2.4924e+16
1.97473e+16
1.94874e+16
2.05764e+16
1.72336e+16
1.15968e+16
1.16978e+16
6.65544e+15
8.9506e+15
7.9668e+15
9.51829e+15
4.4814e+15
4.75902e+15
1.38232e+15
2.22283e+15
2.40826e+15
2.14852e+15
3.20849e+15
3.63159e+15
2.77307e+15
1.94686e+15
1.53008e+15
2.63202e+15
1.29162e+15
1.55987e+15
1.50843e+15
8.80199e+14
0
0
0
0
0
0
0
0
0
0
0
0
0
0
0
0
0
0
0
0
0
0
0
0
0
0
0
0
0
0
0
0
0
0
0
0
0
0
0
0
0
0
0
0
0
0
0
0
0
0
0
0
1.69044e+12
0
1.31436e+10
1.5507e+10
1.64945e+13
3.14059e+11
2.1822e+12
1.105e+13
0
0
0
0
0
0
0
0
0
0
0
0
0
0
0
0
0
0
0
0
0
0
0
0
0
0
0
0
0
0
0
0
0
0
0
0
5.32247e+14
2.06712e+15
2.3943e+15
1.06785e+15
1.11004e+15
1.56379e+15
1.51213e+15
3.34006e+15
3.74127e+15
2.45328e+15
2.5083e+15
3.89379e+15
1.19392e+15
2.75311e+15
2.83714e+15
3.43426e+15
6.37008e+14
4.59585e+14
4.5697e+14
1.55238e+15
3.14884e+14
2.0903e+14
1.51608e+15
1.97113e+15
7.87377e+14
1.93338e+15
7.99747e+14
2.91639e+15
3.63973e+15
7.42948e+15
9.49579e+15
9.6209e+15
1.65758e+16
1.41686e+16
1.91743e+16
3.05079e+16
3.17488e+16
5.26621e+16
5.74291e+16
6.70834e+16
7.01315e+16
8.93633e+16
1.05299e+17
1.47651e+17
2.90997e+17
5.512e+17
3.2293e+18
7.39016e+18
1.00978e+19
4.49361e+18
1.01629e+18
7.61822e+17
3.24273e+17
2.52406e+17
1.24631e+17
1.33325e+17
8.91186e+16
1.00413e+17
4.44272e+16
5.3687e+16
4.08794e+16
3.23795e+16
2.94345e+16
4.30884e+16
2.11974e+16
3.23356e+16
3.15448e+16
2.23845e+16
1.40926e+16
1.23482e+16
1.2525e+16
1.42751e+16
1.0897e+16
1.5685e+16
6.72957e+15
5.36756e+15
2.28375e+15
2.88603e+15
4.99107e+15
2.13658e+15
3.90361e+14
2.29759e+15
6.86986e+14
2.62973e+14
5.12677e+14
6.40922e+14
1.6355e+15
1.08344e+15
1.30421e+15
6.0439e+14
2.5769e+14
9.93486e+14
1.02598e+15
4.80452e+14
1.70091e+14
5.3887e+14
0
0
0
0
0
0
0
0
0
0
0
0
0
0
0
0
0
0
0
0
0
0
0
0
0
0
0
0
0
0
0
0
0
0
0
0
0
0
0
0
0
0
0
0
0
0
0
0
0
0
4.69394e+08
1.6981e+08
1.17033e+13
5.22397e+12
1.4733e+10
5.73832e+10
1.65208e+13
2.11993e+11
2.73546e+12
1.04455e+13
0
0
0
0
0
0
0
0
0
0
0
0
0
0
0
0
0
0
0
0
0
0
0
0
0
0
0
0
0
0
0
0
0
0
0
0
2.41453e+14
9.78776e+14
1.46408e+15
5.32883e+14
4.30396e+14
2.91313e+14
2.23555e+14
1.13446e+15
1.92845e+15
1.83649e+15
4.39655e+14
2.14945e+15
9.80466e+14
1.29817e+15
1.82746e+15
1.34515e+15
3.74643e+14
2.89916e+14
5.16093e+14
9.95385e+14
2.89195e+14
4.95296e+13
8.70787e+13
6.86315e+14
6.67539e+14
1.83348e+15
1.34574e+15
2.97669e+14
4.37388e+15
5.30419e+15
3.5187e+15
6.92704e+15
6.61955e+15
6.86843e+15
1.27567e+16
1.79873e+16
1.36216e+16
2.71938e+16
3.61302e+16
4.01582e+16
3.4529e+16
4.69554e+16
6.51487e+16
1.00102e+17
1.8017e+17
3.46316e+17
2.98013e+18
7.49213e+18
9.42666e+18
3.64209e+18
7.18455e+17
5.48643e+17
1.87432e+17
1.42534e+17
6.96983e+16
6.55498e+16
3.35869e+16
5.85097e+16
2.64021e+16
3.40012e+16
2.56739e+16
1.72008e+16
1.79892e+16
2.45232e+16
9.15615e+15
1.27438e+16
9.53709e+15
1.61276e+16
4.83098e+15
6.06046e+15
4.66797e+15
6.55287e+15
2.90856e+15
6.892e+15
3.86143e+15
3.82737e+15
1.34361e+15
3.21028e+15
2.27441e+15
2.02669e+15
2.96254e+14
4.68694e+14
1.92002e+13
5.96432e+13
1.7793e+14
6.60005e+14
1.81232e+13
2.97935e+13
8.02075e+14
3.56327e+14
0
0
0
4.90468e+14
0
3.75495e+12
0
0
0
0
0
0
0
0
0
0
0
0
0
0
2.94619e+09
0
0
0
0
0
0
0
0
0
0
0
0
0
0
0
0
0
0
0
0
0
0
0
0
0
0
0
0
0
0
0
0
0
0
0
4.83303e+08
1.75962e+09
1.1337e+13
5.49173e+12
1.70111e+10
5.55473e+10
1.6547e+13
1.10584e+11
3.283e+12
9.84664e+12
2.60469e+09
0
0
0
0
0
0
0
0
0
0
0
0
0
0
0
0
0
0
0
0
0
0
0
0
0
0
0
0
0
0
0
0
0
0
0
6.42054e+13
1.34429e+14
3.15208e+14
5.62662e+13
3.70543e+13
3.09514e+14
1.13602e+13
5.79887e+13
6.70638e+14
8.3237e+14
3.34072e+14
4.50844e+14
9.65014e+14
9.26167e+14
3.56387e+14
3.60742e+14
6.27165e+13
3.85562e+14
6.71751e+13
7.42798e+12
1.93397e+14
4.34355e+13
1.46835e+13
1.35595e+12
6.69741e+14
1.79147e+15
1.15308e+14
2.97287e+14
4.38816e+15
4.64224e+15
2.65189e+15
4.5277e+15
4.68029e+15
4.73499e+15
8.45974e+15
1.10006e+16
7.70781e+15
1.51409e+16
1.30808e+16
2.79339e+16
2.09249e+16
2.4606e+16
3.07791e+16
5.2468e+16
1.16502e+17
2.42749e+17
2.66906e+18
7.00309e+18
8.79918e+18
3.02311e+18
4.85949e+17
3.85805e+17
8.50894e+16
9.29254e+16
4.21109e+16
3.18808e+16
2.01309e+16
2.67088e+16
1.53625e+16
1.45244e+16
8.13047e+15
1.77482e+16
2.48056e+15
7.16656e+15
4.80454e+15
8.2278e+15
3.9014e+15
4.03434e+15
9.34812e+14
2.17099e+15
6.44633e+14
2.12123e+15
2.9376e+14
2.04148e+15
7.7655e+14
3.01121e+15
1.65731e+15
2.51014e+15
7.17385e+14
1.16701e+14
3.33472e+14
7.4341e+13
2.45931e+13
4.58065e+13
8.83349e+13
1.77974e+14
0
0
0
0
0
0
0
0
0
0
0
0
0
0
0
0
0
0
0
0
0
0
0
0
1.87422e+10
6.01297e+09
0
0
0
0
0
0
0
0
0
0
0
0
0
0
0
0
0
0
0
0
0
0
0
0
0
0
0
0
0
0
0
0
0
0
4.97268e+08
1.73617e+09
1.09792e+13
5.75237e+12
1.17584e+11
1.57702e+13
5.06148e+11
9.9879e+09
3.82376e+12
9.25455e+12
8.55434e+09
3.77943e+09
5.15028e+09
2.15622e+08
0
0
0
0
0
0
0
0
0
0
0
0
0
0
0
0
0
0
0
0
0
0
0
0
0
0
0
0
0
0
0
0
0
0
0
0
0
0
0
2.53713e+13
1.16007e+14
2.03668e+14
6.18172e+13
1.19079e+14
9.69273e+14
2.45826e+14
2.38882e+14
1.93131e+14
4.3009e+11
1.84753e+12
2.63646e+14
2.32475e+13
3.78149e+12
1.41912e+12
0
1.61591e+11
2.23889e+14
1.71508e+15
1.10446e+14
1.48025e+14
1.95609e+15
3.43185e+15
1.89283e+15
4.22785e+15
2.18699e+15
3.03319e+15
7.37123e+15
4.03919e+15
3.43808e+15
9.11282e+15
6.73574e+15
1.16375e+16
1.02435e+16
1.54327e+16
2.09368e+16
3.42677e+16
7.05987e+16
1.85844e+17
2.53486e+18
7.07958e+18
8.54414e+18
2.66183e+18
3.36813e+17
1.98798e+17
5.35266e+16
4.88971e+16
1.16352e+16
1.0806e+16
7.54432e+15
1.27607e+16
6.78989e+15
6.61201e+15
2.34683e+15
6.53509e+15
1.26379e+15
2.41243e+15
2.19441e+15
2.92876e+15
1.58939e+15
2.78271e+15
6.01792e+14
0
1.24263e+14
3.53501e+14
1.20098e+14
2.30737e+13
1.57221e+12
6.94294e+14
8.94972e+13
7.40994e+14
3.09065e+14
4.27064e+13
2.24116e+14
2.49331e+13
1.12049e+13
9.0412e+12
1.30982e+14
1.32565e+14
0
0
0
0
0
0
0
0
0
0
0
0
0
0
0
0
0
0
0
0
0
0
0
0
1.97907e+10
5.01277e+09
0
0
0
0
0
0
0
0
0
0
0
0
0
0
0
0
0
0
0
0
0
0
0
0
0
0
0
0
0
0
0
0
0
0
5.1128e+08
1.71281e+09
1.06289e+13
6.00633e+12
2.14846e+11
1.60966e+13
4.19441e+09
6.74052e+09
4.35886e+12
8.66977e+12
1.28519e+13
3.76692e+09
2.2705e+12
1.16544e+12
0
0
0
0
0
0
0
0
8.64322e+09
3.27644e+08
0
0
0
0
0
0
0
0
0
0
0
0
0
0
0
0
0
0
0
0
0
0
0
0
0
0
0
0
0
0
1.03702e+14
9.97898e+13
0
5.85541e+10
6.03199e+14
3.78661e+14
1.82122e+14
2.48684e+14
0
1.77871e+12
4.92337e+11
2.63895e+13
2.7004e+12
1.30233e+12
0
0
6.47149e+12
1.41292e+14
1.12897e+14
1.11325e+14
1.62016e+15
3.14562e+15
9.904e+14
5.47593e+15
7.50324e+13
9.2446e+14
4.96123e+15
2.69779e+15
1.64619e+15
4.51078e+15
6.12797e+15
6.11699e+15
4.53285e+15
9.75659e+15
1.46714e+16
2.0315e+16
4.28105e+16
1.31539e+17
2.19639e+18
6.89297e+18
7.87193e+18
2.29873e+18
2.369e+17
1.40209e+17
2.52615e+16
2.08593e+16
8.73107e+15
7.61333e+15
2.68403e+15
4.86226e+15
4.45771e+15
1.83969e+15
2.43072e+15
2.61746e+15
3.58545e+14
1.48523e+15
1.81022e+15
1.52883e+15
5.04653e+14
3.86909e+14
0
1.02073e+14
7.80308e+12
2.00367e+14
0
0
7.55702e+11
1.14334e+13
0
2.54944e+14
3.27462e+14
2.62478e+13
0
0
4.94624e+12
6.04629e+12
0
1.69528e+13
0
0
0
0
0
0
0
0
0
0
0
0
0
0
0
0
0
0
0
0
0
0
0
0
2.08506e+10
4.00393e+09
0
0
0
0
0
0
0
0
0
0
0
0
0
0
0
0
0
0
0
0
0
0
0
0
0
0
0
0
0
0
0
0
3.94042e+09
1.44098e+09
4.48074e+11
1.68957e+09
1.02867e+13
6.25394e+12
3.11494e+11
1.59275e+13
5.83418e+09
8.90582e+09
4.88818e+12
8.09023e+12
7.03213e+13
2.50069e+13
3.3924e+12
6.15561e+12
0
0
0
0
1.4097e+10
0
6.48156e+08
0
8.77608e+09
3.22192e+09
0
0
0
0
0
0
0
0
0
0
0
0
0
0
0
0
0
0
0
0
0
0
0
0
0
0
0
0
0
0
9.52038e+13
1.08229e+14
0
0
3.92117e+14
2.5566e+14
1.00631e+14
1.21216e+14
0
0
2.19382e+12
1.2277e+11
1.61631e+12
2.36073e+12
0
0
1.33002e+12
1.82588e+12
0
6.46627e+13
1.22267e+15
2.12324e+15
6.00859e+14
2.79502e+15
1.12164e+15
2.65858e+12
3.37184e+15
2.2019e+15
8.72034e+14
2.75364e+15
5.94273e+15
3.96311e+15
3.43207e+15
4.19463e+15
1.14229e+16
1.6196e+16
3.68644e+16
1.1027e+17
1.93662e+18
6.61587e+18
7.2244e+18
1.89457e+18
1.42767e+17
7.90039e+16
1.19433e+16
8.64479e+15
4.82219e+15
6.76943e+15
1.36954e+15
2.26065e+15
2.81168e+15
9.66629e+14
6.65891e+14
1.46782e+15
0
3.03146e+14
9.74115e+14
3.04516e+14
3.43265e+14
1.38324e+14
0
0
0
0
0
0
0
3.27129e+12
0
0
4.58477e+13
1.62951e+13
0
0
0
0
0
0
0
0
0
0
0
0
0
0
0
0
0
0
0
0
0
0
0
0
2.13465e+07
0
0
0
5.59561e+09
0
2.19193e+10
2.98575e+09
0
0
0
0
0
0
0
0
2.19844e+09
0
0
0
0
0
0
0
0
0
0
0
0
0
0
0
0
0
0
0
2.96205e+12
0
1.59735e+10
2.80729e+08
4.03116e+09
1.02356e+10
9.05136e+12
4.96105e+12
9.95168e+12
6.49507e+12
4.07257e+11
1.57601e+13
6.09851e+09
1.35793e+10
5.4123e+12
7.5216e+12
7.15019e+13
2.33823e+13
4.50186e+12
5.00586e+12
0
0
0
0
2.91335e+10
1.04571e+09
8.06189e+09
3.81237e+09
1.51438e+10
3.19207e+09
0
0
0
0
0
0
0
0
0
0
0
0
0
0
0
0
0
0
0
0
0
0
0
0
0
0
0
0
0
0
1.2887e+13
1.12648e+14
0
0
3.29038e+14
1.86173e+14
7.89234e+13
9.65552e+13
0
0
0
5.04925e+09
7.25017e+09
3.43005e+12
0
0
0
6.78111e+10
0
0
2.53372e+14
1.45554e+15
2.78172e+14
2.13183e+15
6.57223e+14
1.71412e+14
2.01774e+15
1.32283e+15
6.92367e+14
5.2862e+14
3.89959e+15
2.57225e+15
2.32537e+15
3.23472e+15
7.23319e+15
6.93344e+15
2.2999e+16
7.76526e+16
1.68358e+18
6.30606e+18
6.49033e+18
1.51209e+18
7.15689e+16
3.00981e+16
2.5379e+15
1.81657e+15
2.82288e+15
5.60632e+15
3.75696e+14
1.3902e+15
3.41486e+14
1.30111e+14
1.31196e+14
3.57166e+14
0
0
0
0
0
4.13068e+13
0
0
0
0
0
0
0
0
0
0
0
0
0
0
0
0
0
0
0
0
0
0
0
0
0
0
0
0
0
0
0
0
0
0
0
0
9.70331e+09
2.39483e+10
4.05643e+08
0
4.40982e+10
9.92651e+09
3.99383e+10
1.95983e+09
0
0
0
0
0
0
0
0
1.65061e+10
2.1317e+09
0
0
0
0
0
0
0
0
0
0
0
0
0
0
0
0
2.78695e+08
0
1.34404e+13
2.55323e+13
4.21848e+10
1.48825e+10
4.12339e+09
1.00862e+10
8.98516e+12
5.07529e+12
9.63806e+12
6.73261e+12
2.8659e+12
1.5595e+13
8.65235e+12
1.00414e+12
7.61799e+12
1.11562e+13
8.71367e+13
2.17855e+13
5.63146e+12
3.8697e+12
6.13355e+12
4.19616e+10
9.52666e+12
2.34595e+13
6.10214e+13
4.13634e+13
3.71028e+10
6.65859e+09
1.2955e+14
6.26209e+09
5.42461e+09
4.5526e+07
4.04227e+08
2.22083e+08
0
0
0
0
9.35332e+11
2.47231e+11
3.2026e+13
9.83298e+13
4.24566e+12
6.28861e+12
3.52963e+11
0
1.38543e+12
0
0
0
0
0
0
0
0
0
0
0
0
0
0
0
0
0
0
1.03999e+13
6.21327e+13
1.14167e+14
0
0
0
0
0
0
0
0
0
0
0
0
0
0
7.52258e+12
1.32363e+15
1.13231e+15
1.77484e+14
2.95025e+14
4.45293e+14
4.68037e+14
2.70453e+14
2.7322e+15
1.80601e+15
8.92182e+14
1.68243e+15
4.82895e+15
3.44131e+15
1.35826e+16
4.65543e+16
1.28349e+18
5.86061e+18
5.49432e+18
1.28785e+18
4.30225e+16
8.95758e+15
6.51653e+14
5.52925e+13
4.0062e+14
8.94483e+14
0
0
0
0
0
2.17383e+14
0
0
0
0
0
0
0
0
0
0
0
0
0
0
0
0
0
0
0
0
0
0
0
0
0
0
0
0
0
0
0
0
0
0
0
0
0
0
0
0
0
0
9.89018e+09
2.38085e+10
2.61795e+10
1.41726e+10
5.95468e+10
5.35066e+10
1.0059e+11
9.95141e+10
6.18283e+10
0
0
0
0
0
0
0
1.70751e+10
1.56386e+09
0
0
0
0
0
0
0
0
0
0
0
0
0
0
0
0
3.12281e+09
1.56569e+10
1.3799e+13
2.51201e+13
5.44115e+10
4.86578e+10
4.15574e+09
1.00132e+10
8.93357e+12
5.15058e+12
1.03061e+13
1.68847e+13
1.27763e+13
1.76231e+13
1.11379e+14
2.25029e+14
9.23406e+12
2.51446e+13
1.20808e+14
5.33514e+13
6.48288e+12
3.14562e+12
1.0871e+13
6.83237e+12
9.16953e+12
1.35167e+14
8.39123e+13
1.43042e+14
1.95215e+13
1.15387e+13
1.35219e+14
7.35042e+13
5.25206e+11
1.25942e+11
1.73161e+10
2.05831e+09
0
0
7.25281e+13
5.93906e+11
1.26657e+12
5.35497e+11
4.30676e+13
1.5522e+14
3.51189e+12
2.07779e+13
1.18338e+13
6.27805e+12
1.57389e+14
7.51613e+13
0
0
0
0
0
0
0
0
0
0
0
0
0
0
0
0
0
0
7.03554e+13
1.06572e+14
0
0
0
0
0
0
0
0
0
0
0
0
0
0
1.80647e+14
1.02329e+15
7.20966e+14
2.88435e+14
2.60734e+14
2.77258e+14
5.06789e+14
2.05622e+14
1.83897e+15
1.59437e+15
6.04254e+14
7.56977e+14
3.27818e+15
2.06564e+15
1.0588e+16
3.9042e+16
1.0728e+18
5.35361e+18
4.73372e+18
8.98985e+17
1.8039e+16
4.92058e+15
1.53297e+14
0
2.24658e+13
1.97608e+13
0
0
0
0
0
0
0
0
0
0
0
0
0
0
0
0
0
0
0
0
0
0
0
0
0
0
0
0
0
0
0
0
0
0
0
0
0
0
0
0
0
0
0
0
0
0
0
0
1.01331e+10
2.36561e+10
2.64231e+10
1.40042e+10
5.98705e+10
5.33032e+10
1.01708e+11
9.85617e+10
1.9456e+11
1.67421e+10
0
0
0
0
0
0
1.71683e+10
1.45932e+09
0
0
0
0
0
0
0
0
0
0
0
0
0
0
0
0
2.82294e+09
1.58681e+10
2.35644e+13
2.49492e+13
5.39101e+10
4.89987e+10
4.17397e+09
9.98574e+09
8.93653e+12
5.17499e+12
1.03099e+13
3.6015e+13
1.35672e+13
2.27722e+13
1.0752e+14
6.20019e+14
9.93566e+12
2.67607e+13
2.29393e+14
5.31584e+13
8.826e+13
4.63277e+13
2.2239e+14
5.72706e+13
8.82709e+12
1.35431e+14
1.46909e+14
1.59867e+14
1.99334e+13
5.34031e+13
1.34992e+14
7.39048e+13
5.5641e+11
3.14798e+12
1.06184e+13
2.23392e+10
2.47205e+13
0
1.90455e+14
1.09872e+13
1.2499e+12
5.5395e+11
5.01369e+13
1.46677e+14
2.15856e+13
1.26133e+14
1.15958e+13
6.63689e+12
1.57495e+14
7.47695e+13
0
0
0
0
0
0
0
0
0
0
0
0
0
0
0
0
0
0
9.17223e+13
8.52762e+13
0
0
0
0
0
0
0
0
0
0
1.52163e+13
1.04677e+14
1.97838e+12
0
2.93109e+14
1.1633e+15
1.80972e+14
1.76955e+14
2.37895e+14
4.48932e+14
2.02447e+14
6.05669e+13
1.03147e+15
8.61446e+14
3.18366e+14
1.21615e+15
1.98727e+15
1.5855e+15
9.12869e+15
3.20675e+16
9.9895e+17
5.12947e+18
3.70439e+18
5.50295e+17
9.59548e+15
1.19615e+15
0
0
0
0
0
0
0
0
0
0
0
0
0
0
0
0
0
0
0
0
0
0
0
0
0
0
0
0
0
0
0
0
0
0
0
0
0
0
0
0
0
0
0
0
0
0
0
0
0
0
0
0
1.04699e+10
2.34513e+10
2.67694e+10
1.37625e+10
6.03519e+10
5.29896e+10
3.86838e+11
9.72793e+10
1.94501e+11
1.69438e+10
0
0
4.74451e+11
0
0
0
1.72978e+10
1.31605e+09
100531
0
0
0
0
0
0
0
0
0
0
0
0
0
0
0
2.44774e+09
1.61225e+10
4.43708e+13
6.63127e+13
5.34582e+10
4.94397e+10
4.1971e+09
9.95031e+09
1.2658e+13
3.42949e+13
1.03907e+13
3.59997e+13
1.36309e+13
3.23707e+13
1.08163e+14
6.37372e+14
1.01261e+13
2.98033e+13
5.54383e+14
1.70013e+14
1.68949e+14
1.89526e+14
9.11199e+14
5.33528e+14
9.04108e+13
1.61287e+14
1.65423e+14
2.42231e+14
1.13241e+14
7.59031e+13
2.53086e+14
7.44926e+13
3.244e+13
1.58186e+14
7.79121e+13
1.48972e+13
4.69223e+14
6.27234e+13
6.68582e+14
1.13603e+14
4.12732e+13
1.02335e+12
5.85198e+13
1.36401e+14
3.80398e+13
1.46777e+14
1.65721e+13
1.31917e+13
1.57404e+14
7.49278e+13
0
0
0
0
0
0
0
0
0
0
0
0
0
0
0
0
0
0
1.16959e+14
6.12712e+13
0
0
0
0
0
0
0
0
0
0
3.96856e+13
1.42785e+14
0
0
0
6.20108e+14
2.16272e+14
2.67975e+14
9.00081e+13
4.35387e+14
0
6.73493e+10
1.09006e+15
6.88326e+14
1.85916e+14
9.80334e+14
5.22567e+14
9.15541e+14
6.59725e+15
2.67295e+16
9.63889e+17
5.16605e+18
3.07917e+18
3.29089e+17
7.01188e+15
1.36117e+15
0
0
0
0
0
0
0
0
0
0
0
0
0
0
0
0
0
0
0
0
0
0
0
0
0
0
0
0
0
0
0
0
0
0
0
0
0
0
0
0
0
0
0
0
0
0
0
0
0
0
2.30372e+13
5.73026e+11
1.08984e+10
2.31938e+10
3.5009e+10
1.41137e+10
6.82412e+10
7.01453e+10
2.40321e+13
3.90631e+13
2.74733e+11
2.30438e+10
1.52799e+14
6.302e+13
3.50783e+13
1.33311e+13
3.20366e+09
8.2922e+08
2.06858e+10
1.13931e+09
9.9058e+09
5.08978e+10
0
0
0
0
0
0
0
0
0
0
0
0
1.45599e+10
1.47039e+09
2.43667e+09
1.64122e+10
4.43808e+13
6.61723e+13
1.21238e+11
1.00758e+11
3.74249e+10
6.98067e+10
1.29851e+13
6.59678e+13
1.05518e+13
3.62325e+13
4.22765e+13
3.23533e+13
1.02324e+14
6.42522e+14
2.07219e+14
1.19077e+14
5.89336e+14
2.62411e+14
3.45257e+14
2.66831e+14
1.27444e+15
9.06396e+14
2.47549e+14
3.17716e+14
3.77719e+14
3.95031e+14
2.85692e+14
6.32099e+14
5.24923e+14
3.59235e+14
2.12523e+14
2.97616e+14
2.24004e+14
1.46823e+13
4.87888e+14
8.08343e+13
6.76477e+14
1.63671e+14
4.28714e+13
1.8338e+13
6.78078e+13
1.24897e+14
4.87841e+13
1.78725e+14
2.40743e+13
4.17669e+13
1.57137e+14
7.58093e+13
0
0
0
0
0
0
0
0
0
0
0
0
0
0
0
0
0
0
1.45759e+14
3.46484e+13
0
0
0
0
0
0
0
0
0
0
6.59073e+13
1.17804e+14
0
0
6.4115e+12
0
2.5679e+14
2.62694e+14
3.49826e+14
3.01238e+14
0
0
3.14433e+14
4.43442e+14
1.89832e+14
2.62599e+14
5.23744e+14
5.88058e+14
6.68707e+15
2.33266e+16
1.18422e+18
6.27111e+18
2.93795e+18
2.78608e+17
9.34379e+15
1.48474e+15
0
0
0
0
0
0
0
0
0
0
0
0
0
0
0
0
0
0
0
0
0
0
0
0
0
0
0
0
0
0
0
0
0
0
0
0
0
0
0
0
0
0
0
0
0
0
0
0
0
0
1.03069e+14
3.70649e+13
1.14191e+10
2.28826e+10
1.01328e+11
2.47834e+10
6.99487e+10
1.01397e+11
2.47924e+13
3.84128e+13
2.7549e+11
1.43246e+11
1.53114e+14
1.67048e+14
3.56467e+13
1.282e+13
3.5732e+09
1.33932e+10
5.30076e+10
3.25961e+10
1.21904e+10
4.30233e+10
0
0
0
0
0
0
0
0
0
0
0
0
1.33804e+10
3.0017e+10
8.97666e+09
3.45338e+10
4.45288e+13
6.60709e+13
1.84991e+11
4.15519e+11
3.71283e+11
2.51919e+11
3.63985e+14
2.2002e+14
3.62918e+14
1.94897e+14
1.9131e+14
1.36438e+14
1.70847e+14
6.48569e+14
4.43055e+14
4.23466e+14
7.11771e+14
9.19231e+14
4.99927e+14
3.71189e+14
1.56361e+15
9.95409e+14
5.67748e+14
1.01736e+15
4.42595e+14
4.02851e+14
3.09043e+14
7.39974e+14
9.13955e+14
3.65001e+14
3.93259e+14
1.23619e+15
1.19541e+15
5.95544e+14
7.98686e+14
8.5348e+14
6.7051e+14
1.7063e+14
7.17123e+13
2.72562e+13
7.76309e+13
1.12558e+14
4.06615e+13
1.56907e+14
7.77546e+13
5.00248e+13
1.56551e+14
7.75728e+13
0
0
0
0
0
0
0
0
0
0
0
0
0
0
0
0
2.53828e+13
1.21196e+14
2.40757e+13
5.13186e+12
0
0
0
0
0
0
0
0
0
0
9.38102e+13
9.10928e+13
2.13907e+14
3.53662e+13
8.57508e+13
1.96612e+14
2.61211e+14
1.99457e+14
4.48991e+14
2.8118e+14
8.65714e+13
1.30226e+14
8.58931e+14
5.50155e+14
1.10404e+15
1.46335e+15
3.75631e+15
1.80726e+15
1.72771e+16
4.31641e+16
1.73067e+18
7.88535e+18
2.86836e+18
3.72438e+17
1.50149e+16
2.17676e+15
1.56095e+14
0
2.35241e+13
1.4994e+12
5.20023e+13
4.76751e+13
4.6815e+13
0
0
0
3.61027e+13
3.15538e+13
2.23425e+14
7.53659e+13
0
0
0
0
0
0
0
0
0
0
0
0
0
0
0
0
0
0
0
0
0
0
0
0
0
0
0
0
0
0
0
0
0
0
1.82972e+09
0
1.42433e+14
4.10853e+13
1.53466e+13
4.26142e+12
1.03172e+11
4.12295e+10
7.19194e+10
9.99177e+10
2.58337e+13
3.76899e+13
2.91553e+11
1.42815e+11
1.53555e+14
1.67182e+14
3.62833e+13
1.21957e+13
2.2052e+10
1.29776e+10
5.23994e+10
3.32714e+10
3.37162e+10
9.5057e+10
0
0
0
0
0
0
0
0
0
0
0
0
1.21476e+10
3.06741e+10
1.37402e+10
3.50682e+10
4.56593e+13
6.61159e+13
3.80644e+13
7.09959e+13
6.01479e+13
1.04113e+13
7.30817e+14
6.8612e+14
1.33238e+15
8.93215e+14
2.81302e+14
2.67063e+14
3.41154e+14
8.57244e+14
5.16998e+14
4.87188e+14
8.47626e+14
1.26925e+15
8.90324e+14
7.2949e+14
2.14383e+15
1.68639e+15
1.15816e+15
1.89185e+15
6.66399e+14
5.007e+14
5.41477e+14
8.7976e+14
1.18424e+15
4.71623e+14
4.78557e+14
1.32779e+15
1.61021e+15
1.40744e+15
1.39665e+15
1.0453e+15
7.7171e+14
1.85714e+14
6.9311e+13
3.01327e+13
1.08334e+14
1.26098e+14
5.70549e+13
6.92292e+13
3.88658e+14
6.17722e+13
1.96363e+14
8.04611e+13
0
0
0
0
0
0
0
0
0
0
0
0
0
0
0
0
2.25055e+13
5.6872e+13
0
0
0
0
0
0
0
0
9.06288e+12
1.89092e+12
0
0
5.65813e+14
1.62512e+14
5.31609e+14
2.68874e+14
2.78046e+14
2.29235e+14
7.53101e+14
1.63213e+15
1.17313e+15
5.72301e+14
6.71048e+14
6.21186e+14
5.03126e+15
3.08547e+15
5.99993e+15
6.44555e+15
1.27992e+16
1.36955e+16
5.98806e+16
1.08098e+17
2.90014e+18
1.10699e+19
2.91433e+18
5.22537e+17
2.16136e+16
7.29958e+15
3.97637e+15
1.77773e+15
1.44394e+15
3.45006e+14
1.94911e+14
2.23486e+14
0
0
2.12807e+14
1.18088e+14
5.41779e+14
3.19731e+14
0
0
0
0
0
0
0
0
0
0
0
0
0
0
0
0
0
0
0
0
0
0
0
0
0
0
0
0
0
0
0
0
0
0
0
0
2.61918e+13
3.49684e+11
1.87698e+14
6.97024e+13
2.06757e+13
4.89867e+13
3.09351e+14
3.97996e+10
7.4145e+10
9.82526e+10
2.72251e+13
3.72413e+13
7.9546e+13
4.7873e+11
1.54253e+14
1.67203e+14
3.71112e+13
1.16547e+13
2.06392e+11
9.65393e+10
5.17451e+10
3.40018e+10
3.5323e+10
9.32844e+10
0
0
0
0
0
0
0
0
0
0
0
0
1.08974e+10
3.13167e+10
5.41309e+10
4.38096e+10
4.60708e+13
6.99606e+13
3.87736e+13
2.2132e+14
6.01226e+13
9.98303e+13
9.18127e+14
1.02307e+15
1.56005e+15
1.08753e+15
8.29599e+14
4.68111e+14
8.53037e+14
1.53938e+15
1.16821e+15
6.11402e+14
1.18534e+15
1.85053e+15
1.34479e+15
1.06271e+15
2.56204e+15
2.34028e+15
2.11215e+15
2.88281e+15
7.57649e+14
1.10652e+15
1.43454e+15
1.19449e+15
1.21332e+15
5.37231e+14
5.69185e+14
1.8123e+15
1.82983e+15
2.1385e+15
2.20677e+15
1.25123e+15
1.16096e+15
3.70053e+14
7.26487e+14
9.97998e+13
1.10576e+14
1.65136e+14
1.27017e+14
1.00553e+14
4.76565e+14
3.83681e+14
4.1201e+14
9.02711e+13
0
0
0
0
0
0
0
0
0
0
0
0
0
0
0
0
4.93955e+13
1.4832e+14
6.08501e+13
0
7.09421e+12
0
1.34748e+14
0
3.64983e+10
6.39063e+09
1.97892e+14
4.26676e+12
6.45293e+14
1.06816e+14
1.08956e+15
6.28405e+14
1.50635e+15
1.30069e+15
2.35257e+15
1.39862e+15
3.28468e+15
3.59943e+15
2.57242e+15
2.8818e+15
2.51888e+15
2.85887e+15
1.38743e+16
1.01382e+16
1.81821e+16
1.56961e+16
4.14006e+16
3.58616e+16
1.77909e+17
2.75869e+17
4.07515e+18
1.30098e+19
2.81981e+18
7.74258e+17
5.57744e+16
1.93675e+16
4.74583e+15
2.8192e+15
2.51848e+15
1.54317e+15
5.30728e+14
1.65042e+14
3.87266e+14
4.22275e+14
5.08404e+14
6.95844e+14
3.25075e+13
0
3.74887e+13
0
0
0
0
0
0
0
0
0
0
0
0
0
0
0
0
0
0
0
0
0
0
0
0
0
4.51502e+10
0
2.19426e+11
4.32191e+10
0
0
0
0
0
0
3.40867e+13
3.1583e+13
2.24767e+14
7.87462e+13
3.23743e+13
4.44661e+13
5.31464e+14
1.07799e+14
6.27595e+11
1.42479e+11
2.875e+13
3.67008e+13
4.70573e+14
1.7257e+14
1.54896e+14
1.6732e+14
3.80367e+13
1.13612e+13
3.97025e+11
5.26642e+11
6.1783e+11
3.95886e+10
1.21993e+11
9.14461e+10
9.9672e+09
4.72019e+10
0
0
0
0
0
0
0
0
0
0
5.82255e+10
3.19302e+10
3.28222e+11
2.52458e+11
7.21248e+13
9.93374e+13
3.93774e+13
2.20547e+14
6.02613e+13
1.00934e+14
1.04498e+15
1.53116e+15
1.89783e+15
1.56361e+15
1.80639e+15
1.42507e+15
1.79905e+15
2.89329e+15
2.05031e+15
1.15194e+15
2.27952e+15
2.97778e+15
2.18699e+15
1.17102e+15
3.90409e+15
3.01515e+15
3.54271e+15
4.63926e+15
1.15941e+15
1.50981e+15
1.76534e+15
1.58239e+15
1.36886e+15
6.98075e+14
8.14697e+14
1.94691e+15
2.39191e+15
2.90827e+15
2.83463e+15
1.95242e+15
1.70882e+15
6.58329e+14
1.65292e+15
4.3058e+14
4.83065e+14
1.67974e+14
3.95582e+14
4.6552e+14
5.38052e+14
5.98605e+14
8.40699e+14
5.02137e+14
1.932e+14
4.63257e+13
3.7836e+14
7.55559e+13
0
0
0
0
0
0
4.2358e+11
0
0
0
6.99153e+13
0
5.80638e+13
3.07472e+14
6.6487e+14
8.6696e+14
6.96581e+14
4.02812e+12
1.0311e+15
7.01759e+14
5.32918e+14
8.16034e+13
1.38465e+15
1.24804e+15
2.15937e+15
1.9449e+15
2.5279e+15
2.01271e+15
3.49223e+15
3.72669e+15
6.99213e+15
5.27768e+15
9.69818e+15
8.33645e+15
1.22785e+16
8.12604e+15
1.19671e+16
1.28584e+16
3.33429e+16
2.91735e+16
6.03963e+16
4.46088e+16
1.21456e+17
1.08728e+17
4.75288e+17
6.88442e+17
6.07124e+18
1.54423e+19
2.85943e+18
1.10227e+18
1.33447e+17
4.52685e+16
1.53487e+16
5.53903e+15
4.67037e+15
3.03989e+15
9.01019e+14
4.7174e+14
1.26588e+15
7.38071e+14
2.50822e+14
2.78881e+14
1.41674e+14
1.16028e+14
1.10845e+15
1.0517e+15
0
0
0
0
3.49249e+13
0
0
0
0
0
0
0
0
0
0
0
0
0
0
0
0
0
1.74802e+11
1.64881e+11
1.88547e+11
2.38781e+11
8.07475e+09
6.16314e+09
0
0
1.03609e+13
2.28341e+10
1.5227e+10
1.3334e+10
1.24922e+14
1.88677e+14
1.43336e+14
5.73595e+13
3.4012e+14
1.07071e+14
5.41579e+14
1.03632e+14
1.22e+14
6.15189e+12
3.07614e+13
3.62796e+13
4.92774e+14
1.71661e+14
1.56172e+14
1.67141e+14
3.88652e+13
1.06651e+13
4.45675e+11
8.65129e+11
1.41868e+12
6.59184e+11
4.95992e+11
1.32123e+11
1.20925e+12
2.32895e+11
1.49394e+11
5.71849e+09
0
0
0
0
4.17375e+12
0
4.07314e+10
2.47214e+10
8.11319e+12
1.86608e+11
3.73828e+12
1.07999e+13
7.15742e+13
1.27985e+14
4.4114e+14
2.20315e+14
6.10581e+13
1.02767e+14
1.13814e+15
2.20573e+15
3.12446e+15
2.31281e+15
2.12557e+15
1.94374e+15
2.17783e+15
3.3559e+15
2.94453e+15
1.65236e+15
3.36879e+15
3.41901e+15
3.29085e+15
1.70997e+15
5.2347e+15
4.47664e+15
4.04015e+15
5.96609e+15
2.38449e+15
2.12955e+15
2.2245e+15
2.00018e+15
1.60716e+15
9.80977e+14
1.2137e+15
2.07295e+15
2.92878e+15
3.41243e+15
3.60864e+15
2.68314e+15
3.61135e+15
1.17546e+15
3.85231e+15
9.37469e+14
2.36163e+15
7.28447e+14
1.05683e+15
9.16993e+14
1.09523e+15
1.12296e+15
2.10027e+15
1.17285e+15
1.46563e+15
6.17398e+14
7.73909e+14
6.12625e+14
3.02896e+14
4.40985e+13
7.94617e+13
9.12114e+13
1.06957e+15
2.23259e+14
1.75698e+14
1.08475e+13
6.79445e+14
3.01213e+14
1.6746e+15
2.89378e+14
7.81425e+14
5.80871e+14
1.13242e+15
2.11304e+15
1.6784e+15
1.30336e+15
2.6126e+15
1.18119e+15
2.34246e+15
2.36422e+15
3.78895e+15
2.72194e+15
6.93163e+15
6.37617e+15
7.31914e+15
4.63556e+15
9.71601e+15
9.70307e+15
1.59749e+16
1.72245e+16
2.72127e+16
2.14219e+16
2.74877e+16
1.96378e+16
4.15043e+16
4.17555e+16
9.63375e+16
7.48203e+16
1.63148e+17
1.33195e+17
2.92003e+17
2.83525e+17
9.8464e+17
1.4116e+18
8.02847e+18
1.68392e+19
2.323e+18
1.32961e+18
2.50433e+17
8.46176e+16
4.40913e+16
1.69334e+16
1.18525e+16
7.75245e+15
6.47736e+15
5.36268e+15
3.51767e+15
3.43555e+15
2.44728e+15
1.81296e+15
1.32074e+15
1.97683e+15
1.01671e+15
1.1764e+15
1.29502e+13
0
1.00597e+14
3.15476e+13
1.03886e+15
8.73168e+14
5.75302e+10
0
0
0
0
0
0
0
2.99705e+13
1.72631e+13
1.05297e+13
0
2.01974e+08
1.8373e+08
1.91107e+11
1.81052e+11
1.81162e+11
1.64751e+11
7.58451e+10
5.80455e+10
0
0
0
0
2.68437e+13
3.83429e+12
4.14584e+14
9.58633e+13
2.96333e+14
3.55445e+14
4.55748e+14
3.66871e+14
6.33266e+14
4.17454e+14
5.82263e+14
9.85189e+13
1.62249e+14
7.05564e+13
8.75585e+14
3.7755e+13
7.33505e+14
2.13386e+14
1.98952e+14
1.67662e+14
4.01243e+13
1.021e+13
1.28902e+12
1.52911e+12
1.92516e+12
1.51371e+12
3.5748e+12
3.66465e+11
8.01954e+12
7.53669e+12
4.8663e+11
1.49582e+11
8.31629e+10
0
8.36782e+09
0
4.76463e+12
3.32168e+12
8.28723e+10
1.74908e+11
8.18336e+13
4.47911e+14
6.82172e+13
2.09878e+13
4.14708e+14
1.28988e+14
6.9442e+14
4.39333e+14
1.10051e+14
1.07029e+14
1.47029e+15
2.84384e+15
3.43274e+15
3.03319e+15
2.57563e+15
2.40978e+15
2.7784e+15
4.29956e+15
4.413e+15
2.86305e+15
3.93174e+15
4.36656e+15
4.60002e+15
2.72893e+15
6.09038e+15
5.80488e+15
4.89403e+15
6.96694e+15
3.98057e+15
3.39342e+15
3.39489e+15
3.91599e+15
2.58832e+15
1.90422e+15
2.54539e+15
4.81391e+15
5.41785e+15
5.64548e+15
5.6054e+15
5.5302e+15
4.57783e+15
2.61038e+15
5.24123e+15
2.64482e+15
4.18482e+15
2.93729e+15
3.58342e+15
2.96284e+15
2.13289e+15
2.74643e+15
5.7082e+15
4.70987e+15
5.25864e+15
3.72496e+15
4.06448e+15
1.67428e+15
1.20751e+15
5.81267e+14
7.02789e+14
2.31726e+15
3.20201e+15
1.97334e+15
2.58986e+15
1.55976e+15
3.32637e+15
3.91744e+15
2.86934e+15
2.99774e+15
5.38939e+15
3.52925e+15
4.37445e+15
4.49754e+15
3.82991e+15
4.19735e+15
6.40724e+15
2.27874e+15
7.0796e+15
4.65685e+15
1.02447e+16
1.02884e+16
1.77362e+16
1.24975e+16
1.86497e+16
1.35972e+16
3.12943e+16
2.96046e+16
4.07179e+16
4.03434e+16
6.86822e+16
6.5299e+16
8.5885e+16
5.9433e+16
1.55974e+17
1.28918e+17
2.31913e+17
2.03796e+17
4.16664e+17
3.67829e+17
7.41092e+17
7.55834e+17
1.94104e+18
2.43688e+18
9.99469e+18
1.78056e+19
2.0433e+18
1.3859e+18
4.75314e+17
2.38437e+17
9.91022e+16
5.86839e+16
3.2754e+16
2.05225e+16
1.22094e+16
5.75533e+15
5.1596e+15
2.48968e+15
1.2393e+15
1.20462e+15
1.22522e+15
8.85195e+14
2.50946e+14
1.458e+14
1.49627e+14
2.24721e+14
5.8059e+13
1.69638e+14
1.0772e+15
6.23282e+14
7.11723e+11
2.33019e+11
0
0
0
0
7.28337e+14
1.98799e+14
4.82874e+13
7.86744e+13
1.29412e+13
1.07705e+10
1.89642e+11
1.99263e+11
1.51594e+11
1.27793e+11
1.15663e+14
1.76317e+11
4.25383e+12
2.36941e+12
1.07178e+14
6.13829e+12
1.07155e+14
1.22638e+14
7.16199e+12
1.7052e+12
1.07963e+15
5.48379e+14
1.15712e+15
1.078e+15
1.10083e+15
6.18632e+14
1.22159e+15
4.23894e+14
7.88541e+14
1.31244e+14
2.0767e+14
2.01663e+14
8.85937e+14
1.15722e+14
8.29757e+14
2.70938e+14
3.97842e+14
3.37123e+14
4.29984e+13
1.06922e+13
5.06495e+12
2.56142e+12
4.44884e+12
2.76367e+12
1.07134e+13
1.16509e+13
9.68649e+12
4.47005e+13
1.74433e+12
5.63385e+11
3.45478e+12
3.54275e+11
1.28066e+11
4.10725e+10
4.74952e+12
3.11497e+12
2.09636e+13
2.70486e+14
1.06299e+14
6.24746e+14
2.41477e+14
9.59875e+13
1.02401e+15
1.1847e+15
1.58183e+15
7.94072e+14
5.91782e+14
3.82643e+14
2.82132e+15
3.59482e+15
4.26439e+15
3.42671e+15
4.52273e+15
3.76719e+15
3.5552e+15
5.47906e+15
4.68623e+15
4.06432e+15
4.53794e+15
5.06173e+15
5.36423e+15
3.09115e+15
6.77846e+15
7.03623e+15
6.2119e+15
7.96772e+15
5.20855e+15
4.19882e+15
6.03689e+15
4.49206e+15
4.48247e+15
3.89135e+15
3.18151e+15
4.82892e+15
8.81492e+15
8.03996e+15
6.4916e+15
6.75535e+15
7.2348e+15
4.83597e+15
7.47267e+15
4.25208e+15
6.14312e+15
5.54916e+15
6.47093e+15
6.48415e+15
6.85088e+15
3.93117e+15
1.41614e+16
1.0978e+16
1.51483e+16
9.74227e+15
9.11504e+15
7.71662e+15
4.03979e+15
2.73369e+15
7.52385e+15
4.41327e+15
1.27271e+16
4.87091e+15
1.07728e+16
8.04889e+15
9.29236e+15
8.2682e+15
8.05037e+15
1.07713e+16
1.13994e+16
1.15322e+16
1.34256e+16
8.53102e+15
1.3306e+16
8.80694e+15
1.53429e+16
1.21816e+16
1.91542e+16
1.36436e+16
3.04769e+16
2.92853e+16
4.49011e+16
2.26055e+16
4.6546e+16
3.17276e+16
9.09572e+16
7.22254e+16
1.13955e+17
9.99423e+16
2.0013e+17
1.61222e+17
2.29067e+17
2.03888e+17
3.81039e+17
3.51992e+17
5.37387e+17
4.87676e+17
8.63793e+17
8.59657e+17
1.4688e+18
1.46342e+18
3.15447e+18
3.96695e+18
1.21942e+19
1.80659e+19
1.78052e+18
1.25037e+18
4.71555e+17
3.0235e+17
1.57444e+17
1.05508e+17
5.11844e+16
2.62859e+16
2.39455e+16
1.22373e+16
1.55616e+16
1.16998e+16
6.04359e+15
5.67651e+15
5.72946e+15
2.21448e+15
7.33595e+15
2.38261e+15
1.3978e+15
1.93272e+14
1.44887e+15
2.0439e+14
2.15844e+15
8.78896e+14
1.43107e+15
3.13968e+13
1.01804e+14
5.46263e+13
4.34445e+14
6.02851e+14
9.58665e+14
5.5941e+14
6.14824e+14
4.86076e+14
2.47849e+14
4.96689e+14
9.80122e+11
5.39234e+11
3.19567e+14
3.63634e+14
4.50331e+14
3.59732e+14
1.19905e+14
1.40249e+14
1.99387e+14
1.17022e+14
2.43611e+14
1.07617e+14
2.32734e+14
1.1231e+15
1.48663e+15
5.42336e+14
2.54747e+15
2.56395e+15
1.28347e+15
1.01322e+15
2.18916e+15
1.68158e+15
9.53795e+14
4.38389e+14
4.22394e+14
2.22692e+14
9.61655e+14
2.61185e+14
1.19514e+15
5.25934e+14
3.98997e+14
3.40734e+14
4.50958e+13
1.12466e+13
8.28931e+12
4.97882e+12
5.85496e+12
4.12368e+12
3.14851e+14
9.34969e+13
4.85683e+13
2.17338e+14
3.52486e+14
5.00101e+13
5.10858e+12
8.58713e+11
6.57287e+11
1.12559e+11
4.7694e+12
3.0145e+12
4.82456e+13
4.95303e+14
3.17788e+14
6.48891e+14
8.44721e+14
7.03824e+14
1.02338e+15
1.28588e+15
3.23598e+15
1.62588e+15
6.44581e+14
7.37261e+14
3.15381e+15
5.2658e+15
4.69504e+15
4.34966e+15
5.96346e+15
4.76827e+15
5.44918e+15
6.1155e+15
5.36815e+15
4.67984e+15
6.30231e+15
6.49568e+15
6.09149e+15
3.99644e+15
7.72714e+15
8.65513e+15
8.32858e+15
9.20155e+15
7.56074e+15
5.41817e+15
6.64497e+15
5.08797e+15
6.08208e+15
6.98976e+15
6.61075e+15
6.31355e+15
1.15878e+16
9.99209e+15
7.71441e+15
8.07203e+15
8.85433e+15
8.35736e+15
1.22913e+16
7.19855e+15
8.99626e+15
8.9967e+15
9.89211e+15
9.14781e+15
1.20998e+16
9.89064e+15
1.59366e+16
2.12598e+16
2.89881e+16
2.16633e+16
2.33928e+16
1.9145e+16
1.62219e+16
1.00994e+16
2.03807e+16
1.59788e+16
1.96682e+16
1.43982e+16
1.8897e+16
1.62409e+16
2.31658e+16
1.76981e+16
1.79826e+16
1.79427e+16
2.5976e+16
2.39467e+16
2.59087e+16
2.3491e+16
3.0456e+16
2.86902e+16
3.86224e+16
3.08994e+16
5.23642e+16
3.91415e+16
8.65219e+16
8.43539e+16
1.00167e+17
8.01733e+16
1.10734e+17
1.12766e+17
1.86111e+17
1.50067e+17
2.41487e+17
2.54026e+17
3.73823e+17
3.25956e+17
4.85567e+17
4.46668e+17
7.34575e+17
7.08688e+17
1.06161e+18
1.04651e+18
1.5628e+18
1.54164e+18
2.54015e+18
2.58571e+18
4.81245e+18
5.83297e+18
1.38033e+19
1.88563e+19
1.37699e+18
1.11938e+18
4.95047e+17
3.35485e+17
1.94201e+17
1.23565e+17
5.79005e+16
5.37452e+16
2.88798e+16
2.63851e+16
1.54005e+16
1.00712e+16
9.93408e+15
4.79448e+15
1.33566e+16
1.05216e+16
8.05271e+15
4.40375e+15
6.24802e+15
2.032e+15
2.70078e+15
2.18239e+15
2.28302e+15
1.37175e+15
1.11159e+15
1.95963e+14
2.01844e+15
1.1556e+15
3.20656e+15
2.85113e+15
4.14479e+15
6.65926e+14
5.89802e+14
1.3781e+14
1.96434e+14
1.31067e+14
3.01142e+14
2.95824e+14
8.44868e+14
5.43615e+14
2.65554e+14
2.41768e+14
2.04817e+15
4.57263e+14
1.31479e+14
1.75888e+14
1.86566e+14
9.68931e+13
1.31715e+15
2.5277e+15
2.33132e+15
3.0693e+15
3.92114e+15
3.03558e+15
2.06001e+15
2.04167e+15
3.86526e+15
2.7369e+15
1.05044e+15
6.89914e+14
1.2512e+15
4.23647e+14
1.06867e+15
4.75086e+14
1.94599e+15
1.44621e+15
5.97985e+14
5.39155e+14
5.03197e+13
1.32332e+13
6.28004e+13
7.18236e+13
9.86141e+12
5.92199e+12
8.13169e+14
4.57336e+14
7.52577e+13
2.34791e+14
7.7715e+14
3.42754e+14
4.83324e+13
1.45642e+14
8.30537e+13
1.94733e+13
5.20571e+12
3.1311e+12
1.91827e+14
6.91237e+14
8.54229e+14
1.14906e+15
1.21862e+15
1.02404e+15
1.48462e+15
9.52299e+14
4.06539e+15
1.94395e+15
7.16915e+14
8.36953e+14
4.0419e+15
5.91519e+15
5.22874e+15
4.4735e+15
6.78279e+15
5.28794e+15
6.76929e+15
7.15402e+15
7.43694e+15
6.76617e+15
9.52113e+15
1.05319e+16
7.26295e+15
4.90872e+15
9.45057e+15
9.44318e+15
9.90765e+15
1.15458e+16
8.98125e+15
7.31888e+15
7.16752e+15
6.72563e+15
7.08248e+15
6.46404e+15
1.03736e+16
9.09876e+15
1.31437e+16
1.22445e+16
9.19666e+15
1.00958e+16
1.05513e+16
9.88718e+15
1.72486e+16
1.15347e+16
1.2067e+16
1.09717e+16
1.93962e+16
1.65606e+16
1.88507e+16
1.94663e+16
2.88192e+16
2.46351e+16
5.30883e+16
3.54588e+16
6.05656e+16
4.17115e+16
4.70605e+16
3.32156e+16
5.05328e+16
3.46779e+16
4.12935e+16
2.32498e+16
5.54619e+16
3.51658e+16
5.10356e+16
3.68438e+16
3.81552e+16
4.07264e+16
6.04491e+16
4.55054e+16
6.51293e+16
4.6378e+16
6.5935e+16
5.61067e+16
8.70193e+16
7.67771e+16
1.00838e+17
1.01092e+17
1.53476e+17
1.22035e+17
2.16197e+17
1.86796e+17
2.18649e+17
2.24562e+17
3.59287e+17
3.10875e+17
4.7457e+17
4.32818e+17
5.98792e+17
5.81642e+17
8.579e+17
7.84958e+17
1.19429e+18
1.16871e+18
1.6673e+18
1.63884e+18
2.43117e+18
2.35596e+18
3.68439e+18
3.88768e+18
6.59149e+18
8.00777e+18
1.47487e+19
1.84442e+19
1.2448e+18
1.04587e+18
5.78534e+17
3.6572e+17
1.69231e+17
1.03398e+17
6.44403e+16
5.50596e+16
3.77194e+16
3.52061e+16
2.56561e+16
1.56464e+16
1.62056e+16
1.19063e+16
1.84297e+16
1.33706e+16
8.76819e+15
1.06747e+16
6.34308e+15
5.04052e+15
8.09061e+15
9.0748e+15
5.33835e+15
5.2998e+15
3.77319e+15
3.28484e+15
2.58769e+15
3.28286e+15
5.51334e+15
7.16806e+15
2.70269e+15
1.7471e+15
3.61359e+14
1.20429e+14
1.69768e+15
1.28977e+15
4.90886e+14
6.8035e+14
3.83979e+15
3.28142e+15
1.68741e+15
1.27637e+15
3.33965e+15
1.88923e+15
4.71324e+14
2.62886e+14
2.07616e+15
1.87824e+15
2.79589e+15
3.26035e+15
6.02905e+15
7.20106e+15
4.70141e+15
4.12066e+15
3.29492e+15
3.4545e+15
6.16389e+15
4.48577e+15
1.32761e+15
7.60186e+14
2.04439e+15
8.8642e+14
1.34919e+15
6.0531e+14
2.69904e+15
1.71046e+15
6.28999e+14
1.20631e+15
1.85795e+14
1.54259e+13
7.03599e+13
1.76533e+14
1.47552e+13
1.01997e+13
9.66962e+14
1.46685e+15
1.1711e+14
1.50328e+15
1.19794e+15
6.26542e+14
9.03877e+13
8.71029e+14
1.62084e+14
6.66409e+13
9.83173e+13
1.23787e+14
9.04467e+14
1.6765e+15
1.51324e+15
1.7433e+15
1.96779e+15
1.71824e+15
1.72323e+15
1.71231e+15
4.13758e+15
2.44534e+15
8.1293e+14
1.23475e+15
5.83621e+15
6.94081e+15
6.55759e+15
6.03775e+15
7.1516e+15
5.73231e+15
8.89762e+15
8.00933e+15
1.075e+16
9.02236e+15
1.12898e+16
1.46687e+16
8.77407e+15
5.84725e+15
1.04416e+16
1.15299e+16
1.43102e+16
1.39677e+16
9.60507e+15
8.28674e+15
1.04219e+16
6.99172e+15
7.64639e+15
1.011e+16
1.20546e+16
1.07479e+16
1.68623e+16
1.53307e+16
1.37929e+16
1.43894e+16
1.62584e+16
1.20135e+16
2.36533e+16
2.04755e+16
1.96667e+16
1.78762e+16
3.62756e+16
3.03736e+16
3.50792e+16
3.10233e+16
5.84909e+16
4.36376e+16
1.01267e+17
8.74558e+16
1.01022e+17
8.52279e+16
9.86337e+16
8.83827e+16
7.91077e+16
5.82952e+16
7.86498e+16
7.16823e+16
1.017e+17
8.42536e+16
8.54873e+16
6.152e+16
9.38029e+16
9.05002e+16
1.14126e+17
1.16004e+17
1.1545e+17
9.48177e+16
1.4255e+17
1.22455e+17
1.40186e+17
1.4013e+17
1.85519e+17
1.83767e+17
2.8012e+17
2.07998e+17
3.23013e+17
3.21488e+17
4.29164e+17
4.50832e+17
5.48263e+17
5.26266e+17
6.75509e+17
6.884e+17
9.32322e+17
9.34592e+17
1.26611e+18
1.16212e+18
1.76768e+18
1.66266e+18
2.37439e+18
2.44696e+18
3.32429e+18
3.32418e+18
5.07886e+18
5.28279e+18
8.40124e+18
1.00823e+19
1.59283e+19
1.85166e+19
1.26787e+18
1.07011e+18
4.65004e+17
4.15181e+17
1.38286e+17
1.48103e+17
1.07721e+17
6.23072e+16
4.79068e+16
3.83563e+16
2.67368e+16
1.86174e+16
4.89596e+16
2.98512e+16
2.44271e+16
1.16435e+16
1.07873e+16
1.13396e+16
1.13478e+16
1.20602e+16
7.11424e+15
6.59706e+15
6.48054e+15
5.67738e+15
5.70446e+15
2.13714e+15
7.32635e+15
5.12907e+15
1.02105e+16
6.11796e+15
9.77589e+14
8.20695e+14
7.2833e+15
8.68196e+15
4.82838e+15
2.35298e+15
3.71841e+15
2.93824e+15
8.2788e+15
3.30796e+15
8.29129e+15
5.41807e+15
2.74385e+15
2.21929e+15
1.26871e+15
2.90407e+14
1.20071e+16
5.06103e+15
6.83777e+15
3.703e+15
1.09811e+16
9.62257e+15
9.08303e+15
6.8571e+15
5.73592e+15
4.74885e+15
8.08518e+15
7.21984e+15
3.36955e+15
1.1392e+15
3.68627e+15
2.50008e+15
2.42518e+15
8.48449e+14
3.29287e+15
2.29037e+15
7.95744e+14
1.35568e+15
7.91388e+14
7.16261e+14
7.6784e+13
1.77173e+14
2.06105e+13
1.42489e+13
9.53511e+14
1.49399e+15
1.19344e+14
1.60266e+15
2.4566e+15
1.13171e+15
1.31203e+14
1.66293e+15
9.66313e+14
1.11766e+14
6.44323e+14
9.18457e+14
1.92758e+15
2.2098e+15
3.52438e+15
1.85639e+15
2.27537e+15
1.66676e+15
2.94192e+15
2.49128e+15
6.38151e+15
5.2151e+15
1.18619e+15
1.78487e+15
7.14343e+15
7.60467e+15
7.2904e+15
6.7984e+15
7.79921e+15
5.5436e+15
1.11071e+16
1.12322e+16
1.4545e+16
1.27731e+16
1.33108e+16
1.84253e+16
1.19101e+16
7.84443e+15
1.16977e+16
1.25995e+16
1.60163e+16
1.71772e+16
1.16936e+16
1.08667e+16
1.35697e+16
1.02747e+16
9.08145e+15
1.03333e+16
1.30877e+16
1.42074e+16
2.65603e+16
1.85382e+16
2.01952e+16
1.82381e+16
2.2522e+16
1.65666e+16
2.90048e+16
2.51777e+16
3.35488e+16
2.96403e+16
5.28836e+16
4.50744e+16
5.1507e+16
5.5904e+16
8.15788e+16
7.99852e+16
1.47289e+17
1.63519e+17
2.13326e+17
1.99911e+17
2.11543e+17
1.76777e+17
1.84405e+17
1.36043e+17
1.4688e+17
1.28875e+17
1.6993e+17
1.35591e+17
1.64553e+17
1.29673e+17
1.81655e+17
1.59582e+17
2.01595e+17
1.85012e+17
1.99339e+17
1.56713e+17
2.21731e+17
2.06065e+17
2.60185e+17
2.286e+17
2.99622e+17
3.00705e+17
4.16439e+17
4.16897e+17
5.6091e+17
4.80629e+17
6.46764e+17
6.41921e+17
8.11886e+17
7.75702e+17
1.06187e+18
1.00015e+18
1.36409e+18
1.33785e+18
1.79699e+18
1.67173e+18
2.46647e+18
2.46142e+18
3.25894e+18
3.21144e+18
4.19108e+18
4.24471e+18
6.42806e+18
6.95416e+18
9.99577e+18
1.15021e+19
1.59993e+19
1.84163e+19
9.52635e+17
7.94892e+17
3.82898e+17
2.91254e+17
1.79748e+17
1.33323e+17
8.08766e+16
6.28988e+16
4.48913e+16
6.21022e+16
6.98374e+16
7.44492e+16
6.77753e+16
4.60864e+16
3.32477e+16
1.77291e+16
2.38683e+16
1.0373e+16
1.61331e+16
2.43068e+16
2.89324e+16
1.7833e+16
2.20414e+16
9.4319e+15
1.39134e+16
1.65643e+16
1.53126e+16
2.30647e+16
1.03186e+16
5.02948e+15
1.16614e+16
8.38554e+15
1.31193e+16
1.37265e+16
1.36135e+16
1.11868e+16
1.23498e+16
1.46007e+16
7.47734e+15
8.65379e+15
7.44479e+15
5.99137e+15
6.30816e+15
6.10885e+15
1.37713e+16
1.5841e+16
1.10921e+16
8.49728e+15
1.28007e+16
1.01626e+16
1.61228e+16
1.10739e+16
1.28653e+16
1.23302e+16
9.1647e+15
8.49987e+15
1.1446e+16
8.65433e+15
5.28924e+15
2.29549e+15
6.00397e+15
4.47589e+15
3.77468e+15
1.83186e+15
3.97742e+15
3.14086e+15
1.27792e+15
2.09306e+15
8.93842e+14
7.19994e+14
8.63125e+13
1.78695e+14
3.05369e+13
2.08127e+13
9.47626e+14
1.52594e+15
1.67587e+14
1.66412e+15
2.84345e+15
3.18971e+15
4.10747e+14
2.1922e+15
2.24361e+15
1.15514e+15
2.70325e+15
2.52274e+15
4.53939e+15
3.59085e+15
4.87055e+15
3.36813e+15
3.68823e+15
1.75834e+15
3.56561e+15
6.74888e+15
5.08017e+15
6.20823e+15
1.81466e+15
3.03321e+15
7.97653e+15
7.91421e+15
1.07333e+16
7.51891e+15
8.19314e+15
6.11168e+15
1.47321e+16
1.68457e+16
1.39443e+16
1.33441e+16
1.50008e+16
2.10084e+16
1.30549e+16
8.72686e+15
1.26234e+16
1.48114e+16
1.66304e+16
1.79571e+16
1.31154e+16
1.20382e+16
1.51542e+16
1.26529e+16
1.14868e+16
1.13819e+16
1.74888e+16
1.89488e+16
2.91734e+16
2.58892e+16
1.82694e+16
2.23042e+16
2.92267e+16
2.27354e+16
3.73562e+16
3.20338e+16
5.09571e+16
4.24189e+16
7.19978e+16
6.37438e+16
7.62633e+16
8.02902e+16
1.12576e+17
1.11938e+17
1.94356e+17
2.44545e+17
4.77822e+17
3.95484e+17
5.08211e+17
3.98072e+17
4.54988e+17
2.86677e+17
3.72086e+17
2.63979e+17
3.23992e+17
2.39905e+17
3.2561e+17
2.52537e+17
3.74199e+17
3.10301e+17
3.33702e+17
2.83568e+17
3.59114e+17
2.69494e+17
3.57196e+17
3.56156e+17
4.55457e+17
3.88114e+17
4.72821e+17
4.58269e+17
5.64111e+17
5.58844e+17
7.92496e+17
7.41514e+17
9.53021e+17
9.43213e+17
1.13191e+18
1.11855e+18
1.42792e+18
1.3915e+18
1.8814e+18
1.81475e+18
2.40565e+18
2.26943e+18
3.01387e+18
3.2164e+18
3.98816e+18
4.2012e+18
5.2453e+18
5.19435e+18
7.80298e+18
8.39859e+18
1.15653e+19
1.27904e+19
1.67313e+19
1.86491e+19
8.33011e+17
6.97785e+17
3.73368e+17
2.91043e+17
2.0228e+17
1.71469e+17
1.3555e+17
1.11306e+17
9.40146e+16
8.50987e+16
6.42675e+16
6.47071e+16
3.82787e+16
2.84061e+16
2.06859e+16
2.03975e+16
1.88061e+16
1.44132e+16
4.00276e+16
5.40401e+16
1.38656e+16
1.33153e+16
2.40257e+16
1.32448e+16
1.26067e+16
2.60578e+16
2.90158e+16
2.03815e+16
2.82924e+16
1.81107e+16
2.68284e+16
2.27831e+16
2.45669e+16
2.49071e+16
1.48351e+16
1.3719e+16
2.13071e+16
1.17787e+16
9.52381e+15
1.11744e+16
1.18914e+16
7.52177e+15
2.18594e+16
2.17795e+16
1.81291e+16
1.49771e+16
1.19112e+16
1.42318e+16
2.24177e+16
1.71936e+16
1.89309e+16
1.5649e+16
1.85305e+16
1.36887e+16
1.69617e+16
1.6173e+16
1.56104e+16
1.14539e+16
7.32337e+15
6.61771e+15
1.13448e+16
1.14075e+16
4.37611e+15
4.05876e+15
4.09948e+15
3.22519e+15
2.21894e+15
2.09963e+15
9.1281e+14
7.67055e+14
9.46877e+13
1.84424e+14
3.80391e+13
3.09904e+13
2.66794e+15
1.55651e+15
2.46409e+15
4.0652e+15
4.47637e+15
3.35734e+15
1.55923e+15
2.45984e+15
5.15572e+15
2.35376e+15
4.65536e+15
5.03822e+15
7.2365e+15
6.49423e+15
5.84139e+15
3.80108e+15
5.06665e+15
3.64297e+15
4.03546e+15
8.14541e+15
5.21044e+15
6.30305e+15
1.86046e+15
5.75175e+15
1.0943e+16
9.9457e+15
1.20083e+16
9.28244e+15
1.46407e+16
8.99749e+15
1.70537e+16
1.96659e+16
1.6574e+16
1.4676e+16
1.58129e+16
1.93669e+16
1.55844e+16
8.941e+15
1.39725e+16
1.63823e+16
1.85054e+16
1.88779e+16
1.29186e+16
1.2476e+16
1.54277e+16
1.29625e+16
1.53107e+16
1.47867e+16
1.90937e+16
2.50922e+16
3.05791e+16
2.85373e+16
2.37008e+16
2.52849e+16
3.86892e+16
2.74943e+16
4.74069e+16
4.35889e+16
6.59774e+16
6.15349e+16
9.12364e+16
8.62727e+16
8.82004e+16
1.06972e+17
1.53801e+17
1.5432e+17
2.34169e+17
3.00981e+17
6.80239e+17
6.60206e+17
7.79175e+17
7.12907e+17
7.44405e+17
6.33493e+17
6.50969e+17
5.35521e+17
6.386e+17
5.48018e+17
6.45074e+17
5.36066e+17
7.13703e+17
5.45948e+17
6.90749e+17
5.04846e+17
6.099e+17
4.90164e+17
5.53323e+17
5.21948e+17
7.4455e+17
6.32198e+17
7.82281e+17
6.56432e+17
9.36971e+17
8.16688e+17
1.05305e+18
9.46517e+17
1.27955e+18
1.3169e+18
1.63025e+18
1.60496e+18
2.0899e+18
1.86657e+18
2.36687e+18
2.34285e+18
3.1371e+18
3.02199e+18
3.81947e+18
3.84869e+18
4.87297e+18
4.81729e+18
6.34288e+18
6.62097e+18
8.82839e+18
9.67239e+18
1.2729e+19
1.35348e+19
1.69973e+19
1.90281e+19
7.307e+17
5.32502e+17
2.87439e+17
2.53908e+17
1.30212e+17
1.49872e+17
9.27471e+16
8.97549e+16
8.7845e+16
5.7107e+16
6.365e+16
4.6453e+16
2.83152e+16
2.91073e+16
3.29022e+16
3.51159e+16
4.6727e+16
4.94282e+16
4.75101e+16
4.98499e+16
1.77946e+16
2.33339e+16
2.15837e+16
1.42659e+16
2.01662e+16
2.2674e+16
5.91108e+16
3.89128e+16
3.97504e+16
3.25203e+16
4.6534e+16
5.00933e+16
1.80792e+16
2.13629e+16
1.09099e+16
1.04891e+16
1.48994e+16
2.1646e+16
1.94099e+16
1.93916e+16
1.60148e+16
1.80783e+16
2.31414e+16
1.9575e+16
1.76816e+16
1.29396e+16
1.96668e+16
2.11937e+16
2.82373e+16
1.93414e+16
3.02649e+16
2.43668e+16
1.78368e+16
1.87157e+16
2.53873e+16
1.74839e+16
2.28667e+16
1.44702e+16
9.89845e+15
1.21915e+16
1.83623e+16
1.57232e+16
1.05831e+16
4.24642e+15
1.43122e+16
8.1543e+15
8.83985e+15
2.80637e+15
1.18027e+16
1.36537e+15
1.65917e+14
1.89034e+14
6.67191e+13
1.1062e+14
2.82259e+15
2.48072e+15
2.46066e+15
7.9935e+15
6.3978e+15
5.80109e+15
3.32377e+15
6.46323e+15
4.40077e+15
4.61521e+15
1.23585e+16
9.61498e+15
1.12922e+16
1.02361e+16
6.25578e+15
3.94347e+15
5.41987e+15
3.38524e+15
5.43707e+15
1.04002e+16
4.99588e+15
6.23154e+15
1.15286e+16
8.6312e+15
1.32122e+16
1.32654e+16
9.54695e+15
1.02019e+16
1.62446e+16
1.5368e+16
1.57737e+16
2.03204e+16
1.76548e+16
1.6745e+16
2.20415e+16
1.98874e+16
1.16249e+16
9.34753e+15
1.99074e+16
1.894e+16
2.38034e+16
2.32957e+16
1.48875e+16
1.33634e+16
1.79056e+16
1.31979e+16
1.87408e+16
1.85521e+16
2.31863e+16
2.47292e+16
3.89428e+16
3.3509e+16
3.1037e+16
3.66031e+16
6.09151e+16
3.99723e+16
7.32897e+16
5.60297e+16
7.86343e+16
7.61087e+16
1.35223e+17
1.16758e+17
1.16407e+17
1.22404e+17
2.32682e+17
2.08186e+17
2.88429e+17
3.43942e+17
7.74678e+17
9.93342e+17
1.11853e+18
1.00601e+18
1.15269e+18
9.76848e+17
1.07284e+18
9.48607e+17
9.71603e+17
8.46973e+17
1.20029e+18
1.04687e+18
1.20325e+18
1.04468e+18
1.10494e+18
1.03112e+18
1.2344e+18
9.6774e+17
1.19651e+18
7.71283e+17
1.16553e+18
1.25136e+18
1.42659e+18
1.18237e+18
1.54961e+18
1.4247e+18
1.48123e+18
1.66334e+18
2.17843e+18
1.77876e+18
2.28141e+18
2.32752e+18
2.77947e+18
2.84853e+18
3.42539e+18
2.92934e+18
3.80803e+18
4.08578e+18
5.08179e+18
4.8214e+18
5.83288e+18
5.94902e+18
7.28854e+18
7.39481e+18
9.98134e+18
1.05392e+19
1.36495e+19
1.44193e+19
1.72904e+19
1.92298e+19
1.14537e+17
2.70134e+16
1.32102e+16
8.88449e+15
1.00776e+16
8.81989e+15
4.45106e+13
1.82833e+15
1.24152e+15
5.21409e+15
1.43283e+16
1.08599e+17
2.14923e+16
1.36818e+16
7.12032e+16
5.09398e+15
7.36384e+15
8.80722e+15
5.59378e+16
6.07825e+15
2.07385e+16
6.43828e+16
2.23498e+16
2.84343e+16
1.12837e+16
6.18636e+15
1.2677e+16
1.54304e+16
1.8936e+16
1.45328e+16
1.44609e+16
1.91211e+16
1.18477e+16
2.09155e+16
1.07361e+16
2.45418e+16
2.11746e+16
9.96296e+15
1.54577e+16
1.86996e+16
1.06586e+16
5.00713e+15
4.66639e+15
1.00352e+16
2.94585e+15
6.11952e+15
4.75432e+15
3.371e+15
8.70687e+14
