6.64459e+16
2.92447e+17
5.94853e+16
6.30963e+16
2.81346e+17
2.5608e+17
2.57404e+17
7.74108e+16
6.71539e+16
7.49943e+16
1.09001e+17
1.76551e+17
2.2548e+17
2.64164e+17
3.13818e+17
2.6148e+17
3.19574e+17
9.46122e+16
2.72329e+17
2.27832e+17
2.07299e+17
3.10843e+17
2.89756e+17
9.47022e+16
7.33746e+16
9.1306e+16
2.83362e+17
2.1861e+17
2.57487e+17
1.89777e+17
2.01272e+17
8.73018e+16
8.54993e+16
8.69374e+16
8.82189e+18
7.72201e+18
9.93096e+18
6.18165e+18
1.19314e+19
5.54427e+18
1.41203e+19
1.82999e+17
4.84731e+18
2.02439e+19
4.81201e+18
2.14248e+17
3.77536e+18
3.51105e+18
2.22894e+17
3.02932e+17
2.54988e+19
2.72978e+18
2.96373e+18
8.8277e+16
2.45841e+18
3.12847e+18
3.82357e+18
2.08975e+18
4.51942e+18
1.57579e+18
3.16645e+17
2.70406e+17
3.64441e+17
6.4032e+18
1.95148e+17
4.98367e+17
2.96758e+18
1.08771e+18
1.75299e+17
5.87146e+17
7.88171e+18
1.46252e+17
7.65633e+17
7.40321e+17
1.21645e+17
2.7356e+18
9.50154e+17
1.18383e+17
6.39668e+17
1.13831e+17
2.35259e+18
8.28152e+16
9.79827e+16
6.48762e+17
1.11867e+17
1.96509e+18
1.16212e+17
6.56724e+17
7.26778e+18
7.06498e+18
6.31602e+18
8.40413e+18
1.01898e+19
5.22217e+18
1.23317e+19
1.14997e+17
1.86763e+18
4.82886e+18
1.46275e+19
2.48049e+17
1.55462e+18
5.47199e+18
1.61971e+18
4.03995e+18
6.89011e+17
1.32544e+17
1.7546e+19
1.06344e+19
1.28067e+19
1.56214e+18
1.77945e+18
3.71051e+18
1.66132e+18
1.62005e+18
1.10603e+17
4.31473e+18
3.1245e+18
7.39567e+17
1.15348e+17
2.93491e+18
1.57737e+18
1.02552e+17
1.57155e+18
9.36745e+17
1.11542e+17
2.60354e+18
8.67264e+16
3.37916e+18
9.31576e+17
1.2511e+17
3.49156e+18
2.56356e+18
1.92733e+18
2.62502e+18
1.5761e+18
1.03989e+18
2.37641e+18
5.15932e+18
2.98397e+17
1.36874e+17
4.4116e+17
4.08205e+15
1.52932e+18
1.24788e+18
2.14899e+18
1.49595e+18
2.28559e+17
2.47002e+17
6.22587e+17
3.22779e+15
6.99318e+18
2.92268e+18
8.52617e+18
3.19714e+16
2.06968e+18
2.45664e+16
5.86221e+18
4.13488e+16
1.70787e+17
1.16131e+19
1.89331e+18
2.3098e+17
2.01824e+16
5.04903e+18
1.20228e+17
4.57334e+15
1.81055e+18
1.52986e+17
1.65077e+18
2.11354e+18
1.60778e+18
1.37871e+18
1.30475e+18
7.09377e+17
3.70402e+18
2.08207e+19
5.89926e+18
1.41425e+17
2.43601e+17
4.52498e+18
3.60646e+18
3.06278e+18
1.69696e+18
1.83113e+18
3.48835e+17
4.13122e+17
2.91091e+17
1.23997e+18
5.04527e+18
1.58916e+18
1.29581e+17
3.32077e+18
2.24563e+17
3.57275e+18
5.72917e+17
7.18792e+17
4.62172e+17
7.95012e+17
1.61356e+18
2.03904e+17
1.20126e+17
5.4907e+18
2.78553e+18
2.27514e+18
9.36687e+16
7.89213e+16
1.28541e+17
1.64406e+17
1.57454e+18
1.69066e+18
1.73588e+18
9.03534e+15
2.3576e+16
2.32925e+18
1.40834e+18
1.16479e+18
1.10753e+18
2.00547e+18
1.57899e+17
2.07117e+18
1.95096e+18
6.21952e+18
5.92631e+18
5.05316e+18
4.52134e+18
4.77242e+18
4.04552e+18
6.41476e+18
7.79742e+16
2.5672e+16
6.49171e+18
8.87274e+18
2.0015e+16
7.92547e+16
1.70852e+18
4.45195e+18
3.76972e+18
8.8466e+18
1.06588e+19
1.41999e+18
1.61087e+18
8.27058e+17
1.48498e+17
2.00232e+18
1.02214e+19
4.41592e+18
2.51575e+17
2.47455e+17
2.33395e+17
1.11928e+17
1.25592e+17
5.19796e+18
2.56725e+15
3.70356e+15
8.35666e+15
3.5429e+15
1.73755e+18
1.54058e+17
5.14615e+15
2.97138e+18
1.46192e+18
7.63965e+18
8.80572e+18
1.05217e+16
2.72384e+18
2.02429e+17
6.5022e+17
1.13756e+18
8.36724e+17
1.77074e+15
6.39925e+15
3.40877e+18
1.02042e+16
2.32316e+17
2.4702e+18
2.4535e+17
3.691e+17
3.17469e+17
2.67758e+17
3.18886e+17
2.57206e+17
2.46474e+17
2.36593e+17
2.24785e+17
1.31994e+18
1.1618e+18
1.20695e+17
1.94756e+18
2.68793e+17
1.60472e+18
4.12471e+15
2.1136e+16
1.40517e+18
4.20691e+15
3.32818e+17
2.77166e+17
1.23835e+18
2.25322e+18
2.75523e+18
2.61464e+18
8.69149e+16
6.96516e+16
2.03842e+17
1.96943e+17
9.01811e+16
8.95256e+16
7.62671e+16
1.29107e+17
1.05911e+17
8.8436e+16
8.0781e+16
2.00989e+17
1.57169e+17
1.37073e+17
1.15276e+17
1.14031e+17
9.45323e+16
2.51657e+17
2.15318e+17
1.84689e+17
1.16078e+17
1.5662e+18
3.20548e+16
2.55086e+15
6.7222e+15
2.04243e+16
5.50106e+15
2.54892e+16
8.33818e+14
1.09682e+16
2.56593e+15
4.3005e+15
3.06119e+16
2.98468e+16
3.36458e+16
3.32814e+16
3.60437e+16
2.57524e+16
1.18863e+16
1.41314e+16
2.80307e+16
3.04718e+16
3.00888e+16
2.0964e+16
2.80741e+16
3.06467e+16
2.70214e+16
1.79661e+16
2.5582e+16
2.59119e+16
2.69482e+16
2.73659e+16
2.62397e+16
1.72552e+16
2.09604e+16
1.39229e+16
1.69759e+16
2.09106e+16
1.27208e+16
5.16779e+16
5.40867e+16
6.22043e+16
6.96007e+16
7.32945e+16
3.79112e+16
4.39207e+16
3.94927e+16
3.89326e+16
3.6376e+16
4.70362e+16
4.85584e+16
5.64642e+16
4.89894e+16
4.8402e+16
5.81071e+16
5.999e+16
6.47134e+16
2.32011e+17
1.82158e+17
7.02106e+16
6.07044e+16
6.38296e+16
6.89193e+16
7.61337e+16
2.08406e+17
3.42894e+16
3.17153e+16
5.34327e+16
5.36653e+16
2.37157e+16
2.46781e+16
2.4729e+16
2.43022e+16
2.34329e+16
2.15633e+16
2.39502e+16
2.49175e+16
2.43825e+16
2.43636e+16
2.41849e+16
1.82486e+16
2.15097e+16
2.26956e+16
2.51653e+16
1.67138e+16
1.52958e+17
1.66234e+17
1.30798e+17
1.71008e+17
5.3144e+15
1.09267e+16
4.73299e+16
2.93462e+16
1.47193e+16
9.60976e+15
9.81608e+15
8.66844e+15
3.99803e+16
3.4632e+16
4.40071e+16
4.1674e+16
3.23754e+16
3.16209e+16
2.03906e+16
1.65921e+16
1.13043e+16
3.00125e+15
2.68959e+15
5.40331e+15
2.0175e+16
2.45012e+16
3.62857e+16
4.60784e+16
5.28612e+16
3.35705e+16
2.2316e+16
1.54783e+15
3.04205e+15
2.1146e+15
1.63942e+16
4.76072e+16
1.41019e+15
1.10518e+17
1.05828e+17
1.14302e+17
2.46978e+15
1.9471e+15
2.16165e+15
1.68918e+17
1.58222e+17
5.11359e+16
1.72473e+17
1.60078e+16
1.4924e+16
1.62648e+16
1.53727e+16
6.79636e+15
1.47813e+17
1.40236e+17
2.00317e+17
7.60334e+15
7.65965e+17
9.46638e+17
5.30221e+17
1.37056e+18
1.26924e+18
1.08862e+18
1.10635e+18
6.33898e+15
1.1635e+16
8.99905e+15
1.05963e+16
8.61842e+15
7.53203e+16
8.35801e+16
2.22481e+17
2.05927e+17
1.37245e+17
1.27818e+17
1.95666e+18
6.83163e+15
1.18422e+17
1.09967e+17
1.26133e+17
1.32226e+17
1.59294e+17
8.07248e+17
9.94604e+16
8.76782e+16
2.74352e+17
4.41881e+15
1.30905e+16
5.40413e+15
1.46643e+16
6.26574e+16
3.80287e+16
5.06862e+16
8.04197e+16
6.85591e+16
6.22931e+16
4.868e+16
1.45275e+16
5.11893e+15
5.47156e+15
4.14276e+16
2.95533e+16
2.26277e+16
1.79163e+16
7.47998e+16
7.75408e+16
4.24362e+17
1.15477e+16
9.66186e+15
6.5137e+15
6.66389e+15
1.02944e+16
8.81271e+15
1.17809e+16
1.36804e+16
2.1426e+16
2.36667e+16
8.72568e+16
9.60323e+16
9.71859e+16
8.07694e+16
7.1095e+16
7.38062e+16
1.22302e+17
1.74703e+17
1.45894e+17
9.76614e+16
8.8525e+16
1.09857e+17
4.16163e+17
3.14507e+17
1.07126e+17
3.38946e+17
3.22561e+17
3.96059e+17
2.91072e+17
2.05416e+16
2.2789e+16
5.89184e+16
6.26995e+16
2.14111e+16
2.24354e+16
4.67401e+17
5.62364e+17
4.85167e+17
6.72725e+17
5.47967e+17
2.13834e+16
1.6588e+16
1.82407e+16
1.89506e+17
1.94955e+17
1.87934e+17
1.21141e+16
1.23283e+16
3.44683e+15
1.5418e+15
1.15686e+16
1.15274e+16
1.02555e+16
8.95658e+15
7.56217e+15
5.20135e+15
2.48806e+17
2.03819e+17
3.38316e+16
2.62029e+17
2.62348e+15
1.61572e+15
3.16802e+16
2.00863e+16
2.02047e+16
2.56425e+16
1.05154e+16
1.86289e+16
2.64883e+16
1.54234e+15
2.23788e+15
1.88144e+15
2.37906e+15
2.6035e+15
3.31536e+15
3.91114e+16
2.45877e+16
2.37494e+16
1.52025e+16
1.6881e+16
1.54788e+16
1.89028e+16
2.39252e+16
2.41818e+16
2.77141e+16
7.281e+15
1.23992e+17
8.0154e+15
1.13149e+15
1.30917e+17
7.73039e+15
6.44355e+15
1.14463e+16
8.53086e+15
1.0723e+16
1.06557e+16
8.37003e+15
9.42863e+15
1.08036e+16
7.29955e+15
2.75701e+16
2.82206e+16
1.64182e+15
1.94197e+15
4.82514e+16
4.10812e+15
2.18007e+15
1.65773e+16
2.73627e+16
3.87628e+16
3.74261e+16
4.04048e+16
3.85019e+16
3.22467e+16
1.5113e+16
2.72422e+16
1.2746e+16
9.42904e+15
1.24589e+16
9.69361e+15
2.04779e+16
1.7512e+16
9.76809e+16
5.05894e+15
1.60288e+17
1.65437e+17
1.49444e+17
2.66859e+16
4.36901e+16
8.84026e+16
7.76091e+16
8.36256e+16
7.80888e+16
9.44938e+16
7.15859e+16
6.60314e+16
7.90835e+16
3.71654e+16
5.33245e+16
1.05388e+16
1.36094e+16
2.59542e+16
2.38319e+16
5.26684e+16
1.93447e+16
2.727e+16
2.43787e+16
5.45144e+16
6.23188e+16
5.82438e+16
6.43468e+16
1.72371e+15
2.06932e+15
4.60337e+16
2.7513e+16
1.78034e+16
1.42964e+16
1.30997e+16
1.43093e+16
2.47096e+16
1.17585e+16
1.7084e+16
2.58222e+16
2.49905e+16
2.49816e+16
2.44105e+16
2.55699e+16
2.5065e+16
2.51191e+16
2.39116e+16
2.19744e+16
1.65017e+16
1.81446e+16
2.83267e+16
2.29221e+16
2.22412e+16
2.83747e+16
2.31181e+16
3.19318e+16
2.79947e+16
2.50445e+16
2.73183e+16
2.70196e+16
2.46153e+16
3.36125e+16
2.07624e+16
2.07544e+16
1.63207e+16
2.59854e+16
2.47835e+16
2.57374e+16
1.54781e+16
2.56436e+15
1.25229e+16
9.40495e+15
2.04739e+16
1.65675e+16
2.04534e+16
2.06055e+16
2.18768e+15
3.38931e+16
4.51103e+16
3.73302e+16
2.77022e+16
1.96809e+16
2.09074e+15
2.6471e+15
2.05764e+15
1.86297e+15
5.49084e+16
5.35851e+16
1.46593e+16
1.29848e+16
1.24118e+16
1.46486e+16
2.84154e+16
3.08865e+16
3.76364e+16
1.96769e+16
1.96658e+16
1.93754e+16
2.37496e+16
2.06171e+16
2.17471e+16
2.43502e+16
2.15636e+16
2.51901e+16
2.5006e+16
2.52917e+16
4.68584e+16
1.74399e+16
1.08108e+16
1.23635e+16
2.25341e+16
2.08958e+16
2.10524e+16
2.07007e+16
2.41393e+16
1.85499e+16
1.78662e+16
1.91894e+16
1.8668e+16
3.22121e+16
3.27179e+16
2.77068e+16
2.43493e+16
2.52035e+16
3.30958e+16
1.83123e+16
1.81021e+16
1.43172e+16
1.34739e+16
1.44295e+16
1.02226e+16
1.46677e+16
9.7316e+15
1.18395e+16
1.33685e+16
1.34319e+16
1.3072e+16
1.41065e+16
1.62242e+16
1.27587e+16
1.39703e+16
4.79686e+16
5.11778e+16
4.71727e+16
4.71388e+16
5.1247e+16
2.7212e+16
2.81835e+16
8.47511e+15
4.47343e+15
3.03653e+15
9.2633e+15
1.07432e+16
1.77197e+16
2.36463e+16
3.30985e+16
3.04532e+16
3.10207e+16
2.02568e+16
2.97775e+16
2.05579e+16
3.68332e+16
3.48994e+16
2.39091e+16
3.27533e+16
2.86904e+16
1.69805e+16
3.5176e+16
1.18864e+16
1.83425e+16
9.54579e+15
3.90448e+15
4.85e+15
1.72801e+15
6.20159e+15
9.06544e+15
1.23619e+16
1.52314e+16
4.99353e+15
6.08885e+15
7.08054e+15
2.12777e+16
2.11941e+16
2.55902e+16
2.32607e+16
2.50618e+16
2.22172e+16
2.55069e+16
3.02156e+16
3.34673e+16
3.33795e+16
3.80008e+16
3.77768e+16
3.30935e+16
2.41348e+16
2.24815e+16
3.01446e+16
2.73471e+16
2.1605e+16
2.16412e+16
2.22309e+16
3.52967e+16
3.83799e+16
3.67412e+16
4.08256e+16
3.68116e+16
3.33973e+16
3.05522e+16
2.48963e+16
1.86539e+16
2.40801e+16
1.93964e+16
1.78334e+16
1.04579e+16
2.28057e+16
2.41442e+16
3.71222e+16
3.88291e+16
4.6558e+16
3.93739e+16
5.1023e+16
4.21845e+16
3.97184e+16
4.32302e+16
1.7265e+16
1.42749e+16
4.37656e+16
5.82469e+15
1.43029e+16
3.29826e+16
3.54519e+16
3.3286e+16
3.73796e+16
4.33241e+16
3.94879e+16
4.03784e+16
4.42243e+16
3.12719e+16
2.80477e+16
2.91859e+16
3.21861e+16
2.99051e+16
3.72131e+16
3.0464e+16
3.45299e+16
2.13503e+16
1.62501e+16
1.11005e+16
3.30368e+16
3.55341e+16
4.26545e+16
3.84002e+16
1.73921e+16
2.42678e+16
2.98111e+16
2.92109e+16
2.74594e+16
2.53574e+16
2.26165e+16
1.6971e+16
2.17077e+16
1.50783e+16
7.96511e+15
2.12317e+16
1.6472e+16
1.49875e+16
3.14472e+16
1.95445e+16
3.14618e+16
3.29759e+16
1.1474e+16
3.60483e+15
2.97723e+15
4.0887e+16
4.53372e+16
4.51705e+16
3.84853e+16
1.2355e+16
4.01007e+15
3.54714e+16
3.35113e+16
3.82118e+16
2.48804e+16
1.1714e+16
2.77609e+16
2.33666e+16
3.21728e+16
2.10035e+16
3.16175e+16
2.58822e+16
2.7312e+16
1.8569e+16
2.85003e+16
2.9204e+16
2.33083e+16
2.11285e+16
1.70905e+16
1.6409e+16
3.2617e+15
2.91496e+16
4.97325e+16
4.8032e+17
4.76544e+16
4.3828e+16
4.02424e+16
3.12685e+16
2.06057e+16
4.22034e+16
1.02293e+17
1.14325e+17
1.12468e+17
2.40443e+15
1.18745e+16
1.27166e+16
1.73905e+16
1.89232e+16
4.19741e+16
4.55154e+16
3.1263e+15
3.50629e+15
1.87983e+15
1.9834e+16
6.53502e+15
3.29239e+15
1.48853e+16
2.03929e+16
2.74396e+16
2.40768e+16
2.16183e+16
4.46182e+16
1.3047e+15
1.56358e+16
3.91441e+16
1.42715e+16
2.92491e+16
9.88177e+15
1.71419e+16
7.74708e+15
1.85634e+15
1.14914e+16
1.9038e+16
9.02656e+15
7.29683e+15
1.34221e+16
1.32416e+16
1.26677e+16
7.2704e+15
6.87536e+16
7.18715e+16
6.71549e+16
6.57003e+16
1.7476e+16
1.73044e+16
1.50959e+16
1.95684e+16
1.3353e+16
2.04194e+16
3.28206e+16
2.52477e+16
1.60141e+16
1.28155e+16
2.41318e+15
4.32256e+15
1.47235e+16
1.34129e+16
1.41651e+17
1.02891e+17
1.25858e+17
4.97086e+15
1.70997e+16
3.82711e+16
4.25819e+15
1.99126e+16
1.90797e+16
1.999e+16
1.89093e+16
1.0633e+16
1.4684e+16
2.09864e+16
2.15085e+16
2.47711e+16
1.47082e+16
7.49218e+15
2.86972e+15
1.09427e+16
2.71195e+16
1.08534e+16
5.81109e+16
1.63029e+17
1.00516e+16
1.35819e+16
2.69859e+16
1.40053e+16
3.06659e+16
3.19622e+16
1.62132e+16
2.54652e+16
1.45129e+16
1.41826e+16
1.69865e+16
1.78772e+16
1.04857e+16
7.97738e+15
1.42628e+16
1.11384e+16
2.81496e+16
1.59368e+16
2.67565e+16
2.29289e+16
2.18117e+16
7.56305e+15
4.47329e+15
7.9948e+15
5.53249e+15
7.71257e+15
2.37886e+19
1.87304e+19
1.60286e+19
1.51805e+19
1.42424e+19
1.28582e+19
1.10198e+19
1.01362e+19
9.22707e+18
8.58057e+18
7.39159e+18
6.76492e+18
5.94391e+18
5.56073e+18
5.28231e+18
5.03014e+18
4.83564e+18
4.56464e+18
4.36916e+18
4.18075e+18
3.74359e+18
3.81408e+18
3.41721e+18
3.31415e+18
3.02934e+18
2.90771e+18
2.89797e+18
2.71332e+18
2.63046e+18
2.39823e+18
2.27867e+18
1.94458e+18
1.81304e+18
1.83546e+18
1.68935e+18
1.52926e+18
1.52752e+18
1.59209e+18
1.49419e+18
1.39407e+18
1.54787e+18
1.53121e+18
1.46761e+18
1.49347e+18
1.46463e+18
1.44007e+18
1.48693e+18
1.45702e+18
1.03645e+12
9.13952e+11
1.10784e+12
9.40672e+11
1.16349e+12
7.46883e+11
3.21254e+13
1.97538e+13
7.60228e+12
1.88742e+13
5.33668e+13
6.29553e+13
6.67055e+12
1.67995e+13
3.4734e+13
8.31052e+12
5.72757e+13
1.93087e+13
9.90526e+11
1.08004e+12
1.07946e+12
9.61277e+11
1.0705e+12
1.06734e+12
1.30935e+12
1.15499e+12
9.98373e+11
8.92264e+11
1.05999e+12
8.57118e+11
1.10258e+12
9.04584e+11
1.09547e+12
1.02966e+12
1.06106e+12
8.67683e+11
1.2599e+12
9.95924e+11
9.86911e+11
9.09237e+11
7.13204e+11
8.22956e+11
1.03808e+12
9.93722e+11
1.30439e+12
9.86676e+12
2.96092e+12
3.80825e+13
3.30531e+12
1.85128e+12
1.65581e+13
3.94521e+13
6.79064e+13
5.44109e+13
1.74785e+14
1.55634e+14
1.06366e+14
9.16603e+13
1.19639e+14
7.77468e+13
3.9865e+13
4.76255e+13
4.82492e+13
9.32951e+13
8.14316e+13
7.84698e+13
7.93539e+13
5.92871e+13
7.90239e+13
6.03271e+13
1.76396e+13
8.42061e+12
9.92188e+13
7.31421e+13
8.09269e+13
5.78047e+13
1.02622e+14
6.17714e+13
4.39774e+13
4.80599e+13
3.75073e+13
4.57908e+13
2.17505e+13
1.81079e+13
9.98909e+12
2.66386e+13
2.39748e+13
9.07342e+12
1.04162e+12
9.17218e+11
1.22645e+12
8.85074e+11
1.11756e+12
9.64282e+11
9.63262e+11
6.65515e+11
1.43978e+18
1.4165e+18
1.49277e+18
1.50373e+18
1.57014e+18
1.56029e+18
1.45118e+18
1.51991e+18
1.4327e+18
1.38127e+18
1.28408e+18
1.22738e+18
1.06405e+18
9.42377e+17
7.24067e+17
6.75713e+17
5.94402e+17
5.86162e+17
5.04186e+17
5.43945e+17
4.31738e+17
4.63034e+17
4.45338e+17
4.32751e+17
4.82995e+17
4.88393e+17
4.74929e+17
5.71912e+17
8.02482e+17
1.10582e+18
1.40691e+18
1.54625e+18
1.57924e+18
1.73274e+18
1.95312e+18
2.04496e+18
2.25314e+18
2.43472e+18
2.75546e+18
2.94673e+18
3.05472e+18
3.48107e+18
4.19194e+18
4.63513e+18
6.07072e+18
6.58113e+18
1.0658e+19
1.50536e+19
2.42962e+19
2.16648e+19
1.77376e+19
1.6301e+19
1.54896e+19
1.39283e+19
1.17957e+19
1.09264e+19
9.49185e+18
8.59414e+18
7.42742e+18
6.90437e+18
6.32753e+18
5.54308e+18
5.36681e+18
5.17308e+18
4.96652e+18
4.93076e+18
4.27662e+18
4.0087e+18
3.77731e+18
3.71712e+18
3.35988e+18
3.26176e+18
2.99855e+18
2.87403e+18
2.75329e+18
2.73927e+18
2.52532e+18
2.36413e+18
2.2492e+18
2.18662e+18
1.76727e+18
1.74885e+18
1.53018e+18
1.58238e+18
1.47819e+18
1.45892e+18
1.40315e+18
1.39395e+18
1.45142e+18
1.4102e+18
1.44023e+18
1.40139e+18
1.53349e+18
1.50569e+18
1.54251e+18
1.40616e+18
1.68291e+12
1.71451e+12
1.38286e+12
1.35323e+12
1.08242e+12
1.05544e+12
3.0855e+13
2.09908e+13
1.05677e+13
2.61575e+13
4.4284e+13
6.50133e+13
3.14208e+13
1.78875e+13
4.82698e+13
1.04634e+13
6.7999e+13
8.61881e+12
1.28903e+12
1.25261e+12
1.20984e+12
1.25159e+12
1.1194e+12
1.26921e+12
1.39416e+12
1.30484e+12
1.18013e+12
1.31256e+12
1.38035e+12
1.37052e+12
1.32081e+12
1.36731e+12
1.4513e+12
1.32485e+12
1.16335e+12
1.06696e+12
1.374e+12
1.1051e+12
1.61017e+12
1.63927e+12
1.12801e+12
1.03928e+12
1.25057e+12
1.21509e+12
2.01523e+12
6.91265e+12
5.04862e+12
3.09116e+13
9.93569e+12
2.16477e+12
1.72801e+13
3.92625e+13
6.32542e+13
1.1164e+14
1.80208e+14
1.97422e+14
9.28246e+13
8.84421e+13
1.24872e+14
7.22696e+13
4.12403e+13
6.84727e+13
1.43498e+14
9.55726e+13
5.78983e+13
8.79645e+13
2.2314e+14
1.04758e+14
1.05224e+14
8.38935e+13
2.00116e+13
1.54623e+13
7.95852e+13
8.64224e+13
8.52367e+13
6.39749e+13
1.21183e+14
6.8156e+13
6.05929e+13
7.08379e+13
4.0475e+13
5.00627e+13
7.3838e+13
4.52731e+13
5.5745e+13
2.69756e+13
2.34878e+13
9.26135e+12
1.1601e+12
1.15212e+12
1.32833e+12
1.36619e+12
1.38854e+12
1.52797e+12
1.08261e+12
1.23718e+12
1.3568e+18
1.40561e+18
1.58999e+18
1.5121e+18
1.51511e+18
1.56228e+18
1.40718e+18
1.36195e+18
1.39966e+18
1.34832e+18
1.17006e+18
1.17086e+18
9.95734e+17
9.75146e+17
6.77585e+17
6.2611e+17
5.17676e+17
5.89591e+17
4.5131e+17
4.65026e+17
3.7676e+17
3.96269e+17
3.85487e+17
4.03834e+17
4.26171e+17
4.48135e+17
4.81971e+17
5.24582e+17
7.77707e+17
1.14704e+18
1.36385e+18
1.49016e+18
1.63853e+18
1.71238e+18
1.91601e+18
2.02406e+18
2.13124e+18
2.40216e+18
2.57947e+18
2.73833e+18
3.25045e+18
3.56874e+18
4.22643e+18
4.58488e+18
6.33639e+18
7.58842e+18
1.17979e+19
2.03367e+19
2.37875e+19
2.15816e+19
1.95685e+19
1.79659e+19
1.61111e+19
1.45335e+19
1.22031e+19
1.13055e+19
9.26962e+18
8.45586e+18
7.55015e+18
6.9935e+18
6.01155e+18
5.8464e+18
5.21378e+18
4.89249e+18
4.46872e+18
4.43683e+18
4.14134e+18
3.95186e+18
3.73231e+18
3.64813e+18
3.28389e+18
3.21007e+18
2.75303e+18
2.84166e+18
2.56629e+18
2.64072e+18
2.38808e+18
2.29244e+18
2.11863e+18
1.9535e+18
1.56725e+18
1.48973e+18
1.39868e+18
1.51901e+18
1.28193e+18
1.34102e+18
1.34708e+18
1.35871e+18
1.39548e+18
1.41759e+18
1.34346e+18
1.40069e+18
1.41487e+18
1.3684e+18
1.51002e+18
1.52281e+18
1.40735e+12
1.40869e+12
1.56763e+12
1.67357e+12
1.19855e+12
1.39939e+12
3.03065e+13
2.14582e+13
1.10621e+13
3.81364e+13
3.13415e+13
6.69999e+13
2.36854e+13
6.71744e+13
5.57047e+13
1.07082e+14
9.73133e+12
1.71999e+12
1.61648e+12
1.37782e+12
1.22012e+12
1.45817e+12
1.51121e+12
1.33691e+12
1.72723e+12
1.35555e+12
1.42582e+12
1.30826e+12
1.57083e+12
1.60886e+12
1.49673e+12
1.68204e+12
1.37266e+12
1.49802e+12
1.43433e+12
1.39051e+12
1.48298e+12
1.62554e+12
1.28185e+12
1.67936e+12
1.424e+12
1.41994e+12
1.32769e+12
1.52125e+12
2.06686e+12
4.60984e+12
6.73405e+12
1.97289e+13
2.04057e+13
2.99407e+12
1.80796e+13
3.89874e+13
6.75216e+13
1.15338e+14
2.0752e+14
1.76673e+14
9.27537e+13
9.32146e+13
1.63961e+14
8.69242e+13
6.04114e+13
9.29513e+13
1.35956e+14
1.08398e+14
8.51908e+13
7.18066e+13
2.49246e+14
1.28225e+14
1.06569e+14
1.01824e+14
2.27133e+13
1.50103e+13
8.28249e+13
8.68934e+13
1.02069e+14
8.17745e+13
1.47799e+14
8.37425e+13
6.08746e+13
8.22883e+13
4.86837e+13
5.54398e+13
6.26692e+13
1.36666e+14
5.5135e+13
3.58351e+13
1.71759e+13
9.27818e+12
1.58497e+12
1.48206e+12
1.50591e+12
1.41698e+12
1.40862e+12
1.42288e+12
1.80574e+12
1.0155e+12
1.3121e+18
1.33329e+18
1.36574e+18
1.46104e+18
1.26216e+18
1.38222e+18
1.29997e+18
1.22165e+18
1.26648e+18
1.24547e+18
1.05972e+18
1.06199e+18
8.20771e+17
8.17425e+17
6.02258e+17
5.70987e+17
4.64705e+17
5.09318e+17
4.03382e+17
3.63252e+17
3.56168e+17
3.67521e+17
3.37879e+17
3.79476e+17
3.61513e+17
3.96194e+17
4.37815e+17
5.36075e+17
8.08909e+17
1.08814e+18
1.28137e+18
1.4389e+18
1.54305e+18
1.60216e+18
1.79404e+18
1.91606e+18
2.07946e+18
2.20204e+18
2.5795e+18
2.61514e+18
3.12776e+18
3.4858e+18
4.04255e+18
4.63506e+18
6.58545e+18
8.01692e+18
1.2546e+19
2.24113e+19
2.55863e+19
2.39322e+19
2.13349e+19
1.9956e+19
1.68715e+19
1.50517e+19
1.23599e+19
1.13069e+19
9.48384e+18
8.38574e+18
7.27631e+18
6.70885e+18
6.02425e+18
5.78593e+18
5.29053e+18
4.77142e+18
4.3873e+18
4.20668e+18
3.80581e+18
3.70659e+18
3.44829e+18
3.5365e+18
3.14638e+18
2.9774e+18
2.65535e+18
2.72111e+18
2.46414e+18
2.49321e+18
2.40461e+18
2.22017e+18
1.85215e+18
1.75122e+18
1.38281e+18
1.37997e+18
1.26446e+18
1.33835e+18
1.22875e+18
1.21015e+18
1.22836e+18
1.32491e+18
1.23155e+18
1.2713e+18
1.24134e+18
1.27704e+18
1.29899e+18
1.33339e+18
1.29668e+18
1.3414e+18
1.67212e+12
1.57121e+12
1.4361e+12
1.75551e+12
1.61876e+12
1.49273e+12
3.36769e+13
3.41792e+13
1.12638e+13
3.76977e+13
2.90291e+13
6.8955e+13
2.23251e+13
2.86573e+13
6.37921e+13
8.71304e+13
6.6841e+12
1.59774e+12
6.13272e+12
2.45187e+12
1.50527e+12
1.55515e+12
1.61648e+12
1.69189e+12
2.03859e+12
1.53675e+12
1.54349e+12
1.57375e+12
1.65764e+12
1.56948e+12
1.41441e+12
1.43054e+12
1.60597e+12
1.52692e+12
1.50069e+12
1.71408e+12
1.53869e+12
1.68025e+12
1.5511e+12
1.45008e+12
1.59622e+12
1.23462e+12
2.1097e+12
1.47949e+12
4.19153e+12
4.17217e+12
6.38779e+12
1.97335e+13
1.99259e+13
6.21046e+12
2.3351e+13
4.10088e+13
6.92211e+13
1.11814e+14
2.02608e+14
1.85994e+14
9.77923e+13
1.08281e+14
1.90283e+14
6.97978e+13
9.89362e+13
1.07295e+14
1.37557e+14
1.04894e+14
7.08456e+13
7.37707e+13
1.5571e+14
1.30974e+14
1.22564e+14
1.07174e+14
2.48489e+13
1.79504e+13
1.00726e+14
9.08216e+13
1.13429e+14
1.30316e+14
1.64954e+14
1.09462e+14
7.76898e+13
8.56605e+13
4.47554e+13
7.57651e+13
7.1877e+13
1.50183e+14
7.06911e+13
4.58557e+13
1.63212e+13
1.00033e+13
1.52152e+12
1.87508e+12
1.66018e+12
1.89023e+12
1.88436e+12
1.63193e+12
1.31193e+12
1.29753e+12
1.25601e+18
1.24496e+18
1.29532e+18
1.27404e+18
1.16049e+18
1.22811e+18
1.14183e+18
1.12412e+18
1.094e+18
1.13403e+18
9.68535e+17
9.31368e+17
7.71611e+17
7.20146e+17
5.85198e+17
5.5297e+17
4.1252e+17
4.18221e+17
4.01354e+17
3.27792e+17
3.05272e+17
3.37909e+17
2.95106e+17
3.30768e+17
3.71828e+17
3.99099e+17
4.03953e+17
5.16973e+17
7.88366e+17
1.0527e+18
1.22441e+18
1.43785e+18
1.38725e+18
1.59241e+18
1.70756e+18
1.78083e+18
1.85592e+18
2.22099e+18
2.44207e+18
2.63606e+18
3.08386e+18
3.39243e+18
4.23125e+18
4.85868e+18
6.54547e+18
8.10397e+18
1.31808e+19
2.12131e+19
2.73049e+19
2.64513e+19
2.24811e+19
2.07348e+19
1.71373e+19
1.50731e+19
1.19372e+19
1.08259e+19
9.09721e+18
8.14656e+18
7.00413e+18
6.24632e+18
5.43239e+18
5.53399e+18
4.7658e+18
4.3782e+18
3.83386e+18
4.09975e+18
3.79032e+18
3.6252e+18
3.32473e+18
3.22624e+18
2.85947e+18
2.76426e+18
2.51134e+18
2.42704e+18
2.20894e+18
2.34338e+18
2.00547e+18
1.96883e+18
1.71009e+18
1.66484e+18
1.25518e+18
1.14516e+18
1.10592e+18
1.24227e+18
1.12051e+18
1.10094e+18
1.17491e+18
1.14242e+18
1.10913e+18
1.17136e+18
1.16378e+18
1.18898e+18
1.19261e+18
1.15401e+18
1.05627e+18
1.11113e+18
1.4588e+12
1.97461e+12
1.69316e+12
1.69933e+12
1.46441e+12
1.54729e+12
4.84448e+13
5.51276e+13
1.35657e+13
3.74688e+13
2.78607e+13
4.7951e+13
8.89031e+13
1.83069e+14
9.24096e+13
7.795e+13
6.71059e+12
1.67105e+12
6.07972e+12
2.71222e+12
1.70361e+12
1.67887e+12
1.89518e+12
1.93834e+12
2.00101e+12
1.64483e+12
1.79257e+12
1.82023e+12
1.74695e+12
1.67251e+12
1.36096e+12
1.54908e+12
1.48516e+12
1.57363e+12
1.76012e+12
1.97263e+12
1.65834e+12
1.83965e+12
1.85933e+12
1.76469e+12
1.80879e+12
1.84313e+12
1.57296e+12
1.55769e+12
4.33388e+12
3.95269e+12
6.56989e+12
1.98594e+13
2.27755e+13
1.26501e+13
5.56733e+13
7.11384e+13
7.83116e+13
1.00238e+14
2.10915e+14
2.2866e+14
1.07845e+14
1.32126e+14
2.04561e+14
1.40981e+14
1.55756e+14
1.11647e+14
1.38901e+14
9.0088e+13
7.78233e+13
7.51376e+13
1.42402e+14
1.08298e+14
1.20383e+14
1.07343e+14
8.09352e+13
4.70225e+13
9.5136e+13
1.37663e+14
1.08492e+14
1.73343e+14
1.70428e+14
1.30148e+14
1.1209e+14
1.29266e+14
7.62332e+13
7.96432e+13
9.90494e+13
1.10724e+14
1.10563e+14
4.76163e+13
2.6086e+13
1.03435e+13
1.67511e+12
1.74185e+12
1.78361e+12
1.78138e+12
1.66393e+12
1.85844e+12
1.94503e+12
1.70649e+12
1.08808e+18
1.16177e+18
9.90148e+17
1.11571e+18
1.02095e+18
1.06602e+18
9.28224e+17
9.97025e+17
9.29585e+17
9.825e+17
8.73965e+17
8.6091e+17
6.81636e+17
6.37518e+17
5.2979e+17
5.01483e+17
3.71426e+17
3.64126e+17
3.64037e+17
3.45183e+17
3.11858e+17
3.37947e+17
2.84335e+17
3.01371e+17
3.58286e+17
3.42301e+17
3.46284e+17
4.94104e+17
7.41892e+17
9.61753e+17
1.18739e+18
1.26834e+18
1.33872e+18
1.44737e+18
1.57057e+18
1.57483e+18
1.75572e+18
1.97564e+18
2.31152e+18
2.56179e+18
2.91807e+18
3.20803e+18
3.89082e+18
4.59832e+18
6.5428e+18
8.5308e+18
1.43618e+19
2.18144e+19
2.98819e+19
2.92457e+19
2.48962e+19
2.19241e+19
1.73315e+19
1.50461e+19
1.16742e+19
1.06825e+19
8.39286e+18
7.67278e+18
6.40685e+18
6.03511e+18
5.18209e+18
5.20734e+18
4.35429e+18
3.96757e+18
3.55268e+18
3.57165e+18
3.4388e+18
3.43343e+18
3.14006e+18
2.96966e+18
2.45562e+18
2.42613e+18
2.158e+18
2.21562e+18
1.93179e+18
1.91481e+18
1.81201e+18
1.77107e+18
1.4117e+18
1.37673e+18
1.09494e+18
1.11997e+18
9.59142e+17
9.95177e+17
9.6295e+17
9.91611e+17
9.7976e+17
1.08872e+18
9.85842e+17
9.65937e+17
9.96028e+17
9.96681e+17
9.41774e+17
1.01017e+18
8.82032e+17
9.3089e+17
1.63591e+12
1.53646e+12
1.82668e+12
1.93392e+12
1.84793e+12
1.7482e+12
3.40916e+13
1.04146e+14
1.39881e+13
4.0878e+13
3.05481e+13
4.34644e+13
9.44675e+13
7.16372e+13
1.55011e+14
6.38633e+13
8.86549e+12
1.81412e+12
9.10329e+12
6.41833e+13
1.70891e+12
1.66959e+12
1.79239e+12
1.90455e+12
1.93849e+12
1.68e+12
1.8479e+12
1.93181e+12
1.5084e+12
1.86762e+12
1.7619e+12
1.56122e+12
1.62979e+12
1.62004e+12
1.55507e+12
1.91732e+12
1.83806e+12
1.83076e+12
1.87272e+12
1.77951e+12
1.87128e+12
2.03535e+12
1.61617e+12
1.60723e+12
4.54423e+12
4.16597e+12
6.06956e+12
1.97529e+13
2.11735e+13
1.40702e+13
7.30201e+13
7.61381e+13
7.82871e+13
7.85338e+13
2.0604e+14
2.32721e+14
2.01063e+14
1.8674e+14
2.36245e+14
1.29843e+14
1.05388e+14
8.56735e+13
1.70297e+14
1.10547e+14
1.06044e+14
8.40481e+13
1.44573e+14
1.63334e+14
1.53958e+14
9.91183e+13
7.43035e+13
4.97638e+13
9.0712e+13
1.43424e+14
1.14045e+14
1.69562e+14
1.67995e+14
1.52514e+14
1.78943e+14
1.58195e+14
7.7923e+13
1.01852e+14
7.76282e+13
1.09836e+14
1.60163e+14
5.33116e+13
4.35664e+13
1.47594e+13
7.77043e+13
1.47485e+13
1.72134e+12
2.11459e+12
1.87884e+12
1.47394e+12
1.14026e+12
1.60799e+12
8.5496e+17
9.89276e+17
7.62003e+17
7.78339e+17
8.51492e+17
8.39156e+17
7.969e+17
8.70815e+17
7.29257e+17
7.7539e+17
7.30352e+17
7.01573e+17
6.25055e+17
5.52175e+17
4.56814e+17
4.65632e+17
3.66838e+17
2.90239e+17
2.92566e+17
2.96607e+17
2.65828e+17
2.56125e+17
2.8971e+17
2.93608e+17
2.26072e+17
3.02546e+17
3.05582e+17
3.93406e+17
6.85701e+17
8.68122e+17
1.01464e+18
1.18152e+18
1.32973e+18
1.35597e+18
1.40512e+18
1.47888e+18
1.65307e+18
1.81666e+18
2.14824e+18
2.41153e+18
2.83742e+18
3.0613e+18
3.94898e+18
4.39289e+18
6.69171e+18
8.69836e+18
1.60026e+19
2.38809e+19
3.31467e+19
3.19957e+19
2.64358e+19
2.25587e+19
1.75414e+19
1.50336e+19
1.0946e+19
9.85149e+18
7.62071e+18
6.97044e+18
5.76739e+18
5.50967e+18
4.66268e+18
4.4314e+18
3.74101e+18
3.67205e+18
3.28597e+18
3.17368e+18
2.80255e+18
2.99828e+18
2.59179e+18
2.5759e+18
2.11166e+18
2.04619e+18
1.77683e+18
1.85756e+18
1.61323e+18
1.62403e+18
1.40744e+18
1.42863e+18
1.15226e+18
1.14644e+18
9.3077e+17
9.67849e+17
7.63695e+17
8.28782e+17
7.24696e+17
8.47229e+17
7.77834e+17
8.20232e+17
6.94825e+17
8.06274e+17
8.10299e+17
8.73685e+17
7.95711e+17
8.41652e+17
7.05148e+17
7.09777e+17
1.59135e+12
1.69091e+12
1.77498e+12
1.79928e+12
1.89202e+12
6.12513e+12
5.0346e+13
7.4779e+13
6.21975e+13
4.07046e+13
3.26069e+13
4.95078e+13
9.04292e+13
7.51777e+13
9.56756e+13
6.2966e+13
2.59411e+13
4.33884e+12
6.3912e+12
1.2362e+13
2.66557e+13
1.84605e+12
2.19345e+12
2.18075e+12
2.08366e+12
1.7332e+12
1.85255e+12
1.8974e+12
2.06187e+13
2.93781e+12
1.81655e+12
1.77896e+12
1.782e+12
1.72597e+12
1.64028e+12
1.63613e+12
1.47402e+12
1.79175e+12
1.95732e+12
1.69398e+12
1.80126e+12
1.78732e+12
1.74579e+12
1.72229e+12
6.50035e+12
5.10484e+12
6.00146e+12
1.77471e+13
2.17919e+13
1.51882e+13
5.81464e+13
8.47161e+13
1.94861e+14
8.92764e+13
2.05346e+14
2.21153e+14
2.45925e+14
1.98845e+14
2.38552e+14
1.64889e+14
1.04863e+14
8.69782e+13
1.66559e+14
1.15459e+14
1.17535e+14
1.18095e+14
1.24069e+14
2.20868e+14
1.12389e+14
9.986e+13
7.69266e+13
4.35314e+13
1.69894e+14
1.56954e+14
9.36947e+13
1.786e+14
2.49952e+14
2.95071e+14
1.62834e+14
1.62645e+14
1.62108e+14
1.5377e+14
3.46655e+13
5.65925e+13
1.35396e+14
5.74036e+13
8.58069e+13
3.16726e+13
6.52182e+13
4.47546e+13
1.83371e+12
1.89012e+12
1.93496e+12
1.68691e+12
1.42676e+12
1.18627e+12
6.65212e+17
7.75534e+17
6.08059e+17
6.19905e+17
6.0182e+17
6.56617e+17
5.65786e+17
6.36692e+17
5.86601e+17
6.39627e+17
5.44945e+17
5.88427e+17
4.87461e+17
4.727e+17
3.69064e+17
3.90555e+17
2.70196e+17
2.46998e+17
2.51097e+17
2.53154e+17
2.33627e+17
2.14052e+17
2.22532e+17
2.45815e+17
2.10793e+17
2.0786e+17
2.99233e+17
3.52359e+17
6.07842e+17
7.58099e+17
8.84065e+17
1.05338e+18
1.13597e+18
1.28868e+18
1.32836e+18
1.33002e+18
1.50326e+18
1.79983e+18
2.10645e+18
2.14802e+18
2.46767e+18
2.8156e+18
3.69113e+18
4.35819e+18
6.78033e+18
9.03575e+18
1.68467e+19
2.62314e+19
3.60101e+19
3.33093e+19
2.70932e+19
2.33833e+19
1.70713e+19
1.47718e+19
1.01472e+19
8.98838e+18
6.31901e+18
5.93128e+18
4.84422e+18
4.72124e+18
3.83678e+18
3.95105e+18
3.07291e+18
3.14598e+18
2.71217e+18
2.77152e+18
2.45629e+18
2.39726e+18
2.04148e+18
2.09015e+18
1.77421e+18
1.76735e+18
1.54973e+18
1.51814e+18
1.26749e+18
1.32758e+18
1.04907e+18
1.04571e+18
8.75621e+17
8.82001e+17
7.43889e+17
7.13553e+17
6.08336e+17
6.77303e+17
5.38719e+17
6.11049e+17
5.83309e+17
6.36172e+17
5.36385e+17
6.41641e+17
5.72476e+17
7.14559e+17
5.49582e+17
5.99298e+17
5.56007e+17
5.63041e+17
2.01125e+12
2.11845e+12
1.9929e+12
2.01269e+12
1.82271e+12
2.06497e+12
2.38567e+13
3.76185e+13
6.25181e+13
4.61577e+13
3.17882e+13
6.2999e+13
7.44225e+13
6.59627e+13
9.86351e+13
7.5718e+13
2.53615e+13
1.07267e+13
6.25547e+12
9.02204e+12
2.81768e+13
1.15126e+13
2.12875e+12
2.45429e+12
2.02159e+12
2.02186e+12
1.93185e+12
2.17714e+12
1.53191e+13
1.34429e+13
1.93643e+12
1.58886e+12
1.71205e+12
1.92193e+12
2.06945e+12
1.63985e+12
1.865e+12
1.83984e+12
1.83537e+12
1.56798e+12
2.18546e+12
1.84176e+12
4.40581e+12
2.80439e+12
6.60397e+12
1.34607e+13
5.75915e+12
1.82634e+13
2.03661e+13
1.55669e+13
8.46571e+13
9.15798e+13
2.46815e+14
1.59873e+14
2.0874e+14
2.69191e+14
2.00054e+14
2.39587e+14
2.63815e+14
1.68955e+14
1.24728e+14
9.17782e+13
1.69261e+14
1.13318e+14
1.76766e+14
1.32536e+14
2.18678e+14
1.84833e+14
1.11051e+14
8.74594e+13
8.1026e+13
5.37817e+13
1.63082e+14
1.93004e+14
1.46374e+14
1.95896e+14
1.49906e+14
1.52299e+14
1.99896e+14
2.05054e+14
2.27081e+14
1.8905e+14
6.31734e+13
8.48743e+13
1.29108e+14
9.00642e+13
8.71064e+13
2.39186e+13
6.25649e+13
4.53866e+13
2.02386e+12
2.0332e+12
1.70531e+12
2.19472e+12
2.30469e+12
2.05253e+12
5.56961e+17
5.80748e+17
4.68657e+17
4.86115e+17
4.75025e+17
5.28435e+17
4.22624e+17
4.36997e+17
4.02136e+17
4.75906e+17
3.91238e+17
4.38197e+17
3.96082e+17
3.76614e+17
2.96773e+17
3.07489e+17
2.17111e+17
2.06247e+17
2.08643e+17
2.11823e+17
2.04247e+17
1.84782e+17
1.5772e+17
1.83478e+17
1.68297e+17
1.79445e+17
2.23204e+17
2.87087e+17
5.29065e+17
6.47144e+17
8.16553e+17
9.69687e+17
9.59716e+17
1.07948e+18
1.24443e+18
1.2548e+18
1.4212e+18
1.63256e+18
1.8134e+18
1.95061e+18
2.20279e+18
2.50941e+18
3.4167e+18
4.31824e+18
6.54797e+18
8.98601e+18
1.79615e+19
2.79051e+19
4.10427e+19
3.60967e+19
2.74918e+19
2.3519e+19
1.61328e+19
1.35314e+19
9.04034e+18
7.96155e+18
5.81341e+18
5.35663e+18
3.96933e+18
3.92062e+18
3.1224e+18
3.06933e+18
2.50205e+18
2.63113e+18
2.24224e+18
2.22459e+18
1.88076e+18
1.9588e+18
1.68611e+18
1.64053e+18
1.28979e+18
1.39706e+18
1.18237e+18
1.20967e+18
9.68799e+17
9.50788e+17
7.87203e+17
8.59741e+17
7.06922e+17
6.53281e+17
5.0912e+17
5.30757e+17
4.58355e+17
4.89412e+17
3.70253e+17
3.84668e+17
3.5698e+17
3.91889e+17
3.61832e+17
4.31888e+17
3.6595e+17
4.2824e+17
3.2537e+17
4.0415e+17
3.54738e+17
4.08309e+17
1.91561e+12
2.05265e+12
2.18547e+12
1.86471e+12
2.00149e+12
1.99707e+12
2.25528e+13
3.81136e+13
5.71817e+13
5.18454e+13
3.23345e+13
5.66803e+13
7.8944e+13
8.58187e+13
9.26966e+13
7.74619e+13
2.55818e+13
1.0663e+13
6.2248e+12
8.34594e+12
1.4054e+13
1.3803e+13
2.25617e+12
2.71755e+12
2.39695e+12
2.08982e+12
2.74923e+12
2.09555e+12
1.54515e+13
5.19361e+12
1.89104e+12
1.80003e+12
1.6144e+12
1.73528e+12
1.89463e+12
1.81594e+12
1.71998e+12
1.86846e+12
1.99993e+12
1.77699e+12
2.07696e+12
2.08504e+12
5.43391e+12
6.25846e+12
6.52394e+12
1.32923e+13
5.78816e+12
5.46582e+12
3.22472e+13
1.68618e+13
9.49268e+13
3.26113e+14
2.00047e+14
1.36366e+14
2.22316e+14
1.9613e+14
1.7791e+14
1.85093e+14
3.23238e+14
1.47392e+14
1.56056e+14
1.10855e+14
1.85181e+14
1.29423e+14
1.82806e+14
1.53715e+14
1.52503e+14
1.43955e+14
1.11834e+14
7.25641e+13
1.18551e+14
5.97321e+13
2.89161e+14
2.48127e+14
2.74394e+14
2.11861e+14
1.89648e+14
1.90417e+14
2.29524e+14
3.51181e+14
3.03352e+14
2.40832e+14
1.37931e+14
8.66535e+13
1.49839e+14
1.2823e+14
1.61827e+14
5.60692e+13
5.03783e+13
5.73961e+13
1.96356e+12
2.05641e+12
2.2453e+12
1.85508e+12
2.36011e+12
1.87235e+12
3.19828e+17
3.83103e+17
3.0979e+17
3.40503e+17
2.73882e+17
3.32213e+17
2.93453e+17
3.26884e+17
2.51773e+17
3.06858e+17
2.78966e+17
3.45605e+17
2.82524e+17
3.01505e+17
2.18662e+17
2.18274e+17
1.58361e+17
1.69081e+17
1.50797e+17
1.59498e+17
1.32035e+17
1.45404e+17
1.13402e+17
1.33149e+17
1.52347e+17
1.68059e+17
1.91522e+17
2.62569e+17
4.61517e+17
6.11945e+17
6.69864e+17
7.88023e+17
8.47338e+17
1.02003e+18
1.09192e+18
1.17193e+18
1.27961e+18
1.49839e+18
1.53029e+18
1.71441e+18
1.9978e+18
2.29453e+18
2.93177e+18
3.75283e+18
6.4617e+18
8.8041e+18
1.94855e+19
3.01334e+19
4.30036e+19
3.63092e+19
2.78738e+19
2.33758e+19
1.43317e+19
1.1529e+19
7.1371e+18
6.69803e+18
4.44425e+18
4.35664e+18
3.27285e+18
3.24861e+18
2.55114e+18
2.48471e+18
1.95472e+18
2.0302e+18
1.58538e+18
1.69062e+18
1.44671e+18
1.6197e+18
1.22346e+18
1.23868e+18
9.92776e+17
1.03889e+18
7.94149e+17
8.51265e+17
6.79967e+17
6.97667e+17
4.99772e+17
5.93939e+17
4.50915e+17
4.76065e+17
3.48523e+17
3.86778e+17
3.01499e+17
3.19706e+17
2.2842e+17
2.69804e+17
2.13269e+17
2.39887e+17
2.25103e+17
2.71579e+17
2.19836e+17
2.59249e+17
2.20391e+17
2.65545e+17
1.88856e+17
2.23025e+17
2.36693e+12
2.06558e+12
2.26082e+12
2.05824e+12
4.89219e+12
2.47272e+12
2.77124e+13
2.53314e+13
8.33878e+13
5.94517e+13
3.35752e+13
5.6188e+13
1.19112e+14
1.08689e+14
9.07023e+13
8.10296e+13
2.58601e+13
1.08039e+13
6.44626e+12
3.48066e+12
1.9511e+13
1.30417e+13
1.16563e+13
4.60044e+12
2.392e+12
2.2697e+12
2.68775e+12
2.68984e+12
1.08368e+13
5.16534e+12
2.14164e+12
2.15142e+12
1.87132e+12
2.08037e+12
1.70992e+12
1.6113e+12
2.03865e+12
1.91724e+12
2.34963e+12
1.92875e+12
2.42811e+12
1.97326e+12
6.78527e+12
5.90376e+12
6.69879e+12
1.3275e+13
5.72986e+12
2.85955e+12
6.45321e+13
2.58606e+13
8.4197e+13
2.62454e+14
2.73517e+14
1.44471e+14
2.32086e+14
2.04372e+14
1.93131e+14
1.89386e+14
3.35284e+14
2.11177e+14
1.84125e+14
1.52513e+14
2.63279e+14
2.33262e+14
2.00768e+14
2.09912e+14
1.89674e+14
1.40296e+14
1.27257e+14
8.68885e+13
1.30023e+14
6.21418e+13
1.96231e+14
1.80754e+14
2.95185e+14
2.21963e+14
2.70119e+14
2.96738e+14
3.00351e+14
4.15753e+14
2.05731e+14
2.10854e+14
1.91376e+14
1.94708e+14
1.97335e+14
1.28883e+14
2.02588e+14
1.09491e+14
4.62611e+13
7.82605e+13
4.40087e+13
5.02938e+12
2.60627e+12
2.09687e+12
1.78694e+12
3.25447e+12
1.61899e+17
2.09411e+17
1.83884e+17
2.07492e+17
1.57599e+17
1.95592e+17
1.86262e+17
2.11903e+17
1.60976e+17
1.90817e+17
1.61602e+17
2.17639e+17
1.75762e+17
2.11491e+17
1.48666e+17
1.81157e+17
1.11842e+17
1.16684e+17
1.10576e+17
1.07038e+17
1.08142e+17
1.05027e+17
8.50702e+16
9.59642e+16
1.19272e+17
1.43214e+17
1.42129e+17
1.98561e+17
4.11771e+17
5.13342e+17
5.68986e+17
6.98711e+17
7.06505e+17
8.57853e+17
9.40808e+17
1.00095e+18
1.10122e+18
1.25661e+18
1.34551e+18
1.46066e+18
1.75558e+18
2.0259e+18
2.59477e+18
3.29283e+18
5.9132e+18
8.64314e+18
2.13831e+19
3.29537e+19
4.70474e+19
3.9173e+19
2.83186e+19
2.24009e+19
1.18716e+19
9.99675e+18
5.71599e+18
5.2771e+18
3.33867e+18
3.26746e+18
2.29553e+18
2.53663e+18
1.80398e+18
1.86786e+18
1.39988e+18
1.40762e+18
1.14029e+18
1.20626e+18
9.98178e+17
1.07953e+18
8.2783e+17
9.1135e+17
6.35268e+17
7.12504e+17
5.6463e+17
5.94645e+17
4.10764e+17
4.79051e+17
3.13193e+17
3.4584e+17
2.58193e+17
2.78856e+17
2.11819e+17
2.32138e+17
1.74255e+17
1.99379e+17
1.56468e+17
1.57676e+17
1.15057e+17
1.3471e+17
1.21049e+17
1.57546e+17
1.13107e+17
1.34392e+17
1.04209e+17
1.10639e+17
8.18174e+16
1.04503e+17
2.1298e+12
2.16874e+12
2.3448e+12
2.16632e+12
8.14403e+13
1.29275e+13
3.43438e+13
3.51609e+13
1.57982e+14
8.65642e+13
7.17558e+13
9.81608e+13
8.83216e+13
1.39898e+14
8.21274e+13
7.40577e+13
3.84045e+13
1.10821e+13
1.35203e+13
1.60337e+13
2.31923e+13
1.2841e+13
1.47499e+13
1.46414e+13
2.36147e+12
2.47083e+12
2.65228e+12
2.43522e+12
1.08251e+13
5.85991e+12
2.47385e+12
2.30633e+12
1.79371e+12
2.14317e+12
1.83103e+12
1.75607e+12
2.06577e+12
2.22517e+12
2.11617e+12
2.04867e+12
2.44676e+12
2.18923e+12
8.11887e+12
5.41302e+12
6.8091e+12
1.30778e+13
6.02458e+12
3.22207e+12
9.22515e+13
4.27195e+13
8.27393e+13
8.9e+13
1.48447e+14
1.51913e+14
2.41754e+14
2.25222e+14
1.85325e+14
2.10253e+14
3.1162e+14
2.17988e+14
2.85126e+14
1.94744e+14
2.99308e+14
2.36868e+14
2.75195e+14
3.3768e+14
3.31603e+14
1.55334e+14
1.26329e+14
1.045e+14
1.67496e+14
8.8153e+13
2.24451e+14
2.44871e+14
2.22302e+14
2.27575e+14
3.51484e+14
6.6751e+14
4.98354e+14
4.57153e+14
2.63856e+14
2.33437e+14
3.23576e+14
2.12844e+14
1.94558e+14
1.77377e+14
1.61932e+14
7.12443e+13
4.15282e+13
6.92905e+13
2.7657e+13
1.46671e+13
2.67063e+12
2.42745e+12
2.30437e+12
2.05411e+12
8.17992e+16
1.217e+17
7.66864e+16
9.57625e+16
6.33066e+16
1.08386e+17
8.54578e+16
1.19619e+17
9.61861e+16
1.26178e+17
9.74773e+16
1.32019e+17
1.13231e+17
1.21916e+17
1.12883e+17
1.28028e+17
8.01693e+16
8.68533e+16
8.06749e+16
8.19444e+16
7.61143e+16
7.91907e+16
6.41161e+16
7.37652e+16
7.74315e+16
9.54796e+16
1.195e+17
1.63126e+17
3.37402e+17
4.04866e+17
4.82814e+17
5.71851e+17
5.97876e+17
6.81624e+17
7.68776e+17
7.99259e+17
9.4023e+17
1.02822e+18
1.16029e+18
1.22483e+18
1.4835e+18
1.58941e+18
2.18084e+18
2.84706e+18
5.31865e+18
8.4888e+18
2.49036e+19
3.74712e+19
5.14737e+19
4.22365e+19
2.77647e+19
2.06122e+19
9.33058e+18
7.60586e+18
4.15826e+18
3.85366e+18
2.4181e+18
2.29913e+18
1.61623e+18
1.71596e+18
1.24826e+18
1.2913e+18
8.77193e+17
9.68351e+17
7.84219e+17
8.35826e+17
6.17204e+17
7.03492e+17
5.6352e+17
5.39148e+17
3.98418e+17
4.16296e+17
3.49885e+17
3.7629e+17
2.56766e+17
2.62739e+17
1.99408e+17
2.28632e+17
1.28016e+17
1.37939e+17
1.22593e+17
1.36417e+17
9.46736e+16
1.07772e+17
8.82492e+16
8.47036e+16
6.1123e+16
7.11504e+16
5.61812e+16
6.73577e+16
4.4245e+16
4.97891e+16
3.39045e+16
5.12618e+16
3.40877e+16
5.36369e+16
1.95507e+12
2.31139e+12
1.35814e+13
2.04571e+12
5.22786e+13
9.78847e+13
4.13031e+13
8.2437e+13
1.8252e+14
1.67243e+14
8.07826e+13
2.33412e+14
1.10386e+14
1.26726e+14
1.46332e+14
1.48476e+14
7.39122e+13
1.2085e+13
1.33663e+13
4.63696e+13
1.43588e+13
1.24717e+13
1.52353e+13
1.15304e+13
2.56072e+12
2.61365e+12
2.62907e+12
2.58285e+12
1.02409e+13
6.47312e+12
2.7059e+12
2.72789e+12
2.07029e+12
1.9945e+12
1.84231e+12
1.79637e+12
2.25153e+12
2.55429e+12
1.94802e+12
1.75974e+12
2.51339e+12
4.33992e+12
6.60413e+12
4.83562e+12
1.34777e+13
1.80164e+13
6.06217e+12
3.74346e+12
8.76598e+13
4.74277e+13
8.23072e+13
1.0943e+14
2.13883e+14
1.95717e+14
2.6112e+14
2.60218e+14
2.39601e+14
3.16905e+14
2.98484e+14
2.52259e+14
2.42614e+14
3.08385e+14
4.81097e+14
2.92214e+14
4.46759e+14
5.24727e+14
3.47782e+14
3.04813e+14
1.4129e+14
1.31642e+14
1.51742e+14
1.00424e+14
3.61925e+14
3.30949e+14
1.71172e+14
2.52484e+14
5.10112e+14
6.05615e+14
4.28877e+14
5.17891e+14
3.98007e+14
3.60058e+14
5.38569e+14
4.59344e+14
5.14739e+14
1.91868e+14
2.05426e+14
1.50764e+14
1.04164e+14
7.55538e+13
5.41204e+13
1.72128e+13
2.89263e+12
2.24251e+12
1.78921e+12
2.08129e+12
3.15175e+16
5.02474e+16
3.26961e+16
3.21134e+16
2.62866e+16
4.44812e+16
4.38419e+16
5.44383e+16
5.36905e+16
6.69819e+16
7.10908e+16
7.42288e+16
6.79179e+16
8.22772e+16
6.91857e+16
8.80561e+16
6.01208e+16
7.03394e+16
5.57524e+16
6.46127e+16
5.79093e+16
6.11518e+16
6.13547e+16
5.50053e+16
5.81705e+16
7.22715e+16
9.11881e+16
1.27349e+17
2.56056e+17
3.16531e+17
3.86533e+17
4.46575e+17
4.99246e+17
5.78141e+17
5.91272e+17
6.90479e+17
7.67267e+17
8.87143e+17
9.16224e+17
1.01037e+18
1.23634e+18
1.38867e+18
1.86249e+18
2.37521e+18
4.53836e+18
7.42789e+18
2.67358e+19
4.02606e+19
5.59225e+19
4.55048e+19
2.54678e+19
1.75034e+19
6.70238e+18
5.43622e+18
2.67898e+18
2.60409e+18
1.4391e+18
1.52769e+18
1.04724e+18
1.16732e+18
7.31758e+17
8.16309e+17
5.37746e+17
6.28126e+17
4.82636e+17
5.60945e+17
3.85171e+17
4.1253e+17
3.64688e+17
3.64419e+17
2.56606e+17
2.56511e+17
1.93989e+17
2.06446e+17
1.46177e+17
1.40566e+17
1.18035e+17
1.15256e+17
6.31789e+16
6.80581e+16
6.31501e+16
8.36305e+16
5.09654e+16
5.63344e+16
3.27465e+16
3.40997e+16
2.40429e+16
3.34851e+16
2.11605e+16
2.63923e+16
1.72856e+16
1.95804e+16
7.93471e+15
1.39965e+16
1.3947e+16
1.72443e+16
1.00061e+13
9.40479e+12
3.83002e+13
1.39853e+13
5.75326e+13
1.44855e+14
1.1003e+14
6.74336e+13
2.90703e+14
2.80606e+14
1.93508e+14
2.68716e+14
1.80906e+14
1.24053e+14
2.05162e+14
1.51247e+14
2.05636e+14
2.39431e+13
2.63887e+13
5.98552e+13
1.45833e+13
5.91959e+12
2.76434e+13
5.70678e+12
2.81152e+12
2.76913e+12
3.07043e+12
3.09789e+12
8.82156e+12
6.92431e+12
3.19437e+12
2.87534e+12
2.19497e+12
2.17664e+12
2.01958e+12
2.06601e+12
2.31602e+12
2.14344e+12
2.69131e+12
2.18464e+12
3.29281e+12
6.2024e+12
3.53301e+12
4.4065e+12
1.81409e+13
3.26339e+13
6.3438e+12
3.90782e+12
8.40785e+13
5.91438e+13
1.04277e+14
1.95581e+14
2.02033e+14
2.94707e+14
3.19346e+14
3.12436e+14
2.34388e+14
4.32732e+14
4.21154e+14
4.39789e+14
3.15282e+14
1.78592e+14
5.72522e+14
5.21668e+14
4.40011e+14
5.78843e+14
4.17386e+14
3.01368e+14
2.19078e+14
2.63813e+14
1.76372e+14
1.08159e+14
3.42898e+14
3.96681e+14
1.90135e+14
3.23678e+14
4.81958e+14
6.60435e+14
5.30105e+14
6.37535e+14
4.24225e+14
5.29841e+14
6.1661e+14
4.89141e+14
4.95947e+14
2.41014e+14
3.11869e+14
1.85953e+14
8.94414e+13
5.82655e+13
4.42056e+13
3.57198e+13
1.33472e+13
8.19069e+12
1.84065e+12
1.87956e+12
1.01796e+16
1.19618e+16
1.07941e+16
1.37021e+16
1.04835e+16
1.85476e+16
2.03527e+16
2.66965e+16
2.71718e+16
4.09414e+16
2.96611e+16
4.27273e+16
4.13016e+16
5.55079e+16
3.81561e+16
4.63671e+16
3.86459e+16
4.34399e+16
4.0608e+16
4.88471e+16
3.91437e+16
4.52504e+16
5.05939e+16
4.90527e+16
4.24704e+16
5.48408e+16
6.96705e+16
9.59975e+16
1.72316e+17
2.40597e+17
2.97927e+17
3.5662e+17
3.67173e+17
4.46436e+17
4.63647e+17
5.59398e+17
6.50186e+17
7.28872e+17
6.91243e+17
7.49886e+17
9.36546e+17
1.15179e+18
1.4161e+18
1.99729e+18
3.81463e+18
6.57781e+18
2.90163e+19
4.16851e+19
6.04201e+19
4.79889e+19
2.20084e+19
1.45079e+19
4.2822e+18
3.41917e+18
1.71385e+18
1.52136e+18
9.57164e+17
9.32433e+17
6.33277e+17
6.63169e+17
4.97527e+17
4.93976e+17
3.75004e+17
3.72112e+17
2.72012e+17
3.15967e+17
2.34983e+17
2.71552e+17
2.02359e+17
2.14343e+17
1.48524e+17
1.43063e+17
1.02231e+17
1.14576e+17
7.52247e+16
9.1889e+16
6.56611e+16
6.26665e+16
2.76358e+16
4.34567e+16
3.32047e+16
3.93377e+16
1.52274e+16
1.43777e+16
8.99884e+15
1.27167e+16
1.10956e+16
1.211e+16
7.92635e+15
9.27211e+15
5.51693e+15
8.00169e+15
4.41576e+15
3.36539e+15
3.12925e+15
8.61371e+15
1.94329e+12
1.68982e+13
3.13062e+13
3.06401e+13
3.2467e+13
1.201e+14
1.94361e+14
1.16613e+14
4.88482e+14
3.59135e+14
2.33069e+14
3.37531e+14
2.13507e+14
2.11515e+14
2.16341e+14
1.86066e+14
2.25694e+14
1.00159e+14
5.36998e+13
9.81418e+13
1.51608e+13
6.30406e+12
2.88382e+13
1.16903e+13
3.5013e+12
3.05016e+12
3.25277e+12
3.59301e+12
9.18181e+12
6.32124e+12
3.4421e+12
3.07462e+12
2.14718e+12
2.31307e+12
2.38649e+12
2.35067e+12
2.65382e+12
3.71804e+12
2.43781e+12
2.95111e+12
4.02162e+12
5.63196e+12
3.67204e+12
4.33509e+12
2.39372e+13
4.45235e+13
1.247e+13
1.03032e+13
8.79295e+13
5.86436e+13
1.20267e+14
2.37938e+14
3.01872e+14
3.36157e+14
4.50205e+14
4.69333e+14
2.46142e+14
8.81632e+14
7.96874e+14
4.60785e+14
3.64076e+14
2.44472e+14
7.15924e+14
6.90115e+14
5.36449e+14
6.74513e+14
4.12002e+14
3.0278e+14
2.39896e+14
2.20644e+14
3.36132e+14
2.15216e+14
5.19236e+14
4.57051e+14
3.15571e+14
4.52631e+14
6.13002e+14
7.16969e+14
7.80572e+14
8.71909e+14
7.61923e+14
6.29011e+14
9.8932e+14
8.3071e+14
4.84759e+14
4.13125e+14
5.32871e+14
2.31924e+14
1.82336e+14
1.18079e+14
9.40395e+13
7.82673e+13
7.51188e+13
2.09184e+12
3.65377e+13
4.70836e+12
4.84608e+15
4.93714e+15
4.44849e+15
5.77827e+15
6.01275e+15
5.72839e+15
6.76394e+15
1.15417e+16
1.08591e+16
1.86222e+16
2.10503e+16
2.19929e+16
1.76521e+16
2.88396e+16
2.41592e+16
2.71792e+16
2.11994e+16
3.13577e+16
2.38158e+16
3.42403e+16
2.3475e+16
2.94632e+16
4.25391e+16
4.21577e+16
3.61148e+16
3.76986e+16
5.35379e+16
7.33343e+16
1.30808e+17
1.93472e+17
2.06649e+17
2.6426e+17
3.19468e+17
3.34057e+17
3.78597e+17
4.40481e+17
5.03174e+17
5.80534e+17
5.26839e+17
6.12083e+17
7.18987e+17
8.67629e+17
1.12186e+18
1.45913e+18
2.94666e+18
5.54073e+18
3.10896e+19
4.38014e+19
6.53377e+19
4.92515e+19
1.75846e+19
1.08367e+19
2.59568e+18
2.08247e+18
9.67367e+17
9.72176e+17
5.80996e+17
5.53776e+17
4.01273e+17
4.07758e+17
2.66344e+17
2.94603e+17
2.06514e+17
2.17249e+17
1.78906e+17
1.77073e+17
1.49289e+17
1.60572e+17
1.10508e+17
1.16935e+17
6.54846e+16
8.05417e+16
5.51158e+16
6.76176e+16
4.41044e+16
4.70788e+16
2.46992e+16
3.03768e+16
1.702e+16
2.23651e+16
1.9976e+16
1.75414e+16
6.67444e+15
6.6136e+15
5.87763e+15
8.29748e+15
4.88493e+15
4.24649e+15
1.55648e+15
4.24842e+15
1.91892e+15
3.80504e+15
6.72611e+14
6.28548e+14
6.9078e+14
1.98475e+15
1.39788e+13
1.91741e+13
2.22804e+13
7.50942e+13
5.38281e+13
1.03834e+14
3.64261e+14
3.32288e+14
4.93238e+14
4.92933e+14
3.28562e+14
3.46018e+14
4.23769e+14
3.83862e+14
2.04335e+14
1.8061e+14
1.99496e+14
3.83626e+13
3.55303e+13
1.05354e+14
1.66128e+13
6.61918e+12
2.18788e+13
1.42992e+13
3.75745e+12
3.73291e+12
3.97997e+12
3.95364e+12
1.02763e+13
7.42223e+12
3.49958e+12
3.14913e+12
2.61459e+12
2.46218e+12
2.49464e+12
6.63947e+13
2.1662e+12
2.80727e+12
7.78447e+12
8.87827e+12
1.85667e+13
5.66103e+12
1.01463e+13
4.82026e+12
3.34983e+13
3.68872e+13
7.6131e+13
4.25056e+13
9.75639e+13
6.88127e+13
1.99997e+14
3.19251e+14
4.66016e+14
4.64484e+14
6.08811e+14
6.6655e+14
3.55403e+14
9.35895e+14
1.07914e+15
7.86151e+14
6.37167e+14
3.5794e+14
1.09191e+15
8.12584e+14
7.83864e+14
7.52767e+14
5.56586e+14
3.38423e+14
2.68685e+14
3.2699e+14
5.45864e+14
3.79318e+14
4.81426e+14
4.589e+14
4.35219e+14
7.568e+14
9.74184e+14
9.02877e+14
8.79367e+14
8.96194e+14
1.11297e+15
1.0313e+15
1.521e+15
5.8617e+14
5.67773e+14
5.18335e+14
5.91217e+14
4.94971e+14
3.18549e+14
1.59855e+14
1.3216e+14
6.1013e+13
8.83704e+13
8.30407e+13
6.43651e+13
2.745e+13
2.05067e+15
8.67093e+14
9.39605e+14
1.18319e+15
1.27075e+15
2.25056e+15
3.17322e+15
4.22984e+15
5.14693e+15
7.86494e+15
1.00154e+16
1.55418e+16
1.27691e+16
1.79881e+16
1.66169e+16
1.65697e+16
1.32866e+16
1.57812e+16
1.44258e+16
1.69185e+16
2.3055e+16
2.09143e+16
2.76977e+16
3.43426e+16
2.51002e+16
3.04577e+16
3.17759e+16
4.55215e+16
1.00543e+17
1.36711e+17
1.38917e+17
1.81853e+17
2.06823e+17
2.51352e+17
2.80465e+17
3.43866e+17
3.56578e+17
4.35656e+17
4.0113e+17
4.45811e+17
5.32989e+17
7.17862e+17
7.92846e+17
1.11141e+18
2.2596e+18
4.65061e+18
3.26417e+19
4.86438e+19
6.9243e+19
4.98442e+19
1.26875e+19
7.12945e+18
1.28239e+18
1.12446e+18
5.43377e+17
5.37696e+17
3.16658e+17
3.03165e+17
2.04482e+17
2.21915e+17
1.34398e+17
1.46713e+17
1.16005e+17
1.32632e+17
8.45017e+16
1.11025e+17
7.88797e+16
9.25138e+16
5.66975e+16
5.97321e+16
2.35548e+16
3.18061e+16
2.33681e+16
3.97195e+16
2.02451e+16
2.19152e+16
1.12712e+16
1.25335e+16
8.34663e+15
1.12162e+16
5.94563e+15
9.44083e+15
2.05909e+15
3.42017e+15
1.71512e+15
1.72522e+15
9.20467e+14
7.82222e+14
6.21851e+14
2.23664e+15
7.51008e+14
9.33854e+14
3.86246e+14
3.01827e+14
1.22367e+14
1.04833e+15
2.21991e+13
2.122e+12
3.63173e+13
8.23231e+13
1.54016e+14
1.2041e+14
8.3952e+14
5.63293e+14
7.19491e+14
7.2041e+14
5.36101e+14
3.91016e+14
5.30825e+14
6.21765e+14
3.10053e+14
3.0469e+14
4.11541e+14
2.67166e+14
4.58717e+13
2.03158e+14
7.02398e+13
7.30928e+12
2.12636e+13
1.58474e+13
4.92707e+12
4.82109e+12
5.51778e+12
4.844e+12
5.79204e+13
1.0108e+13
4.36381e+12
3.5957e+12
2.6806e+12
2.42243e+12
3.14237e+12
5.08182e+12
5.09054e+13
2.28905e+12
7.62272e+12
1.91565e+13
3.4987e+13
1.22147e+13
1.03408e+13
4.50331e+13
2.84837e+13
4.11327e+13
7.80106e+13
9.24341e+13
1.19311e+14
1.16116e+14
2.85851e+14
5.46522e+14
6.95584e+14
6.36625e+14
7.87897e+14
7.46434e+14
6.23118e+14
1.10484e+15
1.52279e+15
1.26544e+15
1.33296e+15
8.12499e+14
1.44776e+15
1.0647e+15
9.20919e+14
7.42373e+14
6.98054e+14
4.56088e+14
2.77761e+14
3.74826e+14
3.71413e+14
4.41837e+14
7.96454e+14
6.69244e+14
5.21118e+14
7.612e+14
1.50983e+15
1.31743e+15
1.29546e+15
1.17939e+15
1.73815e+15
1.34401e+15
1.96399e+15
8.47435e+14
1.14885e+15
1.06142e+15
7.35803e+14
6.62473e+14
4.39165e+14
2.77954e+14
1.74924e+14
9.95819e+13
4.03474e+13
2.0213e+13
3.43365e+13
1.24279e+14
7.12945e+14
4.30437e+14
2.39798e+14
1.37085e+15
9.04622e+14
8.71315e+14
1.50875e+15
3.39177e+15
3.83292e+15
4.08757e+15
4.2334e+15
7.65855e+15
7.39272e+15
9.67297e+15
9.40724e+15
1.13125e+16
8.09583e+15
8.32526e+15
7.9945e+15
9.72484e+15
1.36348e+16
1.42909e+16
2.06037e+16
2.11685e+16
2.33068e+16
2.36152e+16
2.24763e+16
3.15644e+16
5.58731e+16
9.37304e+16
9.33672e+16
1.20268e+17
1.43691e+17
1.86487e+17
1.90154e+17
2.43846e+17
2.41499e+17
3.00856e+17
2.89866e+17
3.19969e+17
3.54946e+17
5.26028e+17
5.99482e+17
8.07507e+17
1.64119e+18
3.81987e+18
3.25481e+19
5.54233e+19
7.16218e+19
4.78129e+19
8.19647e+18
4.04334e+18
6.8824e+17
5.74998e+17
2.82592e+17
2.9489e+17
1.52876e+17
1.5089e+17
1.01854e+17
1.23671e+17
7.40202e+16
8.51115e+16
5.84952e+16
6.65524e+16
5.73599e+16
6.42817e+16
4.13079e+16
4.91687e+16
2.50748e+16
3.04325e+16
1.13735e+16
1.51506e+16
1.36877e+16
1.92487e+16
1.45416e+16
1.01423e+16
4.50518e+15
4.66981e+15
6.23826e+15
7.16458e+15
2.17269e+15
3.37955e+15
1.96323e+15
2.52142e+15
1.4622e+15
1.86975e+15
3.30771e+14
2.66035e+14
2.374e+14
2.93256e+14
6.22758e+14
1.57752e+14
1.16644e+14
1.25523e+14
5.30804e+13
6.18455e+13
3.30488e+13
2.20667e+13
4.74519e+13
5.99061e+13
3.32058e+14
2.73992e+14
9.137e+14
7.43921e+14
1.10977e+15
1.25123e+15
9.33848e+14
5.58884e+14
7.86603e+14
6.20948e+14
5.44109e+14
3.61387e+14
7.05968e+14
1.81216e+14
9.03372e+13
2.59127e+14
1.75216e+14
4.31909e+13
2.19135e+13
1.85462e+13
5.82407e+12
6.08295e+12
6.73585e+12
6.23862e+12
6.69162e+13
8.82489e+13
1.84433e+13
7.09721e+12
4.10918e+12
3.05258e+12
3.94494e+12
3.63947e+12
4.81054e+13
6.19631e+12
8.09765e+12
1.95368e+13
3.66703e+13
2.91791e+13
7.35432e+13
5.80708e+13
4.25475e+13
4.4079e+13
6.99528e+13
9.31725e+13
2.06627e+14
1.47408e+14
2.8268e+14
4.99459e+14
8.81126e+14
1.00889e+15
1.6811e+15
1.5911e+15
8.69199e+14
1.12944e+15
2.28262e+15
1.91155e+15
2.2955e+15
1.15178e+15
1.83292e+15
1.5295e+15
1.14893e+15
1.0475e+15
9.30856e+14
6.14103e+14
4.47896e+14
4.76293e+14
3.79807e+14
5.63336e+14
1.12959e+15
8.87531e+14
6.51235e+14
8.68386e+14
1.87479e+15
1.8754e+15
2.36888e+15
1.5841e+15
2.50092e+15
2.73108e+15
2.4753e+15
1.4953e+15
1.58299e+15
1.82112e+15
1.33747e+15
1.20569e+15
5.71608e+14
6.29922e+14
4.68771e+14
2.75693e+14
1.06558e+14
1.84703e+13
3.63615e+12
4.25188e+12
1.04885e+14
1.86721e+14
1.97603e+14
2.91425e+14
1.39267e+15
6.42881e+14
4.87618e+14
1.09487e+15
1.86315e+15
2.35863e+15
1.49514e+15
3.8338e+15
5.77244e+15
8.0069e+15
5.28168e+15
7.05054e+15
4.84688e+15
4.40325e+15
7.01841e+15
6.17588e+15
6.41496e+15
1.03165e+16
1.2166e+16
1.6905e+16
1.60215e+16
1.87307e+16
1.90321e+16
1.96959e+16
3.40306e+16
5.94944e+16
5.93257e+16
8.67e+16
9.643e+16
1.35963e+17
1.25154e+17
1.49024e+17
1.73151e+17
1.97528e+17
2.08169e+17
2.4295e+17
2.54209e+17
3.43399e+17
4.37509e+17
5.43323e+17
1.24259e+18
3.02699e+18
3.08487e+19
5.96542e+19
7.05112e+19
4.37278e+19
4.26627e+18
1.88392e+18
3.10762e+17
2.81697e+17
1.40898e+17
1.42757e+17
8.93291e+16
9.59966e+16
5.35622e+16
5.57425e+16
4.30054e+16
5.14131e+16
4.12641e+16
3.76534e+16
3.18842e+16
3.26546e+16
2.16664e+16
2.05118e+16
1.17405e+16
1.20842e+16
1.01617e+16
8.70743e+15
9.12785e+15
1.06316e+16
9.74364e+15
6.28075e+15
2.13234e+15
3.48384e+15
2.16187e+15
3.30926e+15
7.15292e+14
4.1528e+14
1.61291e+15
1.6737e+15
5.45691e+14
3.74267e+14
5.55434e+13
7.98127e+13
2.32418e+14
1.37796e+14
3.12629e+13
2.71092e+13
2.31995e+13
2.68901e+13
1.23923e+13
1.6107e+13
2.57533e+13
2.35512e+13
8.78268e+13
2.18069e+14
5.54108e+14
8.87071e+14
2.18952e+15
1.32351e+15
2.47378e+15
1.82404e+15
1.9673e+15
9.92692e+14
1.28161e+15
1.04134e+15
1.24183e+15
7.34774e+14
4.52301e+14
3.3022e+14
2.06662e+14
1.90652e+14
2.69693e+14
1.55484e+14
2.54236e+13
2.21943e+13
7.62777e+12
7.94258e+12
1.642e+13
2.91082e+13
3.62391e+13
6.44644e+13
8.90004e+13
3.44604e+13
4.58425e+13
7.8163e+12
2.68161e+13
9.79575e+13
7.19623e+13
4.00738e+13
7.96474e+13
2.28433e+13
1.00315e+14
3.69412e+13
1.03671e+14
2.31092e+14
6.65344e+13
5.76224e+13
1.07791e+14
6.5373e+13
3.44423e+14
2.43862e+14
3.17431e+14
5.33183e+14
1.37011e+15
1.76385e+15
3.42173e+15
2.69211e+15
2.09146e+15
1.51594e+15
4.47702e+15
2.77663e+15
3.63754e+15
2.05399e+15
2.7232e+15
2.14153e+15
1.35178e+15
1.12363e+15
1.31265e+15
9.47918e+14
9.3941e+14
8.15023e+14
7.12597e+14
7.17251e+14
1.66661e+15
1.37457e+15
9.96729e+14
1.26912e+15
2.36088e+15
2.36027e+15
3.7261e+15
2.5671e+15
5.20443e+15
4.63051e+15
3.86495e+15
2.65009e+15
2.45524e+15
2.66975e+15
3.26684e+15
2.28687e+15
1.49884e+15
1.13805e+15
8.7186e+14
5.59285e+14
2.82483e+14
5.16051e+13
4.98687e+12
3.74401e+12
1.53071e+13
1.94966e+13
1.20144e+14
8.85399e+14
3.55814e+14
3.79006e+14
1.44155e+14
2.64767e+14
3.783e+14
7.63082e+14
6.47883e+14
1.12188e+15
3.38503e+15
5.2029e+15
4.47718e+15
4.64717e+15
2.55081e+15
2.98574e+15
2.87967e+15
3.1673e+15
2.27627e+15
4.88216e+15
6.95174e+15
1.01592e+16
1.66133e+16
1.27621e+16
1.24686e+16
1.68543e+16
3.04007e+16
3.26283e+16
4.1459e+16
5.8227e+16
6.79359e+16
9.4263e+16
8.34012e+16
1.01903e+17
1.2527e+17
1.3225e+17
1.63672e+17
1.67618e+17
1.77446e+17
2.47256e+17
2.83116e+17
3.90754e+17
7.82535e+17
2.22167e+18
3.00963e+19
6.30716e+19
6.87626e+19
3.90921e+19
2.35289e+18
8.4139e+17
1.46414e+17
1.42366e+17
8.46646e+16
8.08502e+16
5.81958e+16
5.51911e+16
3.24523e+16
2.70998e+16
2.42675e+16
2.69698e+16
2.09974e+16
2.21388e+16
1.67941e+16
1.73387e+16
1.8001e+16
1.35295e+16
9.86627e+15
6.07568e+15
6.35953e+15
4.03807e+15
5.02261e+15
3.93187e+15
3.09454e+15
7.27545e+15
5.21686e+15
4.62561e+15
1.02111e+15
1.38889e+15
5.25036e+14
3.45359e+14
5.02358e+14
1.02172e+15
1.20987e+15
1.34141e+14
6.666e+13
5.10269e+13
2.17874e+14
1.25038e+14
2.17e+13
2.28777e+13
1.79818e+13
1.45154e+13
6.82959e+12
7.26621e+12
2.03315e+13
7.66273e+13
1.62845e+14
3.32936e+14
1.18714e+15
1.44978e+15
3.04472e+15
3.68549e+15
3.396e+15
3.15923e+15
3.14221e+15
2.02988e+15
1.81238e+15
1.88872e+15
2.21994e+15
1.67542e+15
5.47765e+14
4.59185e+14
4.22795e+14
3.14232e+14
3.14774e+14
1.9359e+14
2.60917e+13
2.65078e+13
8.79497e+12
1.14272e+13
2.11652e+13
3.91115e+13
2.97662e+13
5.70202e+13
1.2892e+14
1.34955e+14
5.57895e+13
3.35718e+13
2.86994e+13
6.93298e+13
1.07841e+14
2.92947e+13
1.27695e+14
2.95209e+14
1.92577e+14
1.53311e+14
1.10562e+14
2.44828e+14
8.50203e+13
7.32563e+13
2.44452e+14
7.29424e+13
3.63196e+14
3.97888e+14
3.86653e+14
5.91763e+14
1.95453e+15
2.87485e+15
5.42511e+15
4.60299e+15
3.37334e+15
3.58851e+15
6.84251e+15
4.62398e+15
4.21828e+15
3.46971e+15
2.93563e+15
2.7951e+15
1.53375e+15
1.29889e+15
1.41152e+15
1.28122e+15
1.03493e+15
1.34928e+15
9.13758e+14
1.24567e+15
2.08429e+15
2.18886e+15
1.19612e+15
2.66946e+15
2.6871e+15
2.92851e+15
4.55621e+15
3.89625e+15
6.74645e+15
6.79468e+15
6.69221e+15
4.82157e+15
3.84883e+15
4.73837e+15
4.50181e+15
4.65111e+15
3.01445e+15
2.11474e+15
1.08539e+15
8.87015e+14
5.54739e+14
1.23128e+14
8.47622e+12
6.69159e+12
7.48876e+12
1.04704e+13
1.63676e+13
2.28453e+13
2.60453e+14
1.26718e+14
2.97015e+13
1.35529e+14
3.25703e+14
5.02247e+14
9.83407e+14
8.67708e+14
1.75709e+15
3.03471e+15
3.91331e+15
3.17049e+15
1.59234e+15
2.34506e+15
2.28094e+15
2.96981e+15
2.23814e+15
3.42526e+15
5.59953e+15
6.85016e+15
8.4479e+15
9.7029e+15
1.09602e+16
1.2106e+16
1.53023e+16
1.84003e+16
2.61698e+16
3.84825e+16
4.92749e+16
6.66404e+16
6.69996e+16
7.57383e+16
9.35835e+16
9.87789e+16
1.1597e+17
1.34312e+17
1.35338e+17
1.68382e+17
2.05185e+17
2.62842e+17
6.11871e+17
1.72445e+18
3.00559e+19
6.38203e+19
6.23852e+19
3.40914e+19
1.39945e+18
4.39487e+17
8.1459e+16
8.23364e+16
4.67182e+16
4.87486e+16
3.68023e+16
3.57514e+16
2.41926e+16
1.99915e+16
1.431e+16
1.19715e+16
1.131e+16
1.20974e+16
9.35624e+15
1.01023e+16
9.20409e+15
1.11823e+16
5.6875e+15
6.25157e+15
5.02716e+15
4.40644e+15
1.5137e+15
1.55495e+15
9.40577e+14
1.19191e+15
1.82812e+15
1.34764e+15
3.74434e+14
1.31562e+15
1.12306e+14
1.03029e+14
1.71212e+14
3.03594e+14
5.37334e+14
1.88559e+14
3.4195e+13
4.43068e+13
9.32399e+13
1.48375e+14
1.40465e+13
1.07702e+13
1.20721e+13
1.39367e+13
7.45309e+12
5.38256e+12
2.42967e+13
2.09312e+13
1.85256e+14
5.11949e+14
1.89935e+15
1.88661e+15
3.49568e+15
3.03553e+15
3.85988e+15
3.83603e+15
3.90206e+15
2.33679e+15
2.15555e+15
2.06765e+15
2.37247e+15
1.72664e+15
5.17036e+14
4.79016e+14
5.09717e+14
3.09766e+14
3.05797e+14
1.96665e+14
2.63724e+13
2.79419e+13
1.03917e+13
1.26902e+13
2.30283e+13
3.78327e+13
2.87157e+13
6.03009e+13
1.31744e+14
2.00297e+14
5.91971e+13
4.97184e+13
2.83641e+13
8.70246e+13
1.20702e+14
3.05214e+13
2.93692e+13
2.32258e+14
2.31538e+14
1.44675e+14
1.52668e+14
2.49485e+14
1.37315e+14
1.43621e+14
2.40189e+14
8.44441e+13
3.66191e+14
4.02226e+14
3.94368e+14
7.13178e+14
1.84131e+15
2.89924e+15
5.56386e+15
4.90411e+15
3.6517e+15
3.92875e+15
7.93978e+15
5.86107e+15
4.30722e+15
3.7583e+15
3.84371e+15
3.07342e+15
1.70586e+15
1.91454e+15
1.47095e+15
1.42892e+15
1.08881e+15
1.44081e+15
1.04167e+15
1.24779e+15
2.22018e+15
2.62114e+15
1.34066e+15
3.34524e+15
2.6986e+15
3.02115e+15
5.18129e+15
4.79345e+15
7.14008e+15
7.07948e+15
7.033e+15
5.12056e+15
4.11875e+15
4.83319e+15
4.68124e+15
4.54656e+15
3.81008e+15
2.78472e+15
1.39129e+15
1.0232e+15
4.8162e+14
1.51385e+14
1.02795e+13
8.32256e+12
1.56808e+13
5.74451e+12
1.43587e+13
1.94097e+13
5.36257e+13
5.95177e+13
3.41999e+13
1.21762e+14
3.44536e+14
4.19976e+14
6.54737e+14
1.05821e+15
8.50702e+14
1.60022e+15
1.71425e+15
2.43518e+15
1.40918e+15
1.61039e+15
3.57441e+15
3.01859e+15
2.52835e+15
2.58109e+15
5.53496e+15
5.66574e+15
8.42437e+15
8.14694e+15
1.02345e+16
1.12373e+16
1.26105e+16
1.36032e+16
2.01874e+16
3.00693e+16
4.36434e+16
5.19495e+16
4.63757e+16
5.37781e+16
6.16766e+16
7.1734e+16
7.04239e+16
1.00557e+17
1.0994e+17
1.47792e+17
1.62119e+17
1.96453e+17
4.37389e+17
1.52991e+18
3.09886e+19
6.68037e+19
5.35828e+19
2.7058e+19
9.31857e+17
2.65391e+17
6.30702e+16
5.17408e+16
3.67817e+16
3.39048e+16
2.00899e+16
2.1449e+16
1.62608e+16
1.58764e+16
8.22688e+15
7.87673e+15
7.40873e+15
7.25485e+15
8.65295e+15
7.75929e+15
7.22487e+15
1.08011e+16
5.31639e+15
2.65214e+15
3.14083e+15
2.63445e+15
9.09122e+14
7.56645e+14
3.28238e+14
2.57042e+14
1.59923e+15
1.17132e+15
5.33348e+14
7.69254e+14
1.3531e+14
1.38883e+14
4.64107e+14
7.70527e+14
4.6647e+13
2.37783e+13
1.15844e+14
2.37539e+13
2.17236e+13
2.65752e+13
7.64154e+13
3.84665e+13
2.05842e+13
2.07671e+13
1.63085e+13
2.12613e+13
3.06022e+13
7.62684e+13
2.46382e+14
5.2464e+14
1.95043e+15
2.81482e+15
4.15822e+15
4.23034e+15
3.71554e+15
3.64313e+15
4.34697e+15
3.73905e+15
2.44782e+15
2.51434e+15
2.48867e+15
1.79097e+15
6.83254e+14
4.75293e+14
5.18406e+14
3.3816e+14
3.02916e+14
1.96491e+14
2.82233e+13
2.90908e+13
1.18696e+13
1.38608e+13
2.67774e+13
3.82236e+13
5.31342e+13
6.7181e+13
1.46204e+14
2.0294e+14
6.6166e+13
7.9126e+13
2.69973e+13
1.92745e+14
1.23586e+14
3.45049e+13
2.94471e+13
6.80212e+13
2.58014e+14
1.29117e+14
1.50134e+14
2.52212e+14
9.69836e+13
1.76449e+14
2.39129e+14
9.58989e+13
4.30066e+14
4.9371e+14
4.45344e+14
6.93505e+14
2.1337e+15
3.21377e+15
6.04078e+15
4.97573e+15
4.69312e+15
5.96636e+15
7.25741e+15
6.7924e+15
4.91724e+15
4.07904e+15
3.55394e+15
3.30805e+15
2.1502e+15
2.53711e+15
1.49808e+15
1.43419e+15
1.26901e+15
1.68747e+15
1.22501e+15
1.29042e+15
2.49589e+15
2.99674e+15
1.53103e+15
3.72915e+15
3.4249e+15
3.42586e+15
6.5354e+15
6.03945e+15
6.6887e+15
6.97015e+15
9.64495e+15
6.17027e+15
4.95428e+15
5.2735e+15
5.2021e+15
4.55081e+15
5.51716e+15
3.66472e+15
1.62689e+15
1.47634e+15
6.04207e+14
1.75867e+14
1.65724e+13
1.37312e+13
7.19103e+12
9.31186e+12
4.32472e+13
3.7205e+13
6.29988e+13
3.28463e+13
6.09315e+13
1.22705e+14
2.97767e+14
3.67225e+14
2.35263e+14
5.54369e+14
5.85935e+14
5.25681e+14
1.83391e+15
1.4214e+15
7.70474e+14
9.98956e+14
3.79732e+15
3.62265e+15
3.9076e+15
3.99251e+15
6.75755e+15
5.98098e+15
6.29494e+15
7.38474e+15
1.04762e+16
1.03749e+16
1.26273e+16
1.01891e+16
1.9695e+16
2.3684e+16
4.12281e+16
4.47208e+16
3.44688e+16
3.42554e+16
4.87143e+16
4.94137e+16
5.17609e+16
6.59164e+16
9.10604e+16
1.16e+17
1.23782e+17
1.39083e+17
3.68059e+17
1.29557e+18
3.38351e+19
7.1731e+19
4.34255e+19
2.04681e+19
9.73692e+17
2.70274e+17
8.7537e+16
5.92013e+16
4.11918e+16
3.34436e+16
2.00989e+16
2.07714e+16
1.4723e+16
1.1041e+16
7.07826e+15
4.72648e+15
9.07858e+15
5.61593e+15
5.33338e+15
6.6496e+15
4.21961e+15
5.32275e+15
2.77596e+15
1.32345e+15
3.14837e+15
2.43099e+15
1.65764e+15
5.95547e+14
4.06569e+14
1.19138e+14
1.62777e+15
1.72714e+15
3.7113e+14
7.12082e+14
2.23501e+14
1.33476e+14
4.52869e+14
8.27582e+14
2.20244e+13
2.45447e+13
2.2807e+13
8.6325e+13
5.76401e+13
2.64309e+13
3.81018e+13
4.12925e+13
6.20647e+13
1.26741e+13
6.12177e+13
5.03678e+13
1.02878e+14
1.09802e+14
7.20007e+14
8.12994e+14
2.3014e+15
3.02453e+15
4.9682e+15
4.33481e+15
4.53517e+15
4.05379e+15
4.20553e+15
3.22849e+15
2.79656e+15
2.58018e+15
4.06728e+15
2.01138e+15
7.29574e+14
4.34063e+14
5.64833e+14
3.44263e+14
3.07211e+14
1.99886e+14
4.97425e+13
4.90703e+13
5.40754e+13
1.73012e+13
3.278e+13
3.80737e+13
5.58305e+13
5.5931e+13
1.5815e+14
2.03912e+14
8.38772e+13
8.36005e+13
2.91782e+13
9.50511e+13
1.96657e+14
3.99358e+13
1.46018e+14
7.25389e+13
2.81271e+14
1.93588e+14
1.46428e+14
2.55569e+14
1.33468e+14
1.55597e+14
2.67622e+14
1.36339e+14
4.39399e+14
4.95737e+14
6.11842e+14
5.75102e+14
2.38947e+15
3.29846e+15
7.13239e+15
5.70363e+15
5.13802e+15
5.68492e+15
7.80417e+15
6.42667e+15
5.50519e+15
4.25489e+15
4.06518e+15
3.44741e+15
2.68446e+15
2.19208e+15
2.20381e+15
1.65619e+15
1.3774e+15
1.94343e+15
1.5534e+15
1.36617e+15
2.01435e+15
2.46465e+15
1.60757e+15
3.80787e+15
4.13273e+15
4.67145e+15
7.81546e+15
7.20494e+15
8.01792e+15
6.744e+15
1.17208e+16
7.25823e+15
6.36613e+15
6.34665e+15
6.26534e+15
6.28828e+15
6.71063e+15
4.72791e+15
2.33846e+15
1.72627e+15
1.85727e+15
4.31156e+14
1.99639e+13
1.6404e+13
1.56866e+13
1.32339e+13
1.04932e+14
6.9419e+13
1.78386e+14
6.78182e+13
1.47399e+14
1.15117e+14
5.05798e+14
3.45507e+14
1.18349e+15
1.04235e+15
7.45916e+14
4.15909e+14
1.47303e+15
1.52548e+15
1.39775e+15
1.9047e+15
4.6465e+15
2.61469e+15
5.15765e+15
2.81237e+15
5.55843e+15
4.00905e+15
5.29408e+15
7.24054e+15
1.36605e+16
1.37982e+16
1.01416e+16
8.74396e+15
2.16545e+16
2.20937e+16
3.49434e+16
3.63627e+16
3.2795e+16
3.4018e+16
4.78644e+16
4.80882e+16
6.28448e+16
6.11286e+16
9.96426e+16
1.06755e+17
1.41065e+17
1.41831e+17
4.35967e+17
1.41309e+18
3.99544e+19
8.0382e+19
3.55184e+19
1.61986e+19
1.20436e+18
4.17847e+17
1.63958e+17
9.85441e+16
6.55821e+16
3.85139e+16
3.59385e+16
2.69887e+16
2.86738e+16
1.41386e+16
1.02464e+16
6.11949e+15
1.03429e+16
6.48565e+15
7.14364e+15
7.50269e+15
4.8258e+15
6.98585e+15
5.85061e+15
2.81153e+15
1.56124e+15
2.7297e+15
1.67579e+15
6.99105e+14
2.70928e+15
1.14918e+15
1.93124e+15
8.27933e+14
6.67153e+14
3.36121e+14
8.08562e+14
3.10996e+14
8.93502e+14
1.08699e+15
1.25885e+14
4.14965e+13
3.53819e+13
1.92051e+13
4.99731e+13
2.88334e+13
9.46459e+13
1.52894e+14
1.27214e+14
9.59058e+13
1.37325e+14
1.59809e+14
3.43706e+14
4.0759e+14
1.11917e+15
1.53068e+15
3.79465e+15
3.95519e+15
6.46735e+15
5.77072e+15
5.97695e+15
4.74031e+15
5.27978e+15
3.16188e+15
3.45223e+15
3.53038e+15
4.1775e+15
2.59872e+15
1.1717e+15
5.72107e+14
5.85419e+14
3.33247e+14
3.14062e+14
2.67984e+14
6.45993e+13
6.31247e+13
6.16399e+13
7.69828e+13
3.65581e+13
3.87218e+13
9.34141e+13
6.05375e+13
1.73128e+14
2.42149e+14
1.23026e+14
9.66044e+13
1.75398e+14
9.06723e+13
2.62335e+14
7.108e+13
1.70532e+14
1.36464e+14
2.93737e+14
2.37847e+14
1.9921e+14
3.11398e+14
1.47272e+14
1.9654e+14
2.98182e+14
1.69906e+14
4.09772e+14
7.41093e+14
1.00557e+15
8.01558e+14
2.66682e+15
4.14052e+15
7.75978e+15
6.42897e+15
5.74709e+15
6.63619e+15
8.21321e+15
7.81958e+15
5.97393e+15
4.8328e+15
4.46127e+15
3.94342e+15
2.7956e+15
2.35149e+15
2.29369e+15
2.07139e+15
1.14742e+15
1.40819e+15
1.93405e+15
1.80775e+15
3.10464e+15
2.37235e+15
2.53435e+15
3.86297e+15
5.67255e+15
5.19295e+15
9.01209e+15
1.01691e+16
1.03914e+16
8.40278e+15
1.32633e+16
8.76599e+15
7.30228e+15
7.74015e+15
9.25243e+15
6.68904e+15
9.71524e+15
5.9278e+15
3.39487e+15
1.99856e+15
1.69755e+15
6.73903e+14
1.57388e+14
2.3082e+13
1.28318e+13
1.77538e+13
4.96743e+14
1.15735e+14
1.02047e+15
9.9161e+14
7.56223e+14
6.04963e+14
5.14342e+14
5.93175e+14
1.12442e+15
8.76681e+14
2.0523e+15
1.6855e+15
3.38238e+15
2.12945e+15
2.77182e+15
2.74248e+15
5.89586e+15
4.85539e+15
4.55754e+15
3.48585e+15
7.69081e+15
9.78986e+15
8.91017e+15
9.94664e+15
2.01914e+16
1.60304e+16
1.57036e+16
1.61957e+16
2.74933e+16
2.84178e+16
4.079e+16
3.44557e+16
4.9158e+16
4.29497e+16
6.74882e+16
6.29428e+16
9.69441e+16
8.127e+16
1.45318e+17
1.45896e+17
2.45767e+17
2.21514e+17
9.39193e+17
2.24689e+18
4.79915e+19
8.6287e+19
2.75275e+19
1.35378e+19
1.69423e+18
6.59498e+17
2.69241e+17
1.66802e+17
1.19695e+17
8.13245e+16
6.02876e+16
4.02086e+16
3.54121e+16
2.76999e+16
2.05931e+16
1.52572e+16
1.85759e+16
1.17705e+16
8.88473e+15
5.04564e+15
5.89439e+15
6.35188e+15
6.90066e+15
5.23649e+15
4.72604e+15
2.98538e+15
1.87576e+15
1.12798e+15
2.19749e+15
2.22497e+15
3.17809e+15
2.22867e+15
2.03498e+14
7.10124e+14
2.24433e+15
1.20837e+15
1.33908e+15
1.30341e+15
1.14121e+14
9.02119e+13
1.24548e+14
7.08951e+13
6.05943e+13
2.67639e+13
4.81736e+14
4.23488e+14
3.66092e+14
1.52099e+14
1.4074e+14
1.02633e+14
8.57899e+14
7.41557e+14
2.7019e+15
2.59889e+15
4.97182e+15
5.06169e+15
8.51136e+15
7.72787e+15
8.20199e+15
6.91144e+15
6.42529e+15
4.71986e+15
4.27317e+15
4.34001e+15
3.84741e+15
2.96765e+15
1.20915e+15
9.54106e+14
5.99201e+14
3.18035e+14
3.17221e+14
2.76677e+14
6.67401e+13
1.2659e+14
6.89133e+13
7.40579e+13
4.13835e+13
3.83656e+13
1.22011e+14
1.38717e+14
2.18977e+14
2.53638e+14
2.22761e+14
1.90586e+14
1.75908e+14
1.26106e+14
2.74436e+14
1.20929e+14
6.25594e+13
1.11272e+14
3.44633e+14
2.51463e+14
2.01044e+14
2.21665e+14
2.78429e+14
1.95675e+14
3.24715e+14
2.02589e+14
4.14108e+14
5.5702e+14
1.06692e+15
1.06514e+15
3.55482e+15
4.83965e+15
8.14341e+15
9.30124e+15
6.71913e+15
7.48732e+15
9.12217e+15
1.01794e+16
7.33092e+15
5.75183e+15
4.99488e+15
4.55585e+15
2.68159e+15
2.74327e+15
2.18817e+15
2.09803e+15
1.62957e+15
1.10401e+15
2.286e+15
1.85825e+15
2.59334e+15
3.05089e+15
3.35907e+15
4.27847e+15
7.61553e+15
7.20865e+15
1.14648e+16
1.23718e+16
1.24267e+16
9.52014e+15
1.53884e+16
1.05388e+16
1.00767e+16
9.33342e+15
1.31637e+16
9.72628e+15
1.36507e+16
1.01638e+16
5.36535e+15
3.60704e+15
2.25738e+15
9.56414e+14
4.85203e+14
5.45864e+13
9.02087e+13
3.68953e+14
5.22021e+14
6.69494e+14
4.99603e+14
9.01676e+14
1.03685e+15
6.11401e+14
1.33044e+15
1.27068e+15
2.35842e+15
3.04059e+15
3.5325e+15
2.7581e+15
5.92094e+15
5.06426e+15
5.67332e+15
5.58145e+15
1.12949e+16
8.1687e+15
1.08438e+16
9.44884e+15
1.30529e+16
1.46515e+16
2.08078e+16
1.51178e+16
3.55251e+16
2.82167e+16
4.094e+16
3.01186e+16
5.90141e+16
4.99887e+16
7.39368e+16
6.66145e+16
9.03978e+16
9.28877e+16
1.24824e+17
1.10773e+17
2.03613e+17
1.65539e+17
3.11268e+17
2.7212e+17
5.62066e+17
5.20574e+17
2.78568e+18
5.25354e+18
6.04194e+19
9.93148e+19
2.20921e+19
1.1322e+19
1.99425e+18
9.6633e+17
4.06625e+17
2.6261e+17
1.97709e+17
1.41771e+17
9.30749e+16
7.02521e+16
5.81994e+16
3.85549e+16
3.48884e+16
2.46663e+16
2.82015e+16
1.83084e+16
1.31613e+16
9.79572e+15
1.19381e+16
1.35409e+16
9.10294e+15
7.26135e+15
7.28077e+15
5.40649e+15
6.28673e+15
2.3153e+15
5.28383e+15
5.25381e+15
6.30975e+15
2.00399e+15
2.92833e+15
2.84189e+15
2.14728e+15
1.65867e+15
2.78533e+15
1.88619e+15
1.44627e+15
6.22859e+14
7.59187e+14
2.94371e+14
1.32246e+15
6.94633e+14
9.82169e+14
9.59946e+14
5.57815e+14
2.11821e+14
3.17078e+14
1.86238e+14
1.75044e+15
1.36008e+15
3.94809e+15
4.77842e+15
7.08077e+15
8.71643e+15
1.26242e+16
1.0475e+16
1.0912e+16
1.05659e+16
8.73149e+15
6.0336e+15
4.81151e+15
4.67721e+15
4.35217e+15
3.57873e+15
2.45256e+15
1.02584e+15
9.67969e+14
3.22446e+14
3.20436e+14
2.97144e+14
6.83977e+13
1.32814e+14
7.84455e+13
7.2167e+13
4.82382e+13
3.89734e+13
1.12554e+14
1.57461e+14
2.53977e+14
2.62916e+14
4.38985e+14
3.75494e+14
1.59833e+14
1.54599e+14
2.8379e+14
1.32437e+14
1.00671e+14
3.72887e+14
3.49097e+14
2.80026e+14
3.13504e+14
2.23555e+14
4.09711e+14
3.82953e+14
3.15109e+14
2.46909e+14
5.60682e+14
5.54286e+14
1.10361e+15
2.20817e+15
4.84678e+15
6.44546e+15
9.52098e+15
8.78311e+15
9.74121e+15
8.41991e+15
1.09116e+16
1.14409e+16
7.91495e+15
7.33662e+15
5.82477e+15
5.75374e+15
2.92531e+15
3.18326e+15
2.69072e+15
2.30312e+15
1.69469e+15
1.66854e+15
2.27264e+15
2.01106e+15
3.15979e+15
3.64873e+15
3.90055e+15
4.92599e+15
8.84473e+15
8.88318e+15
1.25083e+16
1.53259e+16
1.60825e+16
1.48228e+16
1.85898e+16
1.71794e+16
1.52166e+16
1.30872e+16
1.67855e+16
1.41493e+16
1.9993e+16
1.57539e+16
1.34743e+16
8.6484e+15
5.95353e+15
2.46158e+15
2.30378e+15
1.05089e+15
1.07463e+15
1.17058e+15
1.26068e+15
6.93155e+14
1.9082e+15
2.00746e+15
2.34961e+15
1.72995e+15
3.46737e+15
3.55544e+15
4.55378e+15
4.64456e+15
1.17089e+16
7.23567e+15
1.1569e+16
1.15636e+16
2.00885e+16
1.6744e+16
2.68116e+16
1.7856e+16
3.0561e+16
2.39725e+16
3.67029e+16
3.31259e+16
4.06404e+16
3.81743e+16
6.89163e+16
6.1893e+16
9.48506e+16
7.60509e+16
1.14653e+17
1.0167e+17
1.74803e+17
1.48142e+17
2.14001e+17
1.97879e+17
3.14713e+17
2.59756e+17
4.49793e+17
3.95473e+17
7.6186e+17
6.47807e+17
1.47453e+18
1.42629e+18
6.86194e+18
1.16824e+19
6.29194e+19
9.35706e+19
1.65832e+19
9.14693e+18
2.36072e+18
1.35319e+18
6.17722e+17
4.28e+17
2.94532e+17
1.92635e+17
1.68583e+17
1.23891e+17
9.07042e+16
6.24864e+16
6.2175e+16
4.58703e+16
2.97543e+16
2.30715e+16
2.52303e+16
2.14297e+16
1.45583e+16
1.72512e+16
1.81167e+16
1.44559e+16
9.98792e+15
1.01496e+16
7.67635e+15
1.07424e+16
7.04765e+15
7.85217e+15
4.3337e+15
6.59953e+15
3.01963e+15
3.95526e+15
2.54714e+15
1.73488e+15
5.18811e+15
2.82085e+15
1.37875e+15
1.85186e+15
2.72194e+15
2.66534e+15
2.31137e+15
1.36286e+15
1.91685e+15
1.80073e+15
1.04568e+15
1.13955e+15
1.77239e+15
1.91651e+15
3.01029e+15
2.60705e+15
6.6362e+15
6.78541e+15
1.16285e+16
1.13417e+16
1.59857e+16
1.36026e+16
1.27893e+16
1.24347e+16
1.09569e+16
9.37921e+15
7.22975e+15
6.31901e+15
4.62691e+15
4.7431e+15
2.47134e+15
1.89225e+15
8.12421e+14
5.48377e+14
3.28143e+14
3.39916e+14
6.75921e+13
1.37127e+14
8.57612e+14
7.01467e+13
9.71896e+13
4.37897e+13
1.76329e+14
2.76559e+14
2.73267e+14
2.76954e+14
4.53274e+14
3.89835e+14
1.91425e+14
1.86371e+14
3.73723e+14
1.73718e+14
1.26585e+14
6.05683e+14
4.54977e+14
2.72074e+14
5.30179e+14
8.92509e+14
4.67066e+14
3.14403e+14
3.32901e+14
3.31964e+14
5.68756e+14
4.74791e+14
1.04629e+15
2.69386e+15
5.72079e+15
8.68051e+15
1.05468e+16
9.55462e+15
1.15918e+16
1.05872e+16
1.24258e+16
1.30648e+16
9.19265e+15
8.45547e+15
5.97345e+15
5.976e+15
2.9412e+15
3.25265e+15
3.54896e+15
2.79267e+15
1.99123e+15
1.75488e+15
3.07897e+15
2.32276e+15
3.30582e+15
5.85993e+15
5.10296e+15
5.9681e+15
1.19484e+16
1.35122e+16
1.55532e+16
2.12703e+16
2.02569e+16
1.93189e+16
2.53513e+16
1.99259e+16
2.06557e+16
2.12198e+16
2.57618e+16
1.97024e+16
2.96005e+16
2.70445e+16
2.88976e+16
1.97791e+16
2.23937e+16
1.04958e+16
1.41826e+16
6.34324e+15
1.06522e+16
5.61481e+15
6.71304e+15
2.19657e+15
1.03151e+16
7.31142e+15
1.06835e+16
7.10366e+15
1.3348e+16
1.04534e+16
1.85423e+16
1.20075e+16
2.54706e+16
2.01072e+16
3.37334e+16
2.47511e+16
4.88006e+16
4.08243e+16
6.14305e+16
4.26797e+16
7.89217e+16
6.80431e+16
9.56479e+16
7.66054e+16
1.16807e+17
9.93361e+16
1.43159e+17
1.32451e+17
2.04745e+17
1.65313e+17
2.75922e+17
2.35778e+17
3.65435e+17
3.33814e+17
5.07986e+17
4.52674e+17
7.26115e+17
5.83123e+17
1.12068e+18
9.72285e+17
1.73978e+18
1.57952e+18
3.33266e+18
3.58066e+18
1.25264e+19
1.95876e+19
6.59944e+19
8.84691e+19
1.25517e+19
7.16891e+18
2.47759e+18
1.61112e+18
8.47789e+17
5.95549e+17
4.1937e+17
2.97257e+17
2.12779e+17
1.68292e+17
1.2216e+17
1.02573e+17
8.57042e+16
6.69931e+16
4.93537e+16
3.97133e+16
3.45722e+16
2.26613e+16
3.36252e+16
2.05341e+16
2.16911e+16
1.53062e+16
1.64248e+16
1.34547e+16
9.78965e+15
1.01945e+16
1.07705e+16
7.1828e+15
6.98592e+15
6.58776e+15
7.90031e+15
5.93778e+15
4.18933e+15
4.20922e+15
3.53624e+15
3.55877e+15
4.39556e+15
2.69793e+15
4.16311e+15
4.86571e+15
3.18309e+15
2.40508e+15
2.40205e+15
1.28833e+15
2.99037e+15
2.05929e+15
7.27618e+15
5.00511e+15
4.59301e+15
5.35228e+15
1.28546e+16
1.21163e+16
1.87888e+16
1.7324e+16
2.06636e+16
1.89017e+16
1.64113e+16
1.57995e+16
1.42391e+16
1.18275e+16
9.39761e+15
7.83884e+15
6.01119e+15
6.48997e+15
3.20941e+15
2.04527e+15
9.86298e+14
5.36188e+14
5.66268e+14
3.74464e+14
1.80686e+14
5.50201e+14
6.61487e+14
3.15271e+14
2.10797e+14
1.83679e+14
3.2181e+14
4.81378e+14
4.33239e+14
3.43092e+14
5.94592e+14
4.98107e+14
2.47832e+14
3.10061e+14
9.46619e+14
3.96283e+14
4.14085e+14
7.00159e+14
5.04091e+14
3.37067e+14
6.08031e+14
9.84513e+14
7.38256e+14
4.97012e+14
6.36213e+14
3.84035e+14
5.78615e+14
4.46675e+14
1.1922e+15
1.40663e+15
7.13376e+15
1.20295e+16
1.18653e+16
1.04985e+16
1.11769e+16
1.26085e+16
1.36545e+16
1.24598e+16
1.08237e+16
9.76265e+15
6.23629e+15
6.00922e+15
3.59482e+15
3.59141e+15
5.08706e+15
2.8203e+15
2.22015e+15
2.04712e+15
2.89324e+15
4.29662e+15
3.89545e+15
7.42612e+15
8.10804e+15
8.86663e+15
1.42667e+16
1.58514e+16
1.96894e+16
2.62114e+16
2.72536e+16
2.25563e+16
3.14893e+16
2.73141e+16
2.922e+16
2.56028e+16
3.57118e+16
3.21195e+16
4.62871e+16
4.60203e+16
6.42831e+16
4.81037e+16
7.61996e+16
5.33018e+16
7.93154e+16
4.87885e+16
5.24575e+16
3.0204e+16
4.35273e+16
2.74019e+16
3.89529e+16
3.24978e+16
4.49156e+16
2.81375e+16
5.60323e+16
4.35822e+16
6.44379e+16
5.41173e+16
7.51125e+16
5.99616e+16
8.96359e+16
7.49727e+16
1.11818e+17
9.06338e+16
1.45461e+17
1.18662e+17
1.78693e+17
1.49926e+17
2.18244e+17
1.70965e+17
2.50798e+17
2.26855e+17
3.64975e+17
2.91192e+17
4.61013e+17
3.7914e+17
6.28264e+17
5.26735e+17
8.38558e+17
6.86441e+17
1.05295e+18
9.72244e+17
1.42643e+18
1.3096e+18
2.16481e+18
2.06819e+18
3.32631e+18
3.23779e+18
6.16195e+18
6.94614e+18
1.82552e+19
2.64971e+19
5.93588e+19
7.62253e+19
1.00077e+19
5.63206e+18
2.55616e+18
1.8268e+18
1.02653e+18
7.66248e+17
4.43924e+17
3.72419e+17
2.76994e+17
2.19123e+17
1.65312e+17
1.42314e+17
1.20032e+17
9.347e+16
8.71516e+16
7.94274e+16
6.24561e+16
5.33364e+16
4.7358e+16
3.87162e+16
3.49142e+16
2.24264e+16
2.58206e+16
1.8623e+16
2.21781e+16
1.11107e+16
1.5708e+16
1.16141e+16
1.29241e+16
9.25873e+15
1.39459e+16
9.09421e+15
6.20689e+15
4.72195e+15
5.46865e+15
4.36399e+15
3.80938e+15
4.01781e+15
7.10205e+15
5.45107e+15
6.68438e+15
5.44685e+15
8.07637e+15
8.43856e+15
1.19121e+16
7.88402e+15
7.80024e+15
5.99192e+15
1.06297e+16
1.11952e+16
1.93631e+16
1.87846e+16
2.51796e+16
2.47892e+16
2.72919e+16
2.58143e+16
2.09541e+16
1.92096e+16
1.94924e+16
1.70054e+16
1.59064e+16
1.02205e+16
7.61041e+15
7.23667e+15
3.59085e+15
2.76866e+15
1.92951e+15
8.39183e+14
7.80806e+14
7.75503e+14
5.45361e+14
6.79705e+14
2.53681e+14
1.03189e+14
2.07771e+14
4.03781e+14
4.94258e+14
4.78365e+14
5.23462e+14
4.71334e+14
7.61643e+14
6.30899e+14
5.72211e+14
7.26219e+14
1.18533e+15
7.98303e+14
6.67436e+14
1.27369e+15
7.0301e+14
4.33773e+14
6.99012e+14
9.41973e+14
8.62801e+14
5.21487e+14
8.73416e+14
4.87384e+14
5.9455e+14
4.71689e+14
1.44195e+15
1.31968e+15
7.81188e+15
1.39774e+16
1.55264e+16
1.34212e+16
1.29906e+16
1.35265e+16
1.565e+16
1.29129e+16
1.14001e+16
1.22846e+16
7.18588e+15
6.60244e+15
3.66904e+15
4.42462e+15
5.59957e+15
3.66531e+15
2.52436e+15
3.83824e+15
2.92709e+15
2.8826e+15
6.26565e+15
8.25289e+15
8.91848e+15
1.39255e+16
2.22118e+16
2.469e+16
2.26073e+16
2.47713e+16
3.48426e+16
2.64052e+16
3.84746e+16
3.63445e+16
3.63008e+16
3.50556e+16
5.23392e+16
4.32676e+16
6.61799e+16
6.97667e+16
1.06203e+17
9.88717e+16
1.72223e+17
1.51559e+17
2.53473e+17
1.75824e+17
1.56716e+17
1.17165e+17
1.49455e+17
9.01021e+16
1.3084e+17
9.43963e+16
1.27261e+17
1.02653e+17
1.53543e+17
1.23385e+17
1.65533e+17
1.26533e+17
1.74157e+17
1.4191e+17
2.04212e+17
1.65678e+17
2.43146e+17
2.10901e+17
3.18477e+17
2.69572e+17
3.97279e+17
3.24107e+17
4.64606e+17
4.39468e+17
5.54912e+17
5.23681e+17
7.52308e+17
6.45079e+17
8.14837e+17
7.40504e+17
1.13339e+18
1.03927e+18
1.46034e+18
1.36917e+18
1.89662e+18
1.70119e+18
2.57947e+18
2.38438e+18
3.70218e+18
3.66805e+18
5.35017e+18
5.35677e+18
9.39732e+18
1.06785e+19
2.31771e+19
3.13438e+19
5.39748e+19
6.6029e+19
8.81552e+18
4.56045e+18
2.30855e+18
1.83568e+18
9.94366e+17
7.68453e+17
5.50675e+17
4.36446e+17
3.39441e+17
2.59053e+17
2.01534e+17
1.64737e+17
1.44361e+17
1.2727e+17
1.09027e+17
9.07085e+16
7.68766e+16
5.80374e+16
5.7531e+16
3.48873e+16
5.75194e+16
3.77748e+16
3.42371e+16
3.37966e+16
2.98162e+16
2.7307e+16
2.62786e+16
2.39018e+16
1.9923e+16
1.88569e+16
2.23303e+16
1.54448e+16
1.24137e+16
8.8727e+15
9.24935e+15
6.35533e+15
1.31164e+16
9.23777e+15
1.55664e+16
1.0997e+16
1.32148e+16
1.14319e+16
1.29563e+16
1.17723e+16
1.02129e+16
9.21498e+15
1.44804e+16
1.01279e+16
1.87224e+16
1.97733e+16
2.67891e+16
2.61508e+16
3.55596e+16
3.42265e+16
3.18688e+16
3.17567e+16
2.59128e+16
2.32905e+16
2.14373e+16
1.76446e+16
2.13916e+16
1.39723e+16
1.22777e+16
8.49968e+15
5.58317e+15
3.21455e+15
2.16987e+15
1.30934e+15
6.78942e+14
9.17017e+14
6.95353e+14
9.56498e+14
4.72772e+14
9.61745e+13
7.21367e+14
7.35388e+14
5.11839e+14
5.3773e+14
5.20871e+14
5.74182e+14
1.59104e+15
1.71307e+15
4.9468e+14
1.01904e+15
1.65203e+15
1.11517e+15
1.05485e+15
2.01891e+15
5.82163e+14
8.91267e+14
1.05737e+15
1.27781e+15
9.29396e+14
6.72144e+14
1.03572e+15
5.60646e+14
5.01939e+14
6.3496e+14
1.50291e+15
1.43282e+15
8.78441e+15
1.40593e+16
1.77035e+16
1.48156e+16
1.44858e+16
1.49913e+16
1.70455e+16
1.42592e+16
1.25421e+16
1.24093e+16
7.1998e+15
7.35526e+15
4.1018e+15
4.12631e+15
5.83913e+15
3.48623e+15
3.21046e+15
3.29986e+15
4.51566e+15
4.94181e+15
7.26918e+15
1.05363e+16
1.26417e+16
1.099e+16
2.86836e+16
3.03434e+16
2.80209e+16
2.76363e+16
4.08508e+16
3.44388e+16
4.58298e+16
4.28464e+16
4.82632e+16
4.6118e+16
6.31678e+16
6.04801e+16
8.74546e+16
9.61294e+16
1.59841e+17
1.55458e+17
2.804e+17
2.62613e+17
4.33709e+17
3.59184e+17
3.45789e+17
2.75383e+17
3.52184e+17
2.49532e+17
3.01892e+17
2.27743e+17
2.87656e+17
2.27466e+17
3.29123e+17
2.9424e+17
3.59483e+17
2.84545e+17
3.67446e+17
3.23736e+17
3.90462e+17
3.62841e+17
4.61942e+17
4.12004e+17
5.54626e+17
5.24884e+17
6.52484e+17
5.90392e+17
7.73156e+17
7.13074e+17
9.25658e+17
9.5565e+17
1.24061e+18
1.13504e+18
1.52075e+18
1.36397e+18
1.78197e+18
1.70653e+18
2.24657e+18
2.171e+18
2.85723e+18
2.73363e+18
3.7193e+18
3.60417e+18
4.91428e+18
5.14467e+18
7.22092e+18
7.57846e+18
1.22977e+19
1.41633e+19
2.56896e+19
3.32519e+19
4.6166e+19
5.51309e+19
8.43899e+18
5.52472e+18
2.13937e+18
1.74534e+18
1.1255e+18
8.99339e+17
6.24708e+17
5.0939e+17
3.98371e+17
3.40794e+17
2.4474e+17
1.87959e+17
1.8414e+17
1.49969e+17
1.34368e+17
1.24458e+17
8.76488e+16
8.45734e+16
8.36189e+16
8.08779e+16
6.31582e+16
5.28699e+16
4.73155e+16
3.45983e+16
4.17183e+16
4.05294e+16
3.56866e+16
2.79717e+16
2.92057e+16
2.35817e+16
2.40659e+16
1.62435e+16
1.71664e+16
1.45283e+16
2.61678e+16
2.32802e+16
2.31592e+16
2.14153e+16
1.49569e+16
1.61717e+16
1.59198e+16
1.4823e+16
1.5798e+16
1.24037e+16
2.05698e+16
1.51496e+16
1.87673e+16
1.77925e+16
2.81766e+16
2.81544e+16
3.83936e+16
3.85136e+16
4.60697e+16
3.98244e+16
4.09349e+16
3.96413e+16
3.23538e+16
2.89805e+16
2.72964e+16
2.34808e+16
2.29586e+16
1.82556e+16
1.96258e+16
1.1927e+16
6.22785e+15
7.09158e+15
3.25189e+15
2.03833e+15
1.0634e+15
8.44595e+14
1.02712e+15
7.45016e+14
6.70005e+14
1.02669e+14
1.0066e+15
2.11309e+15
4.50332e+14
8.9349e+14
9.74864e+14
8.53281e+14
1.47308e+15
2.03227e+15
1.04019e+15
1.01943e+15
1.99147e+15
1.58504e+15
1.60548e+15
2.12454e+15
5.81196e+14
4.3455e+14
1.15209e+15
1.27145e+15
9.57297e+14
7.99437e+14
1.00141e+15
8.45962e+14
5.23008e+14
5.55624e+14
1.82056e+15
1.86339e+15
9.05323e+15
1.54446e+16
1.88748e+16
1.63825e+16
1.56145e+16
1.77925e+16
1.77428e+16
1.5114e+16
1.4512e+16
1.38765e+16
8.2036e+15
9.92824e+15
4.8757e+15
5.18523e+15
6.19491e+15
3.4189e+15
3.61456e+15
2.64886e+15
4.75495e+15
5.62472e+15
8.44599e+15
7.09605e+15
1.96417e+16
1.53221e+16
3.07875e+16
3.31669e+16
3.4428e+16
3.07333e+16
5.29038e+16
4.46432e+16
4.95408e+16
5.2424e+16
6.00495e+16
5.88571e+16
8.06413e+16
7.51427e+16
1.14576e+17
1.31131e+17
2.00808e+17
2.15169e+17
3.75798e+17
3.88365e+17
5.8019e+17
5.80976e+17
5.52569e+17
4.84281e+17
6.13904e+17
5.00218e+17
5.71861e+17
4.46106e+17
5.12484e+17
4.38102e+17
5.28758e+17
4.67902e+17
6.24843e+17
5.43693e+17
6.29297e+17
5.92283e+17
6.74177e+17
6.19634e+17
7.79766e+17
7.15243e+17
8.80834e+17
8.20137e+17
9.43564e+17
9.6368e+17
1.256e+18
1.17808e+18
1.38574e+18
1.32195e+18
1.64202e+18
1.70187e+18
2.10447e+18
2.02431e+18
2.44951e+18
2.39702e+18
3.08975e+18
3.1215e+18
3.83431e+18
3.81503e+18
4.82721e+18
5.01341e+18
6.28989e+18
6.58396e+18
9.02523e+18
9.5248e+18
1.43335e+19
1.68996e+19
2.56881e+19
3.19449e+19
4.08146e+19
4.74808e+19
7.123e+18
4.73245e+18
1.86226e+18
1.52786e+18
1.05832e+18
8.40852e+17
6.28347e+17
4.7879e+17
3.96383e+17
3.62143e+17
2.44023e+17
2.21915e+17
1.86641e+17
1.89943e+17
1.38297e+17
1.22e+17
8.35085e+16
8.80489e+16
7.62983e+16
7.00492e+16
7.06386e+16
6.11443e+16
5.20738e+16
6.08872e+16
4.4202e+16
3.78657e+16
3.49611e+16
4.03826e+16
3.30022e+16
3.12384e+16
3.35815e+16
2.35346e+16
2.91005e+16
2.6667e+16
2.09751e+16
2.45029e+16
2.95636e+16
2.10091e+16
2.45562e+16
2.52473e+16
2.36418e+16
2.27483e+16
2.20159e+16
2.91272e+16
2.84373e+16
2.71026e+16
3.68405e+16
2.86614e+16
4.55037e+16
4.07852e+16
5.43059e+16
5.25376e+16
5.56124e+16
4.912e+16
5.11184e+16
4.89859e+16
4.12133e+16
3.55365e+16
3.27988e+16
3.07957e+16
2.59461e+16
2.50978e+16
2.01467e+16
1.55365e+16
8.26933e+15
8.39819e+15
3.91304e+15
1.86566e+15
1.70635e+15
9.67298e+14
2.74334e+15
1.36614e+15
6.28923e+14
1.51529e+14
7.29761e+14
2.27148e+15
1.02107e+15
9.18376e+14
2.22082e+15
2.65221e+15
2.30913e+15
3.18202e+15
1.68379e+15
1.84175e+15
3.28652e+15
1.77287e+15
2.43412e+15
2.33156e+15
1.04059e+15
7.91258e+14
1.93016e+15
1.32763e+15
1.06868e+15
9.50057e+14
9.41519e+14
6.88392e+14
5.43982e+14
7.97582e+14
2.13857e+15
1.85263e+15
1.0134e+16
1.50546e+16
1.91595e+16
1.73076e+16
1.82298e+16
2.44867e+16
2.23253e+16
1.75039e+16
1.47815e+16
1.41623e+16
8.52242e+15
7.78711e+15
5.85409e+15
5.98819e+15
8.36007e+15
4.26817e+15
4.11869e+15
4.17826e+15
3.92018e+15
3.56909e+15
1.26721e+16
1.46082e+16
2.15986e+16
1.96283e+16
3.86427e+16
3.66341e+16
4.50058e+16
3.91412e+16
5.54032e+16
5.52626e+16
5.39408e+16
5.81684e+16
6.96057e+16
7.09361e+16
9.73474e+16
9.35581e+16
1.38834e+17
1.5757e+17
2.64254e+17
2.86832e+17
4.55443e+17
4.69464e+17
6.80457e+17
7.49627e+17
8.23457e+17
7.11851e+17
8.22775e+17
7.56229e+17
8.3151e+17
7.52315e+17
8.48744e+17
7.24451e+17
7.57937e+17
7.2146e+17
8.17943e+17
8.0589e+17
8.87017e+17
8.20082e+17
9.25515e+17
8.79413e+17
1.1043e+18
1.06037e+18
1.37483e+18
1.20932e+18
1.31435e+18
1.2741e+18
1.56549e+18
1.52373e+18
1.85342e+18
1.87553e+18
2.1686e+18
2.14231e+18
2.6607e+18
2.70804e+18
3.08425e+18
3.20116e+18
3.79628e+18
3.91088e+18
4.6988e+18
4.76938e+18
5.54348e+18
5.96089e+18
7.40144e+18
7.75947e+18
1.00078e+19
1.12594e+19
1.53827e+19
1.77778e+19
2.5225e+19
3.04262e+19
3.61346e+19
4.17272e+19
6.50634e+18
4.15191e+18
1.70265e+18
1.54808e+18
9.48795e+17
8.3191e+17
6.02242e+17
4.89058e+17
3.49363e+17
3.11156e+17
2.57406e+17
2.22165e+17
1.99057e+17
1.59516e+17
1.39962e+17
1.10298e+17
1.098e+17
9.2085e+16
9.22117e+16
9.27008e+16
7.32057e+16
7.42167e+16
4.66724e+16
5.18323e+16
5.37223e+16
4.72897e+16
3.51603e+16
3.19067e+16
3.97244e+16
4.93482e+16
4.50352e+16
4.28315e+16
3.01685e+16
2.87018e+16
3.01478e+16
3.32842e+16
3.74181e+16
3.34909e+16
3.21092e+16
2.89735e+16
3.21959e+16
2.73146e+16
4.22417e+16
3.50469e+16
4.60263e+16
4.16612e+16
5.19146e+16
4.67364e+16
6.54461e+16
5.81462e+16
6.92673e+16
5.98662e+16
6.6837e+16
6.22822e+16
6.15609e+16
5.6025e+16
4.96622e+16
4.68967e+16
3.80373e+16
3.56378e+16
2.98377e+16
2.8856e+16
2.70637e+16
1.89372e+16
1.34836e+16
9.94199e+15
3.46447e+15
2.31175e+15
1.69824e+15
1.86518e+15
1.05691e+15
1.44272e+15
2.44413e+15
2.03187e+14
1.07425e+15
1.1285e+15
1.93919e+15
7.25551e+14
2.19079e+15
2.65784e+15
3.39374e+15
2.86819e+15
2.61605e+15
2.1478e+15
5.13897e+15
3.53516e+15
3.02787e+15
3.46922e+15
1.95649e+15
1.63913e+15
1.62173e+15
1.57821e+15
1.07304e+15
9.77788e+14
1.90801e+15
1.17968e+15
4.95544e+14
1.11914e+15
5.39013e+15
3.93296e+15
1.10116e+16
1.78438e+16
2.00822e+16
1.73751e+16
2.21691e+16
2.60438e+16
2.3198e+16
1.88482e+16
1.48568e+16
1.46114e+16
9.25825e+15
8.70659e+15
5.41687e+15
4.87259e+15
5.34307e+15
4.55569e+15
3.62416e+15
3.95126e+15
4.1062e+15
5.9293e+15
1.35602e+16
1.6524e+16
2.63083e+16
2.24116e+16
4.2117e+16
4.31081e+16
4.89629e+16
4.76772e+16
6.20029e+16
6.21533e+16
6.38681e+16
6.59865e+16
8.05384e+16
8.06051e+16
1.09783e+17
1.16881e+17
1.65465e+17
1.8589e+17
3.33502e+17
3.56663e+17
5.36699e+17
5.63509e+17
7.84686e+17
8.3334e+17
9.48694e+17
9.21471e+17
1.02271e+18
9.76634e+17
1.02278e+18
9.80946e+17
1.15087e+18
1.03622e+18
1.03863e+18
9.62273e+17
1.02503e+18
1.03898e+18
1.15728e+18
1.10129e+18
1.25398e+18
1.19095e+18
1.30854e+18
1.32702e+18
1.6887e+18
1.59058e+18
1.6776e+18
1.66138e+18
1.90968e+18
1.84209e+18
2.21023e+18
2.34505e+18
2.49928e+18
2.60321e+18
3.01247e+18
3.1014e+18
3.61995e+18
3.69876e+18
4.26231e+18
4.23711e+18
5.16633e+18
5.48766e+18
6.29885e+18
6.59857e+18
7.9878e+18
8.54218e+18
1.04829e+19
1.1879e+19
1.60178e+19
1.84968e+19
2.43901e+19
2.899e+19
3.29105e+19
3.83798e+19
6.48389e+18
4.27681e+18
1.39466e+18
1.32233e+18
8.62712e+17
7.09686e+17
5.4555e+17
5.69888e+17
4.57001e+17
3.44008e+17
2.74429e+17
2.60827e+17
1.9874e+17
1.78767e+17
1.79459e+17
1.53499e+17
1.41942e+17
1.11774e+17
1.59389e+17
1.0784e+17
1.14578e+17
1.0519e+17
9.23265e+16
6.96252e+16
5.94325e+16
4.57791e+16
4.49847e+16
4.74488e+16
5.23362e+16
4.65638e+16
3.86602e+16
3.50997e+16
4.45319e+16
3.84814e+16
5.38442e+16
4.88755e+16
3.67656e+16
3.7404e+16
4.92295e+16
4.25196e+16
6.28383e+16
5.82229e+16
5.60347e+16
5.04382e+16
7.24166e+16
7.19079e+16
7.74323e+16
7.27493e+16
7.87633e+16
7.85928e+16
8.15157e+16
6.99861e+16
7.02045e+16
6.76411e+16
6.88384e+16
6.46135e+16
5.52458e+16
4.7145e+16
4.5886e+16
4.08156e+16
3.9354e+16
3.56856e+16
2.73616e+16
2.24483e+16
2.30943e+16
1.27623e+16
8.50431e+15
3.77196e+15
1.73478e+15
1.86374e+15
1.32974e+15
1.59556e+15
3.15194e+15
6.30255e+14
1.04949e+15
1.09712e+15
2.31862e+15
9.79648e+14
2.31163e+15
3.42436e+15
5.17585e+15
5.93036e+15
6.26952e+15
4.61177e+15
6.82493e+15
4.44128e+15
3.41975e+15
3.42353e+15
1.50021e+15
2.14034e+15
1.56843e+15
1.47329e+15
1.3419e+15
9.91892e+14
2.05938e+15
1.02388e+15
6.45523e+14
1.52413e+15
6.79105e+15
5.78121e+15
1.09083e+16
1.8551e+16
2.01549e+16
1.79082e+16
2.12778e+16
2.75678e+16
2.4932e+16
2.1154e+16
1.35046e+16
1.61789e+16
1.01705e+16
1.0018e+16
6.27857e+15
5.16614e+15
6.04655e+15
3.37746e+15
3.65307e+15
2.90017e+15
7.5369e+15
1.27895e+16
1.9154e+16
1.79779e+16
2.95196e+16
2.87695e+16
4.79644e+16
5.27144e+16
6.12405e+16
5.54258e+16
7.16689e+16
6.47678e+16
7.26577e+16
7.36339e+16
9.8152e+16
9.89838e+16
1.30247e+17
1.34049e+17
1.89648e+17
2.1393e+17
3.65184e+17
4.03492e+17
6.0503e+17
6.24296e+17
8.44172e+17
9.94213e+17
9.9191e+17
1.07564e+18
1.18994e+18
1.16708e+18
1.29666e+18
1.2628e+18
1.33465e+18
1.36164e+18
1.3197e+18
1.18612e+18
1.28466e+18
1.25702e+18
1.38887e+18
1.32101e+18
1.48776e+18
1.51634e+18
1.62105e+18
1.56851e+18
1.75455e+18
1.89405e+18
2.05214e+18
1.97205e+18
2.22405e+18
2.07669e+18
2.61337e+18
2.48957e+18
3.04541e+18
3.01606e+18
3.37617e+18
3.53568e+18
3.8371e+18
4.13242e+18
4.58339e+18
4.82489e+18
5.51574e+18
5.8652e+18
6.69817e+18
7.14432e+18
8.5238e+18
9.08888e+18
1.11298e+19
1.24534e+19
1.61583e+19
1.81551e+19
2.29739e+19
2.64057e+19
3.00032e+19
3.43323e+19
5.31111e+18
3.65808e+18
1.24308e+18
1.12791e+18
9.52877e+17
7.80916e+17
5.47751e+17
4.70047e+17
3.6763e+17
3.54156e+17
3.36173e+17
3.34276e+17
2.55195e+17
2.2369e+17
1.67064e+17
1.56762e+17
1.53018e+17
1.48255e+17
1.36267e+17
1.32546e+17
9.46589e+16
9.4079e+16
9.22804e+16
1.1202e+17
8.75535e+16
6.8908e+16
5.97671e+16
5.85304e+16
5.66076e+16
5.70442e+16
6.80868e+16
5.52335e+16
4.71226e+16
4.9336e+16
5.11228e+16
4.57039e+16
7.05196e+16
5.8297e+16
6.47827e+16
6.9744e+16
6.09422e+16
6.67027e+16
8.90981e+16
8.84294e+16
8.35532e+16
8.74604e+16
9.40021e+16
8.21391e+16
9.77242e+16
9.12351e+16
8.30864e+16
7.77166e+16
7.59622e+16
6.85057e+16
7.65271e+16
6.98822e+16
6.46216e+16
5.76143e+16
4.86033e+16
4.90466e+16
4.57997e+16
3.78401e+16
3.1664e+16
2.83311e+16
2.22553e+16
1.56581e+16
9.47244e+15
6.13766e+15
4.22779e+15
2.30118e+15
3.19053e+15
2.35323e+15
3.13918e+15
8.62092e+14
1.04198e+15
1.18325e+15
3.20178e+15
1.14738e+15
2.69781e+15
3.82096e+15
7.44624e+15
1.17352e+16
9.36161e+15
8.48056e+15
8.58736e+15
5.68453e+15
5.73455e+15
3.88859e+15
1.66207e+15
2.2533e+15
1.00685e+15
1.15821e+15
1.95473e+15
2.1129e+15
1.87869e+15
6.90755e+14
1.37913e+15
2.4148e+15
6.5814e+15
1.00547e+16
1.18318e+16
2.10199e+16
2.13517e+16
1.93416e+16
2.21009e+16
2.28277e+16
2.74785e+16
2.18221e+16
1.29111e+16
1.43777e+16
1.02287e+16
8.39e+15
7.70758e+15
4.90356e+15
5.28816e+15
4.22224e+15
2.03498e+15
2.86527e+15
9.09015e+15
1.50941e+16
1.97403e+16
2.34919e+16
3.0668e+16
3.30724e+16
5.08843e+16
4.97904e+16
7.54463e+16
6.99035e+16
8.10194e+16
7.39742e+16
8.69028e+16
8.22083e+16
1.07055e+17
1.06171e+17
1.51112e+17
1.54915e+17
2.13684e+17
2.30038e+17
4.0056e+17
4.51237e+17
6.80355e+17
7.43895e+17
9.19943e+17
1.0373e+18
1.27438e+18
1.12712e+18
1.31404e+18
1.26465e+18
1.38158e+18
1.32954e+18
1.40275e+18
1.37152e+18
1.47538e+18
1.42175e+18
1.36675e+18
1.32227e+18
1.46222e+18
1.61977e+18
1.73277e+18
1.75322e+18
1.90791e+18
1.8957e+18
1.83587e+18
1.9126e+18
2.18713e+18
2.18661e+18
2.44322e+18
2.43843e+18
2.79281e+18
3.02929e+18
2.99008e+18
3.38456e+18
3.72892e+18
3.71722e+18
4.23525e+18
4.33346e+18
5.02986e+18
5.18697e+18
5.82215e+18
6.01107e+18
7.06729e+18
7.61405e+18
8.67761e+18
9.35061e+18
1.11234e+19
1.27709e+19
1.5881e+19
1.76244e+19
2.23233e+19
2.45573e+19
2.73356e+19
3.19387e+19
3.9386e+18
2.90619e+18
1.03041e+18
9.7029e+17
8.07432e+17
7.36458e+17
6.59458e+17
5.50401e+17
4.7959e+17
3.31507e+17
3.35015e+17
2.79204e+17
2.39109e+17
2.20769e+17
1.88441e+17
1.78972e+17
1.56314e+17
1.43386e+17
1.07168e+17
1.28882e+17
8.04134e+16
1.14616e+17
8.22293e+16
9.79068e+16
6.3326e+16
5.57706e+16
6.5314e+16
6.86997e+16
5.39217e+16
5.36222e+16
6.68192e+16
6.27298e+16
8.52611e+16
7.5596e+16
8.59424e+16
6.935e+16
9.14979e+16
9.13974e+16
8.68883e+16
7.30127e+16
9.89397e+16
1.03634e+17
9.47118e+16
9.32231e+16
9.2995e+16
8.95271e+16
1.1127e+17
1.11632e+17
1.03379e+17
9.51275e+16
8.98563e+16
9.01211e+16
8.36671e+16
8.24323e+16
8.23323e+16
7.82727e+16
6.73672e+16
5.90285e+16
5.13455e+16
5.21891e+16
4.32599e+16
4.28426e+16
3.59309e+16
3.17883e+16
2.84938e+16
2.66272e+16
9.90234e+15
7.25977e+15
6.70839e+15
2.48236e+15
2.78056e+15
3.87519e+15
4.34222e+15
1.05637e+15
9.82366e+14
1.20011e+15
3.21889e+15
1.38579e+15
2.78885e+15
6.18518e+15
1.03045e+16
1.60682e+16
1.24597e+16
1.1292e+16
1.15498e+16
6.99992e+15
5.98075e+15
5.23057e+15
1.85522e+15
1.96873e+15
1.04004e+15
1.05959e+15
1.87805e+15
2.18652e+15
1.84201e+15
6.45493e+14
2.27135e+15
3.63203e+15
9.02979e+15
1.04539e+16
1.40108e+16
2.24292e+16
2.05726e+16
1.98967e+16
2.52001e+16
2.40599e+16
2.56392e+16
2.22481e+16
1.29145e+16
1.44099e+16
1.06093e+16
8.65958e+15
7.87114e+15
4.90034e+15
5.73611e+15
4.63172e+15
2.52501e+15
4.44195e+15
1.99905e+16
1.1077e+16
2.10836e+16
2.92709e+16
3.67129e+16
3.47973e+16
5.66287e+16
6.50141e+16
8.00436e+16
7.55385e+16
8.81794e+16
8.87376e+16
9.91957e+16
9.87338e+16
1.22432e+17
1.29305e+17
1.60528e+17
1.8109e+17
2.44293e+17
2.58817e+17
3.92822e+17
4.84281e+17
6.91691e+17
7.88323e+17
9.16798e+17
1.06531e+18
1.22714e+18
1.2173e+18
1.27972e+18
1.40394e+18
1.46167e+18
1.39907e+18
1.51534e+18
1.5355e+18
1.61398e+18
1.53456e+18
1.56595e+18
1.54265e+18
1.60842e+18
1.69821e+18
1.69824e+18
1.83902e+18
1.99061e+18
2.04147e+18
2.27169e+18
2.11189e+18
2.35086e+18
2.4904e+18
2.46273e+18
2.61623e+18
2.84609e+18
3.10212e+18
3.26421e+18
3.25533e+18
3.76797e+18
3.97892e+18
4.43523e+18
4.46391e+18
4.84126e+18
5.29844e+18
5.71167e+18
6.42533e+18
6.9654e+18
7.41305e+18
8.66452e+18
9.46645e+18
1.09907e+19
1.24639e+19
1.53704e+19
1.74989e+19
2.08894e+19
2.42059e+19
2.57391e+19
3.09617e+19
2.29807e+18
1.94135e+18
9.23445e+17
8.55073e+17
7.53855e+17
6.40243e+17
5.20433e+17
5.27282e+17
4.61e+17
4.19217e+17
2.43286e+17
3.44056e+17
2.50191e+17
2.24398e+17
2.04809e+17
1.62311e+17
1.58389e+17
1.38623e+17
1.03005e+17
1.11627e+17
9.7087e+16
9.76988e+16
8.03386e+16
8.06815e+16
8.3577e+16
8.35886e+16
9.58892e+16
7.93829e+16
8.74698e+16
8.05974e+16
8.89102e+16
8.46408e+16
9.28173e+16
9.62611e+16
1.00464e+17
1.01087e+17
1.19599e+17
8.48364e+16
1.20434e+17
1.27476e+17
8.61075e+16
8.92899e+16
1.00269e+17
9.61993e+16
1.0534e+17
1.13363e+17
1.20311e+17
1.17139e+17
1.0698e+17
9.71408e+16
1.0239e+17
1.00366e+17
9.42243e+16
9.0285e+16
8.02586e+16
7.86193e+16
6.699e+16
6.13803e+16
5.83485e+16
5.58384e+16
5.60238e+16
4.81063e+16
3.69742e+16
3.80782e+16
4.33109e+16
3.68069e+16
3.30167e+16
1.90775e+16
3.01433e+16
5.05564e+15
4.38111e+15
3.04606e+15
3.3188e+15
1.40968e+15
1.25198e+15
1.19042e+15
4.30804e+15
1.76667e+15
3.51523e+15
6.65678e+15
1.21242e+16
1.74766e+16
1.41744e+16
1.30074e+16
8.49262e+15
9.37109e+15
4.57395e+15
3.58109e+15
1.927e+15
1.92063e+15
1.14656e+15
1.06268e+15
2.57748e+15
2.34126e+15
6.56173e+14
5.35026e+14
3.33099e+15
3.30534e+15
9.74296e+15
1.37173e+16
1.63102e+16
2.29651e+16
2.09575e+16
2.06014e+16
2.26505e+16
2.41033e+16
2.29951e+16
2.25592e+16
1.42821e+16
1.46334e+16
1.01055e+16
8.8593e+15
4.91483e+15
4.91908e+15
6.66477e+15
7.1849e+15
3.33133e+15
6.38709e+15
2.13266e+16
1.70291e+16
2.28864e+16
2.28797e+16
4.61398e+16
4.09515e+16
6.67391e+16
7.18259e+16
8.75322e+16
8.27474e+16
1.00304e+17
9.76764e+16
1.17455e+17
1.11708e+17
1.35443e+17
1.4448e+17
2.12534e+17
1.98132e+17
2.77264e+17
2.92952e+17
3.84401e+17
4.73422e+17
7.55602e+17
8.46246e+17
1.00624e+18
1.03163e+18
1.20492e+18
1.36823e+18
1.1882e+18
1.17527e+18
1.3543e+18
1.44421e+18
1.50279e+18
1.565e+18
1.62147e+18
1.64602e+18
1.64563e+18
1.66147e+18
1.74747e+18
1.7522e+18
1.8395e+18
1.88848e+18
2.01942e+18
2.09412e+18
2.27116e+18
2.38274e+18
2.28884e+18
2.41296e+18
2.69963e+18
2.53333e+18
2.97349e+18
2.94566e+18
3.30982e+18
3.37127e+18
3.70913e+18
4.01033e+18
4.30318e+18
4.5414e+18
4.70352e+18
5.19131e+18
5.55965e+18
6.01698e+18
6.86239e+18
7.22373e+18
8.36472e+18
9.28401e+18
1.07296e+19
1.21913e+19
1.45798e+19
1.67305e+19
2.00551e+19
2.34903e+19
2.64583e+19
2.86268e+19
2.39789e+17
1.07677e+17
6.83403e+15
3.02539e+15
1.70354e+15
2.39538e+16
6.73575e+15
1.90889e+16
9.09938e+14
7.05556e+16
3.41621e+16
1.37465e+17
6.95497e+16
4.99887e+16
1.07919e+17
1.53799e+16
1.35025e+16
2.15533e+16
1.21626e+17
1.45511e+15
8.81506e+16
1.02277e+17
7.50269e+16
6.11559e+16
1.15913e+16
1.2989e+16
2.01398e+16
3.60785e+16
2.2372e+16
1.5924e+16
6.03397e+15
5.75302e+15
8.79992e+15
1.08449e+16
1.16101e+16
2.74714e+16
2.49849e+16
5.45192e+16
1.97073e+16
1.2849e+16
3.31532e+15
1.98087e+15
3.91073e+15
2.5632e+15
1.23017e+15
7.32383e+14
4.22203e+15
5.45168e+14
8.44382e+15
