*** 7. Data for primary sources, nstrai strata                          
     6
     6     6     6     6     6    -1
 5.00000E-01
*   6 : Volumetric recombination D                                      
FFFFF
  7000  4001     6     1     0
 1.00000E+00 0.00000E+00     0     0     0     0     0     0     0     0
FFFTF
     1
FFFTF
     1
     6     0     0     0     0     0     0     0     0
 1.00000E+00 1.40000E+02 1.00000E+00 0.00000E+00 0.00000E+00
     0     0     0     0     0     0     0
 0.00000E+00 0.00000E+00 0.00000E+00 0.00000E+00 0.00000E+00 0.00000E+00
 0.00000E+00 0.00000E+00 0.00000E+00 0.00000E+00 0.00000E+00
 0.00000E+00 0.00000E+00 0.00000E+00 0.00000E+00 0.00000E+00
