0.0559883
0.29762
0.0864682
0.0870995
0.195277
0.259143
0.190109
0.346802
0.33828
0.0580512
0.0716399
0.218884
0.141623
0.269434
0.0912023
0.102354
0.20498
1.26372
0.140392
0.139217
0.220722
0.140226
0.182391
1.36464
0.276597
0.480627
0.177016
0.19335
0.231377
0.148879
0.132685
0.820449
0.330944
0.71426
0.176186
0.159464
0.184317
0.1595
0.17162
0.158608
0.179022
0.174792
0.165382
0.195359
0.170229
0.160848
0.161443
0.174297
0.274159
0.227242
0.129033
0.106669
0.118251
0.0525973
0.102694
0.15172
0.119578
0.10531
0.133399
0.0923662
0.415073
0.452765
0.241574
0.162318
0.48259
0.174625
0.155625
0.123081
0.442055
0.162878
0.18865
0.499041
0.166922
0.0995165
0.503349
0.181403
0.168867
0.569428
0.113451
0.376236
0.152191
0.0630027
0.869129
0.124965
0.349712
0.15925
0.325243
0.122486
0.185848
0.154338
0.169839
0.196552
0.161682
0.156645
0.219262
0.463676
0.151844
0.165872
0.228382
0.380157
0.205381
0.15159
0.185617
0.157311
0.15644
0.690705
0.217279
0.142961
0.169289
0.173301
0.150686
0.144443
0.1555
0.152692
0.720639
0.153466
0.147683
0.169995
0.313879
0.145742
0.205359
0.267101
0.196681
0.224356
0.390456
0.138039
0.0773991
0.139951
0.306023
0.220058
0.113165
0.0985021
0.110775
0.101978
0.196181
0.244892
0.135599
0.139682
0.268987
0.160213
0.150031
0.0967578
0.172308
0.219272
0.146944
0.183498
0.545648
0.306703
0.181609
0.0917059
0.130904
0.150812
0.141182
0.0416501
0.156201
0.0864935
0.121054
0.0627508
0.521941
0.13904
0.156235
0.153853
0.0803335
0.129073
0.0897258
0.0650725
0.175327
0.505304
0.172049
0.157634
0.176927
0.17997
0.204166
0.186699
0.126294
0.155077
0.169553
0.460118
0.190925
0.167932
0.104071
0.101842
0.151515
0.133807
0.208641
0.218786
0.160885
0.203097
0.136531
0.176906
0.526796
0.129059
0.25302
0.151554
0.175444
0.168563
0.164752
0.219967
0.182247
0.217703
0.307423
0.159424
0.146104
0.132614
0.636763
0.0703897
0.138635
0.24104
0.187053
0.187878
0.167978
0.0936107
0.0567955
0.136355
0.199113
0.276636
0.208301
0.151353
0.168469
0.174666
0.170987
0.120273
0.110792
0.11251
0.112608
0.123544
0.118844
0.11159
0.0601669
0.094587
0.170684
0.174726
0.0684111
0.119141
0.184686
0.167522
0.15902
0.132481
0.133318
0.173342
0.169071
0.154396
0.0900814
0.149828
0.191022
0.118262
0.140364
0.203416
0.237872
0.179898
0.1246
0.161012
0.0938891
0.0947993
0.196927
0.0884613
0.152993
0.165144
0.0671544
0.151751
0.148793
0.116944
0.120878
0.188272
0.162151
0.211916
0.248293
0.305461
0.23223
0.0826957
0.107342
0.154477
0.0872985
0.221874
0.148966
0.184567
0.189132
0.131358
0.185227
0.217526
0.152277
0.253879
0.185245
0.292918
0.176717
0.221467
0.253018
0.147698
0.246086
0.162791
0.094487
0.0577299
0.182255
0.0968352
0.378861
0.3997
0.263883
0.152525
0.155398
0.131672
0.115349
0.136262
0.163267
0.187107
0.19261
0.224402
0.236251
0.22154
0.23127
0.260109
0.241047
0.243893
0.231046
0.229397
0.177659
0.193522
0.248437
0.212056
0.232279
0.23271
0.200383
0.196795
0.0698139
0.093102
0.0946229
0.0972119
0.0993167
0.0595567
0.0721452
0.0602765
0.0825409
0.0410881
0.290894
0.36348
0.557578
0.253245
0.459962
0.627235
0.521667
1.05333
0.537618
1.22088
1.23543
0.0298343
0.534099
0.413812
1.53369
0.619739
0.719606
0.687633
0.65777
0.533296
0.645094
1.2252
1.21612
0.506248
0.647811
1.124
0.413402
0.336082
0.38856
0.124538
0.239181
0.217013
0.411064
0.240392
0.611685
0.553033
0.798835
0.274972
0.31055
0.108988
0.305694
0.157802
0.11858
0.0938171
0.186636
0.420633
0.36081
0.118869
0.174541
0.241008
0.0714681
0.0778042
0.183967
0.0936923
0.0843966
0.0872252
0.0968953
0.0350583
0.0852853
0.0765324
0.0580444
0.0474933
0.0742284
0.0695864
0.206655
0.0916213
0.0871009
0.060085
0.0806105
0.0743313
0.083377
0.088054
0.0694047
0.175534
0.170888
0.198267
0.160224
0.0925402
0.0980248
0.0994996
0.0821349
0.0865455
0.0969352
0.0981522
0.0909652
0.111734
0.180572
0.127597
0.0832653
0.125723
0.108261
0.111793
0.0967527
0.0983783
0.0670062
0.0503495
0.0645785
0.13289
0.125532
0.137053
0.154449
0.0949487
0.0916078
0.134311
0.090029
0.0704061
0.0725383
0.109715
0.0913811
0.0973963
0.166547
0.347814
0.341711
0.0940151
0.0884195
0.0901777
0.396778
0.324524
0.114627
0.255727
0.0437401
0.049889
0.0737624
0.0778145
0.0890514
0.322622
0.325851
0.220598
0.452869
0.291273
0.440096
0.221952
0.238256
0.237041
0.383386
0.393378
0.0986893
0.0995164
0.0793279
0.0840833
0.225195
0.115871
0.169291
0.293651
0.359733
0.345936
0.367323
0.175661
0.0968873
0.374413
0.412169
0.331191
0.300371
0.21117
0.537386
0.324444
0.334695
0.257289
0.236718
0.163496
0.168796
0.0588872
0.0802432
0.0891781
0.0844235
0.310028
0.328297
0.355265
0.149481
0.102137
0.0915072
0.0939454
0.211137
0.12569
0.0746601
0.075002
0.137538
0.127164
0.429321
0.0836157
0.140448
0.146185
0.10427
0.251233
0.160076
0.0752064
0.0776613
0.0729688
0.0733723
0.161103
0.108641
0.22218
0.100549
0.249215
0.304093
0.225273
0.303321
0.239796
0.252129
0.321124
0.180665
0.236668
0.208643
0.321065
0.307432
0.428552
0.40727
0.329827
0.129821
0.0790124
0.0752524
0.0825129
0.0799295
0.162584
0.441555
0.472421
0.461152
0.413463
0.29589
0.0809628
0.0870557
0.0861861
0.217995
0.283152
0.419016
0.0830029
0.0923329
0.0809427
0.0796462
0.0863461
0.0952196
0.166832
0.090852
0.0679272
0.0652415
0.308685
0.225967
0.0740651
0.40501
0.0493022
0.0430821
0.0861988
0.139933
0.0934422
0.0891937
0.102218
0.102651
0.0990164
0.0905775
0.0996686
0.0992812
0.095804
0.0973964
0.0957161
0.168781
0.0558412
0.0748723
0.0737487
0.180806
0.0758269
0.0959437
0.042973
0.100471
0.194446
0.107402
0.172707
0.0974527
0.0462661
0.156874
0.0406809
0.0704357
0.184667
0.087122
0.0876813
0.0658037
0.0934403
0.092584
0.0913308
0.0920887
0.064599
0.129534
0.0951887
0.0949992
0.164819
0.109328
0.101962
0.0797856
0.191561
0.0964032
0.089862
0.153283
0.218898
0.142592
0.159148
0.123731
0.0900368
0.0434866
0.0807729
0.0365378
0.0505947
0.0391316
0.147535
0.0760303
0.265588
0.183218
0.299559
0.0962425
0.288359
0.287924
0.194473
0.274975
0.250285
0.254919
0.207307
0.232557
0.310522
0.109002
0.304516
0.0465812
0.0975609
0.0821025
0.0938272
0.270869
0.0746656
0.0850187
0.136018
0.270842
0.288862
0.220546
0.248995
0.0970647
0.0979462
0.250792
0.0822465
0.0747557
0.0483461
0.077035
0.0729844
0.0876373
0.0737438
0.0725006
0.0693409
0.0480135
0.0640946
0.0683943
0.0917654
0.066218
0.111558
0.11279
0.0615243
0.0672125
0.0979372
0.0825114
0.0976176
0.147386
0.14031
0.0934531
0.0667255
0.0937661
0.0942511
0.0944659
0.0828983
0.105106
0.0814375
0.0959371
0.108951
0.0886247
0.0811563
0.0794733
0.0982524
0.0817904
0.106283
0.175647
0.144276
0.0671384
0.0718501
0.0697893
0.0691718
0.0991548
0.126342
0.322374
0.141851
0.0742006
0.0960932
0.0920909
0.106063
0.112489
0.0956362
0.226035
0.191905
0.0837454
0.0630699
0.148031
0.132111
0.18546
0.0853344
0.0875776
0.11392
0.123571
0.0983509
0.0939063
0.104348
0.0805698
0.100228
0.0895395
0.0964174
0.0806815
0.0695777
0.221712
0.0595739
0.0526474
0.0955593
0.107223
0.0924961
0.0856733
0.0937352
0.143422
0.114899
0.0931257
0.109413
0.087878
0.0745967
0.068275
0.0950174
0.0837637
0.0786019
0.0784022
0.124464
0.0806622
0.105922
0.0984036
0.0983445
0.0899944
0.0922386
0.0948875
0.0634597
0.0798241
0.0720315
0.0872579
0.226829
0.0606062
0.0636692
0.0876151
0.205147
0.238948
0.211815
0.195075
0.216194
0.0793944
0.0939165
0.113328
0.431759
0.143024
0.234724
0.228324
0.167886
0.27109
0.111734
0.0962636
0.0888928
0.0905287
0.172882
0.241612
0.265709
0.0940921
0.0823691
0.084053
0.0952653
0.078693
0.0851082
0.0755239
0.0781175
0.0722053
0.14526
0.0618081
0.116773
0.0822463
0.125118
0.1307
0.101884
0.0661536
0.0871371
0.0766767
0.101072
0.0855567
0.0955559
0.0881946
0.132299
0.086498
0.123191
0.184927
0.212652
0.089282
0.124491
0.092965
0.175428
0.13621
0.23153
0.0944609
0.0854726
0.0893009
0.0922003
0.0957912
0.0940462
0.0949864
0.0901887
0.0895317
0.0846819
0.0846557
0.0868306
0.391115
0.20702
0.317599
0.245332
0.0768551
0.0730093
0.0765775
0.0802924
0.162001
0.181126
0.16806
0.145347
0.105675
0.10615
0.191346
0.157166
0.117776
0.190056
0.0907001
0.0547891
0.0902921
0.0745002
0.0797845
0.180017
0.168786
0.143452
0.230027
0.196083
0.1229
0.177237
0.166674
0.155941
0.122817
0.182883
0.216648
0.0888019
0.0810429
0.0762122
0.116845
0.073109
0.199866
0.198869
0.231378
0.264714
0.0859608
0.0849683
0.197971
0.184295
0.136426
0.198157
0.234079
0.223286
0.242402
0.209495
0.159655
0.173146
0.0831873
0.0775345
0.0927197
0.292634
0.192022
0.168214
0.196588
0.105324
0.0804596
0.255018
0.221839
0.250126
0.1838
0.20585
0.0989158
0.281564
0.0842266
0.202573
0.0829742
0.108965
0.0927737
0.0850809
0.0904433
0.0933551
0.132941
0.0836483
0.0861798
0.0687758
0.08826
0.0868243
0.104862
0.0820631
0.0829618
0.0899277
0.0917247
0.222013
0.193786
0.317504
0.0954094
0.0785929
0.0973147
0.0991962
0.0837474
0.0968418
0.208466
0.237103
0.150859
0.0490826
0.0900941
0.0828492
0.0697461
0.075455
0.243775
0.214491
0.1089
0.110551
0.0911251
0.0956677
0.162596
0.0902389
0.0917027
0.0907051
0.0782822
0.0339613
0.0959265
0.142625
0.0991226
0.0943249
0.202261
0.078108
0.0925178
0.0916028
0.128098
0.0890521
0.0324658
0.0844138
0.0777081
0.0814906
0.0941304
0.0547894
0.07615
0.0347136
0.0826685
0.351051
0.367173
0.247439
0.236949
0.0889189
0.0946437
0.0995519
0.0920584
0.0935145
0.0894488
0.0916281
0.090303
0.0884695
0.100507
0.0628217
0.0846998
0.0946341
0.0838317
0.318408
0.277165
0.31238
0.101196
0.0994382
0.220569
0.120049
0.0974043
0.0942042
0.0953413
0.0954232
0.144293
0.0947129
0.0810215
0.0968448
0.148074
0.176044
0.140811
0.0953566
0.0564155
0.255328
0.25257
0.218526
0.298646
0.0826249
0.0967198
0.0878166
0.0759677
0.097203
0.0817048
0.0961046
0.0869185
0.093538
0.0879882
0.0717392
0.0587769
0.089472
0.0455021
0.0535714
0.0707778
0.0714941
0.0737463
0.0867239
0.0488451
0.0635428
0.0877087
0.0942261
0.0855196
0.0751972
0.0974193
0.206211
0.216113
0.262996
0.233034
0.267795
0.245039
0.292367
0.230932
0.259834
0.232615
0.231632
0.181478
0.174435
0.182996
0.208327
0.175919
0.181947
0.19598
0.224394
0.197966
0.253919
0.208668
0.227516
0.188523
0.240844
0.215169
0.199695
0.172726
0.182477
0.170494
0.167781
0.174289
0.134536
0.199904
0.211241
0.167816
0.23883
0.138192
0.223942
0.191682
0.217702
0.167561
0.18256
0.204923
0.252349
0.215482
0.298831
0.212734
0
0
0
0
0
0
0
0
0
0
0
0
0
0
0
0
0
0
0
0
0
0
0
0
0
0
0
0
0
0
0
0
0
0
0
0
0
0
0
0
0
0
0
0
0
0
0
0
0
0
-9.4739e-15
0
0
0
0
0
0
0
0
0
0
0
0
0
0
0
0
0
0
0
0
0
3.78956e-14
-1.89478e-14
0
0
0
0
0
0
0
0
0
0
0
0
0
0
0
0
0
0
0
0
0
0
0.218544
0.207659
0.223396
0.247225
0.266506
0.237006
0.199698
0.177262
0.168279
0.212359
0.189794
0.225277
0.257702
0.284305
0.243197
0.3384
0.130166
0.166153
0.128602
0.0825792
0.120918
0.152146
0.0971635
0.103872
0.136082
0.10893
0.0732537
0.0702286
0.106073
0.0948077
0.0803496
0.0856294
0.104214
0.100783
0.0988224
0.0957022
0.0850328
0.105614
0.110562
0.0980016
0.114452
0.129459
0.126914
0.141936
0.159397
0.196318
0.186297
0.194799
0.202942
0.221202
0.2411
0.286655
0.310996
0.316533
0.359942
0.375912
0.320725
0.327427
0.320482
0.26822
0.313533
0.241842
0.283968
0.222439
0.207171
0.202211
0.265899
0.270185
0.270637
0.280093
0.237758
0.24689
0.20261
0.267249
0.273961
0.247591
0.308966
0.266326
0.296412
0.271006
0.366873
0.264546
0.367914
0.246161
0.332549
0.236018
0.27125
0.271294
0.33961
0.401384
0.387665
0.267257
0.380334
0.335067
0.382089
0.256903
0
0
0
0
0
0
0
0
0
0
0
0
0
0
0
0
0
0
0
0
0
0
0
0
0
0
0
0
0
0
0
0
0
0
0
0
0
0
0
0
0
0
0
0
0
0
0
0
0
0
9.4739e-15
-9.4739e-15
0
0
0
0
0
0
0
0
0
0
0
0
0
0
0
0
0
0
0
0
1.89478e-14
-1.89478e-14
0
0
0
0
0
0
0
0
0
0
0
0
0
0
0
0
0
0
0
0
0
0
0.275103
0.342226
0.213545
0.231993
0.288597
0.271491
0.196568
0.185302
0.205298
0.193532
0.235802
0.221717
0.154895
0.193394
0.206024
0.30271
0.217236
0.229516
0.145266
0.134994
0.0871727
0.157658
0.103795
0.0799923
0.0969336
0.128901
0.0659845
0.0618238
0.11876
0.114796
0.122944
0.109351
0.108469
0.128166
0.123119
0.104659
0.0890104
0.118971
0.11718
0.103801
0.119936
0.117902
0.145212
0.142775
0.152942
0.168019
0.213859
0.195269
0.223064
0.234511
0.259604
0.294386
0.358578
0.372159
0.401087
0.376338
0.33072
0.363278
0.362103
0.325255
0.342649
0.339973
0.393937
0.291711
0.326943
0.313905
0.31476
0.289939
0.338878
0.265804
0.363648
0.24263
0.316228
0.356971
0.467845
0.42814
0.425233
0.356795
0.252657
0.299561
0.313022
0.38464
0.379359
0.326187
0.331465
0.35553
0.357731
0.394889
0.357185
0.483599
0.504617
0.490748
0.601373
0.398294
0.556433
0.392064
0
0
0
0
0
0
0
0
0
0
0
0
0
0
0
0
0
0
0
0
0
0
0
0
0
0
0
0
0
0
0
0
0
0
0
0
0
0
0
0
0
0
0
0
0
0
0
0
0
9.4739e-15
-9.4739e-15
-9.4739e-15
0
-3.78956e-14
0
0
0
0
0
0
0
0
0
0
0
0
0
0
0
0
0
0
-3.78956e-14
1.89478e-14
0
0
0
0
0
0
0
0
0
0
0
0
0
0
0
0
0
0
0
0
0
0
0.339719
0.396947
0.35205
0.247333
0.357028
0.281342
0.310675
0.19592
0.254461
0.234642
0.271974
0.257571
0.153124
0.152783
0.240463
0.187347
0.277737
0.205301
0.0858164
0.184054
0.207757
0.0453359
0.144574
0.0809336
0.124807
0.135861
0.0790574
0.0739568
0.116119
0.117556
0.108422
0.101703
0.152891
0.136597
0.115353
0.0923833
0.0963452
0.117242
0.138844
0.111864
0.138664
0.145943
0.137005
0.152357
0.154519
0.169747
0.194371
0.208685
0.223827
0.233539
0.315568
0.325514
0.377957
0.373037
0.394622
0.453351
0.47184
0.377445
0.474581
0.404623
0.427121
0.381047
0.419019
0.366523
0.369811
0.315801
0.392444
0.331006
0.414725
0.378482
0.548274
0.614219
0.484039
0.448028
0.545466
0.491356
0.46325
0.473419
0.464906
0.420477
0.412965
0.416687
0.566172
0.334915
0.391266
0.425857
0.353793
0.560329
0.769916
0.745851
0.585126
0.593313
0.641159
0.728826
0.570823
0.507726
0
0
0
0
0
0
0
0
0
0
0
0
0
0
0
0
0
0
0
0
0
0
0
0
0
0
0
0
0
0
0
0
0
0
0
0
0
0
0
0
0
0
0
0
0
0
0
0
12.026
1.40777
-1.89478e-14
-9.4739e-15
-3.78956e-14
-3.78956e-14
0
0
0
0
0
0
0
0
0
0
0
0
-7.57912e-14
-3.78956e-14
0
0
0
0
1.89478e-14
3.78956e-14
0
0
0
0
0
0
0
0
0
0
0
0
0
0
0
0
0
0
0
0
0
0
0.527658
0.477822
0.656284
0.579605
0.482888
0.416561
0.2991
0.273761
0.314222
0.326327
0.283278
0.275607
0.169433
0.168075
0.219906
0.196686
0.345565
0.215326
0.107133
0.0466406
0.114699
0.0929487
0.131936
0.0999045
0.119333
0.12049
0.0556602
0.083452
0.13999
0.0925235
0.150369
0.10183
0.120922
0.134192
0.152619
0.0860004
0.123315
0.138573
0.161662
0.129624
0.156977
0.135823
0.111125
0.144723
0.211879
0.17468
0.207376
0.200613
0.237731
0.252004
0.340883
0.399892
0.532664
0.487394
0.516798
0.437402
0.42136
0.595753
0.412014
0.36407
0.507387
0.491841
0.403505
0.480725
0.45098
0.465044
0.416402
0.426494
0.515494
0.560122
0.437264
0.456812
0.644766
0.544561
0.671538
0.608809
0.676765
0.459566
0.479545
0.513697
0.566967
0.495248
0.497848
0.812098
0.582947
0.488869
0.926486
0.538798
1.21942
0.86167
1.13703
0.796892
1.10815
0.780119
0.692914
0.752757
0
0
0
0
0
0
0
0
0
0
0
0
0
0
0
0
0
0
0
0
0
0
0
0
0
0
0
0
0
0
0
0
0
0
0
0
0
0
0
0
0
0
0
0
0
0
0
0
11.0784
13.2671
-9.4739e-15
9.4739e-15
-3.78956e-14
-3.78956e-14
0
0
0
0
0
0
0
0
0
0
0
0
-3.78956e-14
-3.78956e-14
0
0
0
0
3.78956e-14
-1.89478e-14
0
0
0
0
0
0
0
0
0
0
0
0
0
0
0
0
0
0
0
0
0
0
0.674396
0.678386
0.875933
1.00615
0.797546
0.587884
0.73089
0.370604
0.516869
0.494597
0.340929
0.285664
0.312932
0.201978
0.447363
0.365459
0.716653
0.273362
0.173267
0.0836501
0.0659176
0.120617
0.1483
0.151592
0.141752
0.091174
0.0630563
0.0862464
0.117895
0.098568
0.183505
0.159604
0.136743
0.13104
0.154793
0.159965
0.19057
0.209632
0.123088
0.103322
0.13923
0.132274
0.148265
0.183929
0.218357
0.226112
0.20479
0.207234
0.246331
0.293616
0.402908
0.423924
0.632261
0.567577
0.598097
0.454468
0.466655
0.499677
0.772083
0.475111
0.578465
0.527811
0.714837
0.660309
0.562927
0.46065
0.5518
0.4369
0.599081
0.56421
0.645563
0.589364
0.454741
0.583438
0.740791
1.0124
0.920623
0.818127
0.596998
0.639888
0.731132
0.603154
0.582134
0.496093
0.810648
0.68673
0.670556
0.492374
1.3951
1.77631
1.76433
1.21794
0.98861
0.908811
0.631428
0.855227
0
0
0
0
0
0
0
0
0
0
0
0
0
0
0
0
0
0
0
0
0
0
0
0
0
0
0
0
0
0
0
0
0
0
0
0
0
0
0
0
0
0
0
0
0
0
0
0
10.058
12.9948
-9.4739e-15
-9.4739e-15
0
-3.78956e-14
0
0
0
0
0
0
0
0
0
0
0
0
-3.78956e-14
-3.78956e-14
0
0
0
0
0
0
0
0
0
0
0
0
0
0
0
0
0
0
0
0
0
0
0
0
0
0
0
0
0.740532
0.908952
1.19531
1.43315
1.05215
0.782919
0.726308
0.577113
0.406441
0.611282
0.546824
0.312272
0.460493
0.394155
0.340662
0.298211
1.16183
0.397642
0.120757
0.351369
0.0444094
0.0293983
0.12854
0.0928488
0.261444
0.146868
0.107572
0.133226
0.11284
0.128659
0.306959
0.179553
0.145946
0.167646
0.236506
0.136281
0.247622
0.205881
0.180652
0.153786
0.147329
0.15473
0.166194
0.208919
0.225949
0.27564
0.211489
0.212976
0.265357
0.301434
0.511553
0.532563
0.688505
0.677631
0.717846
0.584008
0.579549
0.620202
0.709352
0.696943
0.789583
0.746438
0.670014
0.682605
0.477115
0.64503
0.789796
0.501316
0.748155
0.599017
0.865354
0.691867
0.667505
0.557793
0.799919
1.00539
0.61056
0.928755
0.846868
1.4161
1.19631
0.872543
0.918719
0.684919
0.580725
0.541763
1.13551
0.767949
0.878903
0.767619
0.800871
1.63887
1.01556
0.842275
0.611933
0.844146
0
0
0
0
0
0
0
0
0
0
0
0
0
0
0
0
0
0
0
0
0
0
0
0
0
0
0
0
0
0
0
0
0
0
0
0
0
0
0
0
0
0
0
0
0
0
0
0
8.98223
12.6986
-9.4739e-15
-9.4739e-15
0
0
0
0
0
0
0
0
0
0
0
0
0
0
-3.78956e-14
-7.57912e-14
0
0
0
0
-1.89478e-14
3.78956e-14
0
0
0
0
0
0
0
0
0
0
0
0
0
0
0
0
0
0
0
0
0
0
0.942214
0.796456
1.56087
1.49817
0.768222
0.809673
0.778026
0.740839
0.543739
0.6249
0.504285
0.579882
0.547599
0.674502
0.221451
0.362757
1.28645
0.759665
0.0895555
0.275991
3.19169
0.72101
0.0841386
0.145585
0.507921
0.42972
0.429729
0.166279
0.203873
0.183141
0.3765
0.191639
0.183218
0.267415
0.299884
0.355712
0.32043
0.207099
0.233254
0.240078
0.161605
0.144198
0.200512
0.209632
0.238805
0.277338
0.223602
0.210547
0.276719
0.330119
0.594466
0.702003
0.802979
0.746065
1.02809
0.731327
0.757736
0.825365
1.00168
0.851588
0.875629
0.652921
1.04487
0.865283
0.954891
0.597447
0.675998
0.635906
0.963732
0.65037
1.34763
0.985717
0.82808
0.828428
0.884357
1.19703
0.728012
0.490004
1.32863
1.28836
1.09854
0.965276
0.705373
0.759509
0.87864
1.00156
0.84968
0.446995
0.885039
0.951002
0.630052
1.74925
1.59757
0.595549
0.900696
0.712527
0
0
0
0
0
0
0
0
0
0
0
0
0
0
0
0
0
0
0
0
0
0
0
0
0
0
0
0
0
0
0
0
0
0
0
0
0
0
0
0
0
0
0
0
0
0
0
0
7.86924
12.3771
-9.4739e-15
-9.4739e-15
-3.78956e-14
-3.78956e-14
0
0
0
0
0
0
0
0
0
0
0
0
-3.78956e-14
-3.78956e-14
0
0
0
0
1.89478e-14
-1.89478e-14
0
0
0
0
0
0
0
0
0
0
0
0
0
0
0
0
0
0
0
0
0
0
1.40723
0.709784
1.26747
1.57995
0.713439
0.881858
0.999575
0.828396
0.593467
0.556258
0.661853
0.599948
1.00286
0.69163
0.314111
0.330361
2.05809
2.30264
0.14486
0.406398
3.56747
1.38616
0.0272987
0.071326
0.624636
0.922888
0.248047
0.321317
0.200131
0.316499
0.432383
0.288915
0.361993
0.415926
0.619027
0.482753
0.480439
0.270023
0.209702
0.208847
0.216653
0.225911
0.254154
0.229209
0.28082
0.324988
0.252295
0.231506
0.308886
0.39099
0.744262
0.797544
0.950918
1.03277
0.907999
0.892034
0.993071
0.84266
1.08037
1.10791
1.12884
0.76564
0.955939
0.971392
0.883571
0.637939
0.66505
0.743001
1.16877
0.688711
0.992093
1.2633
0.861611
0.763906
0.80294
1.02203
0.914687
0.680433
0.95512
1.55315
1.20043
0.863286
0.947213
1.10753
0.721027
0.95666
1.62311
0.842604
2.23207
0.714149
0.911579
1.20473
3.06193
0.87662
0.591934
2.28679
0
0
0
0
0
0
0
0
0
0
0
0
0
0
0
0
0
0
0
0
0
0
0
0
0
0
0
0
0
0
0
0
0
0
0
0
0
0
0
0
0
0
0
0
0
0
0
0
6.73376
12.0286
-9.4739e-15
-9.4739e-15
0
0
4.73695e-15
4.73695e-15
0
0
0
0
0
0
0
0
-7.10543e-15
0
-3.78956e-14
-3.78956e-14
0
0
0
0
3.78956e-14
-3.78956e-14
0
0
0
0
0
0
0
0
0
0
0
0
0
0
0
0
0
0
0
0
0
0
0.831455
0.714286
1.11829
2.02017
0.616248
1.25819
1.13788
0.982037
0.872729
0.780643
0.683322
0.700025
1.11629
1.01487
0.666973
0.351064
0.456004
2.10859
0.365547
0.367619
4.03307
1.84434
0.0133583
0.0320447
1.19209
1.53997
0.505132
0.0771332
0.300016
0.423569
1.06453
0.618811
0.450539
0.708188
0.712608
0.503844
0.323935
0.283494
0.201004
0.21943
0.26339
0.29024
0.35484
0.288362
0.317252
0.336949
0.271328
0.255391
0.334734
0.456395
0.859334
1.02111
1.11996
1.40841
1.2466
1.1521
1.33463
1.7326
1.4319
1.10834
1.07828
1.21336
0.81931
1.02458
0.936861
1.09171
1.01295
0.839106
0.978855
0.772484
1.37935
2.00154
1.58526
0.904251
0.506139
0.845539
1.27369
0.717136
0.870227
0.935449
0.893435
1.82773
1.1797
1.29695
0.980604
0.638708
1.44865
1.5797
-1.4803e-16
-8.88178e-16
0.378496
1.46825
0.509881
0.92537
0.254182
0.857007
0
0
0
0
0
0
0
0
0
0
0
0
0
0
0
0
0
0
0
0
0
0
0
0
0
0
0
0
0
0
0
0
0
0
0
0
0
0
0
0
0
0
0
0
0
0
0
0
5.58896
11.6507
-9.4739e-15
-9.4739e-15
-3.78956e-14
-3.78956e-14
-9.4739e-15
-9.4739e-15
0
0
0
0
0
0
0
0
2.36848e-15
-7.10543e-15
0.103563
0.114373
0
0
0
0
1.89478e-14
1.89478e-14
0
0
0
0
0
0
0
0
0
0
0
0
0
0
0
0
0
0
0
0
0
0
0.241074
0.0500135
0.83908
1.30743
1.26011
0.933125
1.49026
1.06824
0.840675
1.67898
0.606458
0.888757
0.983474
0.8786
0.797104
0.778314
0.543325
0.494045
3.87967
0.41144
1.81366
2.25197
0.0875772
0.00345053
1.24154
1.05846
0.756726
0.200596
0.471687
1.06558
0.771693
1.32164
0.744574
1.148
0.864318
0.761715
0.437772
0.299696
0.256713
0.168972
0.314655
0.343231
0.374905
0.396705
0.375423
0.402451
0.316625
0.270158
0.347349
0.493418
1.01474
1.12451
1.15661
1.13392
1.6542
1.16863
1.24944
1.48876
1.67701
1.64891
1.53418
1.40026
1.30764
1.20133
0.887731
0.571826
1.25563
1.30849
0.528298
0.968696
1.96838
1.92806
2.25712
1.35221
0.388274
0.54681
0.539143
1.01322
0.911588
0.595337
0.707032
0.321261
0.709895
1.35649
0.950193
1.45796
0.505817
1.48609
0
0
0.0240079
0.0930116
0.0849325
0.599241
0.30433
0.0424742
0
0
0
0
0
0
0
0
0
0
0
0
0
0
0
0
0
0
0
0
0
0
0
0
0
0
0
0
0
0
0
0
0
0
0
0
0
0
0
0
0
0
0
0
0
0
0
0
4.44889
11.2417
-9.4739e-15
-9.4739e-15
27.2226
-3.78956e-14
-4.73695e-15
-9.4739e-15
0
0
0
0
-2.36848e-15
0
0
0
-4.73695e-15
0
0.145377
0.330286
-4.73695e-15
0
0
0
-3.78956e-14
3.78956e-14
0
0
0
-4.73695e-15
0
0
0
0
0
0
0
0
0
0
0
0
0
0
0
0
0
0
-1.4803e-16
0.659093
0.501861
0.582803
2.08661
1.12177
0.677997
1.20508
0.87418
0.585575
0.0102543
0.866326
1.00821
0.877904
1.62709
1.29112
1.18155
0.449596
0.319158
3.02224
0.00437924
4.08709
0.0141319
0.00586791
0.815724
1.63075
0.779196
0.783269
0.503976
0.898647
0.916204
1.37746
1.09447
1.6299
1.36428
1.65071
0.660314
0.486042
0.427034
0.323736
0.274116
0.360927
0.46966
0.622291
0.608884
0.510887
0.328753
0.275134
0.372249
0.561845
1.20593
1.21708
1.20661
1.16102
1.56489
1.57686
1.02849
1.52581
1.8487
1.59128
1.99387
1.48923
1.17385
0.791773
1.22755
0.655083
0.82506
1.14845
0.328809
0.829958
0.996548
0.857092
2.56549
1.69131
0.88046
0.618563
0.00282708
0.692211
4.20058
0.654733
0.683028
0.76684
0.202636
0.15709
5.92119e-16
1.76711
-5.92119e-16
0.0437311
0
0
-4.73695e-15
0.0230078
0
0.00337141
0
-5.92119e-16
0
0
0
0
0
0
0
0
0
0
0
0
0
0
0
0
0
0
0
0
0
0
0
0
0
0
0
0
0
0
0
0
0
0
0
0
0
0
0
0
0
0
0
0
-5.92119e-16
0
-4.73695e-15
0
3.32165
10.799
9.4739e-15
-9.4739e-15
2.04282
2.27454
-4.73695e-15
-9.4739e-15
0
0
0
0
-2.36848e-15
-2.36848e-15
0
0
5.83446
2.36848e-15
0.183256
0.230588
-9.4739e-15
-9.4739e-15
0
0
-3.78956e-14
1.89478e-14
0
0
0
4.73695e-15
0
0
0
0
0
0
0
0
0
0
0
0
0
0
0
0
0
0
-5.92119e-16
0
0.086882
0.474855
0.118774
0.0343636
0.453807
0.585223
0.166472
0.794111
0.198582
0.131156
1.03256
0.860508
1.91399
1.46176
0.76779
0.704684
-4.73695e-15
3.20227
0.00699134
0.0200467
0.00852659
0.0294164
0.807838
0.894715
0.648947
0.664293
1.17933
1.33843
1.04068
1.43578
1.55048
1.59159
1.55919
2.33673
0.982023
0.827434
0.59463
0.958441
0.341963
0.614441
0.663428
0.770309
1.18082
0.739052
0.39645
0.314626
0.401939
0.672962
1.36925
1.48778
1.32848
1.69671
1.43403
1.18916
0.581338
0.994356
1.27505
1.47411
1.25382
1.61385
1.25833
1.8708
0.430617
0.655029
0.382812
0.512989
1.56297
0.691668
0.643666
0.652758
0.0337462
0.268783
1.28887
1.07119
-2.96059e-16
0.779457
2.9082
4.33406
0.558706
0.533216
0
0.179616
0.0821294
1.18424e-15
0
-1.77636e-15
0
0
0
-2.36848e-15
0
0
0
0
0
0
0
0
0
0
0
0
0
0
0
0
0
0
0
0
0
0
0
0
0
0
0
0
0
0
0
0
0
0
0
0
0
0
0
0
0
0
0
0
9.4739e-15
0
0
0
5.92119e-16
5.92119e-16
0
0
2.21677
10.3191
-1.89478e-14
-3.78956e-14
2.14694
2.04264
-9.4739e-15
-9.4739e-15
0
0
0
0
-4.73695e-15
2.36848e-15
0
0
4.09105
14.6798
0.124579
0.101151
-9.4739e-15
-4.73695e-15
0
0
-1.89478e-14
-1.89478e-14
0
0
-4.73695e-15
-9.4739e-15
-2.36848e-15
0
0
0
0
0
0
0
0
0
0
0
0
0
0
0
0
0
-1.18424e-15
-5.92119e-16
-1.18424e-15
0.0688075
0.324241
0.145953
0.677285
0.598616
0.115127
0.229894
3.55271e-15
0.626129
0.006273
0.951695
1.31773
1.38885
1.02099
0.591666
-4.73695e-15
-4.73695e-15
0.0208321
0.00234876
0.0350475
0.0116556
0.440155
0.90643
0.298511
0.462836
1.11709
0.832258
1.66307
2.66622
1.91393
1.85974
1.34264
2.84308
1.27727
1.05829
0.946432
1.06067
0.51799
0.907422
1.19216
1.25534
2.12942
1.06073
0.441209
0.340638
0.435341
0.808224
1.65339
1.3479
1.24136
1.64659
1.69804
1.76134
0.852394
1.08764
1.40504
1.3023
0.821461
0.836733
1.18292
1.03326
0.0208761
0.607126
1.18424e-15
0.278835
0.623526
0.709702
0.471576
0.659699
5.92119e-16
0.0931752
0.00793968
0.0302123
0
0
0.739099
0.71734
0
-2.96059e-15
-2.96059e-16
0
0.00259747
0.00213745
0
0
0
0
0
0
0
0
0
0
0
0
0
0
0
0
0
0
0
0
0
0
0
0
0
0
0
0
0
0
0
0
0
0
0
0
0
0
0
0
0
0
0
0
0
0
0
0
0
0
0
-4.73695e-15
0
0
0.0511911
0
0
9.4739e-15
1.14261
9.79901
-9.4739e-15
-9.4739e-15
2.25848
1.84856
0.0648019
3.323
0
0
0
0
-7.10543e-15
-4.73695e-15
0
0
5.63147
13.6899
0
-3.78956e-14
-4.73695e-15
-9.4739e-15
0
0
3.78956e-14
-1.89478e-14
0
0
-4.73695e-15
-4.73695e-15
0
0
0
0
0
0
0
0
0
0
0
0
0
0
0
0
0
0
0
-1.18424e-15
-8.88178e-16
-5.92119e-16
-3.55271e-15
0.0426977
0.899242
0.846121
0.0717271
0.230221
1.18424e-15
2.36848e-15
1.18424e-15
0.00462087
1.6943
1.85084
0.510434
0.767703
0.063945
-4.73695e-15
0.0187997
0.00860038
0.169947
0.065175
0.392144
0.351927
0
-7.40149e-17
0.358447
0.817491
1.416
2.89879
0.886174
1.66865
1.58861
3.24354
1.61477
0.832599
1.81285
1.28732
0.822707
1.25059
1.60634
1.66479
2.23997
1.56294
0.487714
0.389103
0.476381
0.857504
1.7015
1.74273
1.62794
1.28706
2.70058
2.0323
0.585323
0.941366
2.94171
1.38469
0.783743
0.838677
0.368308
0.706373
0
0
0
0
0
0
5.92119e-16
0
5.92119e-16
-5.92119e-16
0
0
0
0
0
0
0
0
0
-2.96059e-16
2.36848e-15
2.36848e-15
0
0
0
0
0
0
0
0
0
0
0
0
0
0
0
0
0
0
0
0
0
0
0
0
0
0
0
0
0
0
0
0
0
0
0
0
-9.4739e-15
0
-9.4739e-15
-9.4739e-15
0
0
0
0
0
0
0
0
0
0
4.73695e-15
0
0
0
8.75684
13.8302
0
-4.73695e-15
6.69538
9.37454
0.0305717
-9.4739e-15
2.37842
1.68342
0.0748447
0.247989
0
0
0
0
8.19563
2.51317
0
0
6.35747
6.51
-3.78956e-14
-3.78956e-14
-4.73695e-15
-9.4739e-15
0
0
39.9983
0
0
0
-4.73695e-15
-4.73695e-15
-2.36848e-15
0
0
0
0
0
0
0
0
0
0
0
0
0
0
0
0
0
0
0
0.21424
-2.96059e-16
0
0
0.0488281
0.168309
-1.18424e-15
0.221193
0.207723
2.36848e-15
0
0
-2.36848e-15
2.03571
0.0500381
0.33609
-5.92119e-16
0.559083
0.0588221
0.0134452
-2.36848e-15
0
0.363508
0.338201
0
0
0.347063
0.415161
1.24577
1.85815
1.82952
1.91885
1.55439
2.30391
2.32201
1.13868
1.06396
1.8211
1.2926
1.91381
1.75707
1.64099
2.90327
1.91947
0.576822
0.420554
0.535498
1.00189
1.38934
1.95125
1.48445
1.3572
2.06071
3.18282
0.42295
0.442978
-1.18424e-15
3.38427
1.06661
1.64679
0.365756
0.161934
0
0
0
0
0
0
1.77636e-15
0
0
0
0
0
0
0
0
0
0
0
4.73695e-15
0
4.73695e-15
2.36848e-15
0
0
0
0
0
0
0
0
0
0
0
0
0
0
0
0
0
0
0
0
0
0
0
0
0
0
0
0
0
0
0
0
0
0
0
0
-9.4739e-15
0
0
0
0
0
0
0
0
0
0
0
0
0
9.4739e-15
4.73695e-15
0
0
8.90775
13.8072
4.73695e-15
0
10.6111
7.39972
0.00579931
0.00522257
2.50742
1.54093
0.0729047
0.277463
0
0
0
2.96059e-16
8.45492
8.27968
0
0
8.4944
10.0345
-7.57912e-14
-3.78956e-14
-9.4739e-15
-4.73695e-15
0
0
10.4618
24.206
9.4739e-15
0
4.73695e-15
-4.73695e-15
-2.36848e-15
0
0
0
0
0
0
0
0
0
0
0
0
0
0
0
0
0
0
0
0
0
0
0
-2.36848e-15
0.0497862
-1.18424e-15
-1.18424e-15
2.36848e-15
5.61243e-05
0
0
-2.36848e-15
-2.36848e-15
0.0212381
0.00653845
0
0
0.0221293
0.0198448
0
1.18424e-15
2.48379
2.67129
0
0
0.352733
0.421759
0.634458
1.13497
2.49685
0.91635
3.32018
1.67724
1.95344
1.0577
1.1304
1.4057
1.56091
1.04088
2.22841
2.03634
2.18514
2.00468
0.675846
0.488756
0.573161
1.1162
1.84454
2.23786
3.7674
1.27984
0.0180206
0.39708
0.348508
0.353165
2.10913
0.396845
0.618956
0.784111
0.16246
0.179192
0
0
0
0
0
0
0
1.18424e-15
0
0
0
0
0
0
0
0
0
0
4.73695e-15
4.73695e-15
0
0
0
0
0
0
0
0
0
0
0
0
0
0
0
0
0
0
-9.4739e-15
-9.4739e-15
0
0
0
0
0
0
0
0
0
0
0
0
0
0
0
0
-4.73695e-15
0
-1.89478e-14
0
0
0
0
0
0
0
0
0
0
0
0
0
0
0
0
0
9.05779
13.753
0
0
26.7479
10.6451
0.00609195
0.00519425
4.14703
4.60751
0.0695659
0.285593
-9.4739e-15
0
0.0983056
2.96059e-16
1.10154
1.09631
0.537262
2.82355
12.5406
9.18786
0.382634
5.49233
0.957251
-1.89478e-14
0
0
8.21333
15.1322
13.6217
0
-9.4739e-15
-4.73695e-15
0
0
0
1.18424e-15
-2.36848e-15
0
0
0
0
0
0
0
0
0
0
0
0
0
0
0
0
0
0
0
-2.36848e-15
0
-1.18424e-15
0
3.55271e-15
3.55271e-15
0
0
-2.36848e-15
-3.55271e-15
-4.73695e-15
0.0339361
0
0
0
0
0
0
0.0317252
4.7828
-5.92119e-16
0
-1.18424e-15
0.171818
0.00184858
0.00639966
3.32421
0.322017
5.3306
1.99305
0.114589
0.740146
1.54991
1.39328
1.62601
0.764048
3.23139
3.21402
2.01624
1.77921
0.818125
0.514578
0.663101
1.31068
2.73905
2.35964
2.79073
1.64728
0.48125
0.846069
0.295199
0.397555
0.0860843
0.0790211
3.55271e-15
1.12536
0.593908
0.787605
0
0
0
0
0
0
0
0
0
0
0
0
0
0
0
0
0
0
0
4.73695e-15
0
0
0
0
0
0
0
0
0
0
0
0
0
0
0
0
0
0
0.00353497
-9.4739e-15
0.028642
0
1.85037e-17
-1.85037e-17
0.591238
-5.92119e-16
0
0
0
0
0
0
0
0
0.17114
0
1.12342
-4.73695e-15
-9.4739e-15
-9.4739e-15
0
0
-1.18424e-15
-1.18424e-15
0
0
0
0
0
0
0
0
0
1.42109e-14
0
0
5.48809
13.6732
4.73104
3.6253
16.8036
24.2735
0.015762
0.00667873
2.43392
2.3773
2.76318
0.322653
0.0219877
0.00827336
0.403345
1.07852
1.29554
6.17114
2.87787
2.47399
0.5198
0.0476521
4.23074
43.9067
6.71237
0.0863577
0.0116487
0.0087627
0.0944473
12.0008
1.89201
0.966541
0.0968091
-9.4739e-15
0
0
0.000634995
0
0
-4.73695e-15
0
0
0
0
0
0
0
0
0
0
0
0
0
0
0
0
0
0
1.18424e-15
-3.55271e-15
-1.18424e-15
-1.18424e-15
2.36848e-15
0
0
0
0
0
-4.73695e-15
-4.73695e-15
0
0
0
0
0
0
2.36848e-15
1.18424e-15
-5.92119e-16
-2.36848e-15
0
-3.55271e-15
0.000600865
0.00786844
0
1.02429
1.00325
3.06813
0.608949
0.00052401
1.24071
1.31229
2.06841
1.10308
2.91701
4.2452
2.5083
1.87317
0.978608
0.542747
0.622469
1.32463
2.02571
2.69231
0
-2.36848e-15
0.24784
1.12022
-2.36848e-15
-4.73695e-15
0
5.92119e-16
0
-1.18424e-15
5.92119e-16
0.52934
0
0
0
0
0
0
0
0
0
0
0
0
0
0
0
0
0
0
2.36848e-15
4.73695e-15
0
0
0
0
0
0
0
0
0
0
0
0
0
0
0
0
0
0
0.00850277
0.126091
0.00751595
0.0155351
0.0158453
0.00213696
0.4795
0.0528733
0
0
0
0
0
0
0
0
0.435999
0.334643
2.62044
0.56318
0
-9.4739e-15
0
0
0
1.18424e-15
0
0
0
0
0
0
1.18424e-15
1.18424e-15
4.73695e-15
9.4739e-15
0
0
1.85688
1.56316
4.69664
6.04512
0.284706
9.10552
0.0519478
0.0418729
1.49789
1.05175
1.85094
0.495307
0.0225051
0.0227717
0.954928
0.369916
0.400437
4.31945
1.94915
2.95559
0.479702
0.0047964
46.3944
1.37164
7.30691
7.58055
0.00999739
0.0100154
0.00626179
0.00166545
0.960942
2.00842
0.0463566
0.175216
-2.36848e-15
0
0.00414675
0.000122857
-4.73695e-15
-4.73695e-15
0
0
0
0
0
0
0
0
0
0
0
0
0
0
0
0
0
0
0
0
0
-2.36848e-15
2.36848e-15
2.36848e-15
0
0
0
0
-4.73695e-15
-7.10543e-15
0
0
0
0
0
0
3.49694
0.301548
-5.92119e-16
-2.96059e-15
-3.55271e-15
0
-2.36848e-15
0.00215289
-1.18424e-15
0.0738949
2.02499
7.57334
0.944506
0.695418
5.17424
6.67123
5.72817
3.34839
3.2573
4.91989
2.53443
2.23922
1.2269
0.595598
0.623453
1.81349
2.2004
1.89694
0
0
2.96059e-16
0.000388084
0
-2.36848e-15
0
0
0
0
0
-2.96059e-16
0
0
0
0
0
0
0
0
0
0
0
0
0
0
0
0
0
0
4.73695e-15
2.36848e-15
0
0
0
0
0
0
0
0
0
0
0
0
0
0
2.36848e-15
0
0
0
0.00930458
0.126639
0.00739059
0.0171954
0.00648883
0.00203326
0.000798642
0.0132614
-2.36848e-15
-4.73695e-15
0
0
0
0
0
0
0.44994
0.746908
3.41959
0.107948
6.49751
4.74614
0
0
1.18424e-15
-2.36848e-15
0
0
0
0
0
0
-1.18424e-15
1.18424e-15
4.73695e-15
0
0
0
1.54359
0.758485
4.67461
6.04419
0.284047
0.479599
0.100083
0.0794546
1.75298
1.00781
1.71798
0.492809
0.0228378
0.0227917
0.675379
0.282978
0.399038
4.28032
1.95239
2.95381
0.377147
0.00471107
45.8777
0.199511
0.782631
1.55807
0.0131399
0.0105657
0.00660265
0.0013378
0.690288
1.998
1.07621
0.18721
1.0461
0.477933
0.00734681
0.000242079
1.0323e-05
-2.36848e-15
3.70074e-17
1.85037e-17
0
0
0
0
0
0
0
0
0
0
0
0
0
0
0
0
0
0
-1.18424e-15
-1.18424e-15
0
0
0
0
0
0
-4.73695e-15
-2.36848e-15
0
0
0
0
2.36848e-15
2.36848e-15
0.180597
0.00929831
0
0
0.472349
0.341281
0
-2.36848e-15
0
1.2715
1.97399
5.15244
-3.55271e-15
-4.73695e-15
5.28612
2.88755
5.12259
2.33686
5.05195
5.00985
3.55603
2.46428
1.45544
0.651462
0.617337
2.44995
2.78382
2.31762
-5.92119e-16
-5.92119e-16
0
-2.96059e-16
0
0
0
0
0
0
0
0
0
0
0
0
0
0
0
0
0
0
0
0
0
0
0
0
0
0
2.36848e-15
4.73695e-15
0
0
0
0
0
0
0
0
0
0
0
0
0
0
2.36848e-15
2.36848e-15
0
0
0.0103403
0.12875
0.00723332
0.0205364
0.00380335
0.00211978
0.000817165
0.0233889
-4.73695e-15
-4.73695e-15
0
0
1.85037e-17
0
0
0
0.468881
0.679836
-1.18424e-15
-1.77636e-15
4.17636
3.97743
0
0
-2.36848e-15
1.18424e-15
0
0
0
0
0
0
1.18424e-15
0
0
-4.73695e-15
0
0
1.55952
0.398645
4.64669
6.04313
0.285152
0.439868
0.761324
0.190371
1.32522
0.087297
0.970001
0.417924
0.0219142
0.0228258
0.00599288
0.0628183
0.397705
4.1801
1.9559
2.95174
0.44426
0.00675831
10.5156
0.113504
0.792154
0.276967
0.111497
1.38096
0.00126788
0.000975203
0.238079
1.98366
0.357133
1.16347
1.07188
0.11793
0.0100994
0.00199821
0.00273793
0.035552
1.85037e-17
3.70074e-17
0
0
0
0
0
0
0
0
0
0
0
0
0
0
0
0
0
0
0
0
0
0
0
0
0
0
-4.73695e-15
-4.73695e-15
0
0
0
0
1.18424e-15
-1.18424e-15
0
-1.18424e-15
0
0
0.312164
0.223639
0
-5.92119e-16
5.27409
1.1357
6.08091
9.22438
-1.18424e-15
0
4.4314
2.42314
4.8844
2.70476
6.77606
5.78018
6.58525
3.41661
1.94885
0.712628
0.59848
2.67407
3.43792
0.955127
0.538483
0.540568
-1.18424e-15
0.0042834
0
0
0
0
0
0
0
0
0
0
0
0
0
0
0
0
0
0
0
0
0
0
0
0
0
0
4.73695e-15
4.73695e-15
0
0
0
0
0
0
0
0
0
0
0
0
0
0
0
2.36848e-15
-5.92119e-16
0
2.75897
0.294622
0.437183
1.86444
0.0026026
0.00223224
0.000840547
0.0241417
-4.73695e-15
-4.73695e-15
0
0
0.247824
0.107922
0.00567226
0
0.492719
0.673567
-1.18424e-15
-5.92119e-16
4.20175
3.94172
0
0
-1.18424e-15
1.18424e-15
0
0
0
0
0
0
0
1.18424e-15
1.42109e-14
1.42109e-14
0
0
0.000718926
0.395447
0.75718
6.04194
0.347259
0.511078
0.791621
0.69861
0.370833
0.0541492
0.815554
0.378891
0.0146774
0.0244428
0.0213172
0.00196336
0.396086
4.15785
1.15909
2.75428
12.811
7.82405
1.02986
0.0428075
0.643188
0.218677
0.000865552
0.00666287
0.00122261
0.0242404
0.0161018
1.55175
2.44973
1.19264
0.0637881
0.114185
0.0358619
0.00504443
0.00256279
0.0203132
1.85037e-17
1.85037e-17
0
0
-1.4803e-16
-1.4803e-16
0
0
0
0
0
0
0
0
0
0
0
0
0
0
0
0
-1.18424e-15
2.36848e-15
-1.18424e-15
0
0
0
0
0
0
0
0
0
0
1.18424e-15
-5.92119e-16
-2.36848e-15
0
0
0
0
5.92119e-16
0
6.72151
9.60163
-2.36848e-15
5.19973
1.10799
2.68149
3.31694
3.4002
2.41696
0.714435
4.70222
5.91837
7.91731
5.43231
1.99142
0.725076
0.528686
2.72937
4.33945
4.69614
2.21548
1.62171
0
0
0
0
0
0
0
0
0
0
0
0
0
0
0
0
0
0
0
0
0
0
0
0
0
0
0
0
2.36848e-15
4.73695e-15
0
0
0
0
0
0
0
0
0
0
0
0
-2.36848e-15
2.36848e-15
0.763054
0.0163952
0.791135
0.391954
3.11159
3.73716
0.906181
0.303937
0.00194803
0.00237834
1.80203
0.025099
2.4861
-4.73695e-15
-1.85037e-17
-3.70074e-17
0.208486
0.22618
0.0486981
1.22537
1.86967
0.981377
2.65928
2.64949
4.22633
3.89704
0
0
1.18424e-15
1.18424e-15
0
0
0
0
0
0
-1.18424e-15
0
9.4739e-15
4.73695e-15
0
0
0.000527215
0.000351392
0.277579
3.75477
0.3312
0.944308
0.918696
0.832019
0.0157992
0.0142386
0.541218
0.251189
0.0155436
0.024241
0.0193166
0.00299402
0.01443
3.08438
0.552068
1.38958
17.457
27.7009
0.0490109
0.0366297
0.604876
0.167983
0.0185074
0.0149909
0.00281556
0.00711027
0.0188475
0.0092015
2.38826
2.60215
0.00563296
0.00088213
0.065567
0.00972868
5.96793
4.96713
1.85037e-17
3.70074e-17
0
0
0.128718
0.101025
-1.4803e-16
0
0
0
0
0
0
0
0
0
0
0
0
0
0
0
1.18424e-15
-2.36848e-15
0
0
0
0
0
0
0
0
0
0
0
0
0.315242
0.268514
0
0
0.131698
-5.92119e-16
0.00790803
-5.92119e-16
7.36366
9.76044
-2.36848e-15
-2.36848e-15
1.99794
3.48395
0.981629
2.15263
0.748163
1.20432
3.12226
2.86998
4.63991
4.32727
1.63162
0.693508
0.459828
2.23601
3.68217
2.48599
2.60562
0
0.296713
0.0818805
0
0
0.908884
5.92119e-16
0
0
0
0
0
0
-1.18424e-15
0
-5.92119e-16
-5.92119e-16
-5.92119e-16
0
0
0
0
0
0
0
0
0
4.73695e-15
2.36848e-15
2.36848e-15
0
0
0
0
0
0
0
0
0
0
0
0
0
0
0
0.0109236
0.0150047
0.671383
0.505091
3.83354
1.78819
0.189779
0.0125425
0.00489883
0.0025703
1.26464
1.72918
0.732834
0.333921
0.0129976
0.0112983
0.261777
0.215208
0.0558242
1.3139
0.94075
1.60516
0.691927
1.40708
4.24927
3.84194
0
0
-2.36848e-15
1.18424e-15
0
0
0
0
0
0
0.410197
0.355105
2.26026
2.54702
0.000673699
1.85037e-17
0.000546179
0.000367892
0.234857
1.41206
0.274592
0.780244
1.95853
1.84609
0.0165454
0.016903
0.345887
0.240973
0.0303628
0.0240306
0.0134976
0.0197525
0.0145438
0.0200353
0.465831
1.36797
30.1321
20.0425
0.0364391
0.0349195
0.456798
0.156286
0.0263945
0.0256454
0.00411498
0.00156542
0.0291323
0.0200361
1.72241
0.894103
0.0104135
0.00152948
0.135381
0.0327105
5.7237
1.44139
1.85037e-17
3.70074e-17
0
0
0.041039
0.121836
-1.4803e-16
0
0
0
0
0
0
0
0
0
0
0
0
0
0
0
-1.18424e-15
-2.36848e-15
0
0
0
0
0
0
0
0
0
0
-1.77636e-15
-1.18424e-15
0.421839
0.293697
0
0
0.897266
1.28087
0.700396
0.0192003
6.16475
3.84393
1.40355
1.05344
1.65021
4.07336
1.20578
1.01428
1.71423
3.09709
1.3502
3.53086
3.38029
3.97636
1.30999
0.641202
0.392974
0.966707
3.14206
2.4586
3.66117
3.01536
1.96604
2.12177
0.36621
0.8973
0.26376
0.853715
-4.73695e-15
-2.36848e-15
0.000159963
-2.36848e-15
-2.36848e-15
0
0.678502
1.15546
-1.77636e-15
-5.92119e-16
0
0
0
0
0
0
0
0
0
0
2.36848e-15
4.73695e-15
0
0
0
0
0
0
0
0
0
0
0
0
0
0
2.36848e-15
2.36848e-15
0.0135305
0.0168043
1.46071
0.602405
4.38031
1.59177
0.184557
0.0159884
0.0855447
0.519703
1.2643
1.88101
0.907793
0.326733
0.119101
0.0221042
0.0217703
0.493662
0.145349
2.94197
0.859036
1.02369
0.671489
1.13921
4.27003
3.77425
-1.85037e-17
0
-1.18424e-15
-1.18424e-15
5.13125
0
0
0
-2.36848e-15
-2.36848e-15
0.448061
0.220895
8.09094
7.21692
0.00124782
0.000247283
0.000780335
0.000515483
0.0012849
0.00768103
0.233402
0.564946
2.08236
2.66716
0.0160522
0.015428
0.337814
0.206283
0.0262249
0.0251659
0.0118919
0.0148262
0.0123763
0.0212653
0.306562
1.20397
8.64
9.01374
0.0245818
0.0237946
0.395032
0.133326
0.0284321
0.0264102
0.0036863
0.0017614
0.0284665
0.0317399
1.25517
0.483117
0.0144723
0.0258773
0.218942
0.0422217
2.0115
1.60946
0.493847
0.186588
2.92026
3.24564
2.17429
0.119071
1.26448
2.31253
0.172737
0
0
0
0
0
0
0
0
0
0
0
0
0
-1.18424e-15
0
0
0
0
-2.36848e-15
-9.4739e-15
0
0
0
-1.18424e-15
-1.18424e-15
0
-5.92119e-16
0.571262
1.11852
0
0
0.596273
1.22658
2.06333
4.6993
3.20444
0.865557
1.1814
1.46292
1.82854
1.16702
0.857418
0.665167
1.52099
1.57231
1.36478
1.68674
2.59904
2.88855
1.09535
0.583427
0.280804
0.545768
1.85976
3.17846
4.24511
3.40125
4.23698
2.80518
2.0139
1.18711
1.27852
1.34952
1.46001
2.8568
0.00896688
-1.18424e-15
5.92119e-16
0
1.25916
1.25912
0
0
0
4.73695e-15
-4.73695e-15
0
0
0
0
0
0
0
2.36848e-15
2.36848e-15
0
0
0
0
0
0
0
0
0
0
0
0
0
0
0
0
0.318962
0.358252
2.22169
1.15242
4.69328
1.30812
0.192874
0.0255498
1.14283
2.33516
0.650097
0.186628
0.0455916
0.161315
0.14635
0.104922
0.0101097
0.0103965
0.0839631
4.22132
0.7184
0.848977
0.492441
0.674823
4.70228
3.11171
0.230628
0.00165516
0.301932
1.18424e-15
3.52281
1.54077
0
0
0
0
1.29666
0.216879
4.71785
8.2182
0.00145595
0.000120781
0.0031807
0.00749964
0.00220775
0.00309549
0.0201728
0.433737
2.25154
2.63216
0.0117125
0.00964502
0.338119
0.194695
0.0310474
0.0255953
0.0127527
0.0312184
0.0187983
0.0230199
0.191441
0.529342
0.0597958
0.0466871
0.0337246
0.0211002
0.39158
0.12008
0.0433204
0.0262585
0.00960369
0.00347789
0.0360682
0.0420707
1.10472
0.513765
0.0167739
0.0355831
0.0910251
0.888011
1.24892
1.11325
0.401492
0.467151
4.15762
3.2462
5.91798
5.94841
1.37974
1.14386
0.115343
0.0873334
0
0
0
0
0
0
-2.36848e-15
0
0
0
0.341925
0.300483
0.178197
-1.18424e-15
0.00215626
5.92119e-16
0.000836151
0.00592705
0
-2.36848e-15
4.98111
0
0.536603
-5.92119e-16
0.513942
1.72868
0.808985
0.930186
0.843204
-1.18424e-15
0.991449
0.897465
0.855562
3.97519
1.4287
2.6208
2.45362
2.89299
2.3145
1.06929
1.00008
1.90091
1.58202
1.84327
1.46584
1.56958
1.86908
2.28431
0.902671
0.528151
0.233756
0.326045
0.90531
2.20702
2.5434
3.69662
4.15798
4.85221
3.87687
2.87557
2.51242
2.61085
0.0409235
0.128141
-5.92119e-16
-5.92119e-16
-5.92119e-16
-5.92119e-16
2.7508
2.77968
0.416572
0
0.0175448
0.00143309
0
-2.96059e-16
0.183655
5.92119e-16
0
0
2.36848e-15
0
0
2.36848e-15
0
0
0
0
0
0
0
0
0
0
2.36848e-15
2.36848e-15
2.36848e-15
0
0.0609999
0.166677
0.590316
0.7884
2.93818
1.54566
4.26545
2.22286
0.0463557
0.197595
0.970768
2.32267
0.612184
0.486963
0.00786251
0.00126641
0.15662
0.0762674
0.0102813
0.0215071
0.0579458
0.696393
0.498854
0.537178
0.633926
3.58091
3.05701
0.751094
0.0925023
0.146197
0.081745
0.15868
5.55293
0.98677
-5.92119e-16
0
-2.36848e-15
0
1.59489
1.14021
2.11788
4.30132
0.00154434
0.000271633
0.00344491
0.00984913
0.225405
0.21235
0.0187718
0.0248654
0.315365
2.63657
0.0240384
0.0115643
0.261133
0.18122
0.0375991
0.0327771
0.0181557
0.0198315
0.0307999
0.0372168
0.172968
0.481775
0.0599741
0.0388432
0.0372952
0.0243148
0.211436
0.0938382
0.0444613
0.0317247
0.0138293
0.0215004
0.0342459
0.0503207
0.863056
0.385108
0.0148272
0.0325286
0.045751
0.434967
0.500623
0.747973
0.204703
0.446193
0.279279
3.0877
2.73978
3.99023
1.25173
1.49548
0.233451
0.700735
0.523651
0
0.218302
-2.36848e-15
0.525283
0.614506
0.90879
0.899578
0.598232
-2.36848e-15
0.363011
0.124082
0.000121978
0.000828071
2.66124
0.000182911
0.0883462
0.00993911
0.174195
0.0103905
0.625744
1.25874
1.17644
0.173317
0.69209
0.648086
0.60364
0.433958
1.32839
1.21047
0.954186
1.4795
1.13182
1.40049
1.30921
1.07108
1.29753
1.34316
1.15446
1.34492
1.28169
1.74394
1.02619
1.50789
1.1741
1.29619
1.54047
1.64056
0.750755
0.460333
0.18971
0.241041
0.509807
0.774104
1.02004
1.29824
2.21805
2.56305
1.79244
1.15212
1.0567
0.941921
2.04299
2.28577
2.18251
1.60424
1.80643
2.22283
2.10584
2.82911
0.505058
0.0422266
1.17003
1.42629
5.92119e-16
-5.92119e-16
5.12686
5.46138
0
0
2.36848e-15
4.73695e-15
2.36848e-15
2.36848e-15
0
0
0
0
0
0
0.183765
0.246853
0.0893458
0.510573
0.00069612
0.0137665
0
0
0.0086441
0.00832602
1.39576
2.30886
2.47827
1.60847
5.9259
9.39726
0.595936
0.220024
0.691463
1.79953
0.597896
0.457476
0.0348289
0.00474929
0.121012
0.0668448
0.0109022
0.0233594
0.0446778
0.291927
0.470972
0.653222
0.39573
0.433439
1.57565
0.672059
0.0328297
0.047662
0.0331776
0.0823775
6.24208
6.12032
0.619275
-5.92119e-16
0
1.93795
2.37646
0.790667
0.873592
1.2746
0.00202525
0.000601541
0.00359698
0.00995569
0.232145
0.426271
0.0410951
0.0247617
0.171364
0.249335
0.0274798
0.0249126
0.210503
0.14972
0.0506452
0.0372577
0.0213948
0.0209216
0.0344713
0.0468442
0.153666
0.436154
0.0476664
0.04049
0.037646
0.0271488
0.182418
0.0743574
0.0443383
0.0292777
0.0172204
0.0348874
0.0342757
0.0473716
0.613072
0.304113
0.0286264
0.0396039
0.224767
0.485922
0.467975
0.429023
0.451991
0.40933
1.08803
0.371807
1.38549
2.97503
3.42363
1.05071
1.54405
2.04537
1.84157
1.82061
1.16355
0.361271
0.203294
-3.55271e-15
0.146541
0.361213
1.01347
0.404575
0.930784
0.991509
0.910845
0.276329
0.585007
1.13017
1.30694
0.931315
0.326111
0.190102
1.01855
3.48106
3.18126
0.587233
1.28331
0.872613
1.33821
1.74277
1.32566
0.972973
0.794179
1.03639
1.01211
1.11999
1.19175
1.55461
1.0104
0.836775
0.963241
1.20251
0.792845
0.928102
0.800385
1.0062
0.810081
0.969748
1.07947
1.26286
0.600412
0.399726
0.176935
0.22355
0.313931
0.512472
0.724114
0.662266
0.925812
1.15398
1.80573
2.32669
2.62129
2.35347
4.62925
3.27561
1.98032
1.88752
2.37156
2.79926
1.93556
1.89576
2.19138
2.71439
2.19792
2.56084
2.67215
2.90531
0.449032
3.44835
7.06971e-06
2.505e-06
0.00106178
0.0100993
2.36848e-15
2.36848e-15
0
0
0.121547
0.121055
0.0909201
0.114354
0.831364
0.497831
0.0117181
0.0097419
-4.73695e-15
-2.36848e-15
0
0
1.07521
0.989403
1.90545
2.91345
2.21949
1.90019
2.0471
7.11837
0.22006
0.183734
0.827827
1.65318
0.340595
0.372721
0.0474123
0.0183528
0.0606021
0.0362858
0.0205889
0.0248099
0.0497228
0.3152
0.0740229
0.0331332
0.197248
0.321122
0.0922575
0.370755
0.0360262
0.0486296
0.0316819
0.185504
2.31364
1.38018
13.5228
0
0.0181281
-1.4803e-16
1.07178
0.582551
0.545932
0.906866
0.00202044
0.00134067
0.0287639
0.0101317
0.160444
0.402285
0.0387491
0.0368529
0.0235818
0.0266273
0.0396162
0.0265916
0.153542
0.137039
0.0559098
0.04695
0.0480868
0.0395636
0.0274299
0.0459511
0.143832
0.289937
0.0399851
0.0409039
0.0354984
0.0282719
0.143263
0.0663908
0.0399062
0.0360332
0.0471202
0.0520462
0.0406508
0.0481573
0.476736
0.268155
0.276926
0.0982157
0.136061
0.500849
0.803293
0.278802
0.580391
1.0553
0.749843
1.00868
0.530225
1.29727
1.22234
1.92542
1.46545
1.45793
1.71885
1.35564
1.00078
0.545315
0.343191
0.573823
0.678164
0.86416
1.27147
1.55985
1.5082
0.822364
1.03387
0.982175
0.726256
0.795184
1.02504
0.998853
0.953129
0.798587
1.09359
0.879937
1.3956
1.199
0.969128
1.12526
0.709799
0.800385
0.89348
0.947606
0.873967
1.07642
0.747576
0.951086
1.03308
0.990424
0.716708
0.721285
0.493595
0.608681
0.511715
0.510394
0.705164
0.710393
0.646012
0.740741
0.856888
0.91993
0.470273
0.33121
0.181008
0.162959
0.205679
0.338642
0.404514
0.811707
0.879074
0.715915
0.602487
0.813276
0.420958
0.81727
1.12154
0.923016
1.16998
2.63714
2.1495
1.77866
1.79952
0.718727
0.725924
0.980029
2.19494
1.55264
3.11001
1.43051
0.712324
0.94091
1.15774
0.652802
12.4853
7.2936
0.135999
0.119844
0.461513
0.202087
0.787315
0.453242
0.139924
0.103076
0.513823
0.260616
0
0
0.000155263
3.77983e-05
0.280525
0.292343
1.53156
0.85042
1.79169
2.56223
1.58484
1.26318
0.994813
1.66167
0.0381352
0.16301
0.615505
1.05645
0.152914
0.0700614
0.0189868
0.0462157
0.0293716
0.00348258
0.0151712
0.01782
0.0719882
0.211708
0.0426431
0.00217326
0.233153
0.215141
0.143307
0.117234
0.0431785
0.0487408
0.0103684
0.0161464
0.53256
0.347919
1.31491
1.10368
0.0161807
0.0231199
0.00092007
0.520333
0.00716529
0.0108735
0.0329055
0.0654008
0.0451067
0.0168896
0.15996
0.369702
0.0271846
0.0305125
0.0384485
0.0299635
0.0340302
0.0409232
0.137682
0.0444007
0.0614033
0.054248
0.0515438
0.0474554
0.0293912
0.0394183
0.0442604
0.256143
0.0747512
0.151723
0.0385745
0.0879402
0.146825
0.0613459
0.0395023
0.0355411
0.0577618
0.105878
0.0467082
0.0500732
0.413249
0.214511
0.250898
0.0976377
0.0565697
0.346587
0.888199
0.513908
0.192588
0.938347
0.562395
0.733651
0.49444
0.547914
1.49498
1.51446
1.22412
1.3438
1.43229
1.61591
0.95108
1.26333
0.920214
0.824005
0.594904
0.496794
0.808329
1.1767
1.54943
1.49961
0.821553
0.698409
1.11127
0.951645
0.657109
0.789088
0.696508
0.841932
0.735958
0.635193
0.892527
0.992308
0.599822
0.871128
0.718049
0.546432
0.744527
0.77478
0.611033
0.817162
0.394796
0.609409
0.378754
0.66024
0.474848
0.559354
0.415696
0.404764
0.40818
0.440747
0.506912
0.570577
0.557354
0.613448
0.687938
0.669551
0.387082
0.279305
0.182406
0.215035
0.259197
0.199664
0.276153
0.509276
0.816049
0.604481
0.360692
0.24751
0.335616
0.164374
0.772821
0.637073
0.433316
0.854926
0.371258
0.51096
0.394697
0.772741
0.148437
2.39915
0.724247
2.45999
0.929809
1.57338
1.97213
3.22441
0.449545
1.58729
3.31857
6.46285
0.411855
0.917615
0.236661
0.339226
2.75949
1.99441
0.000595189
0.260248
0.969369
1.64595
0.00298116
0.00192072
0.537424
0.420626
1.86003
1.91741
1.10061
2.13016
0.980765
1.98504
1.01142
0.7974
0.757041
0.730361
0.0522735
0.336883
0.504846
0.645614
0.154305
0.0630958
0.0467805
0.0346039
0.0260968
0.028901
0.0127633
0.0224954
0.0548618
0.154347
0.00736837
0.00507909
0.190018
0.231215
0.0678064
0.025416
0.220627
0.0628783
0.0395759
0.00452774
0.699733
0.0879848
0.619947
0.371932
0.099268
0.0342157
0.00347135
0.00644848
0.0545682
0.0157322
0.0377567
0.0406241
0.0526015
0.0190188
0.116121
0.297457
0.0378347
0.0295091
0.0388228
0.0389284
0.0462424
0.0441978
0.13387
0.0683391
0.106534
0.0832728
0.089018
0.0574589
0.041243
0.0452515
0.0479693
0.0478221
0.0646022
0.523645
0.0617747
0.0416794
0.186797
0.167723
0.0420808
0.0373142
0.05934
0.0909976
0.0665629
0.0544133
0.348417
0.227539
0.199706
0.101441
0.0634062
0.120809
0.614653
0.461266
0.186776
0.794509
0.745261
0.336329
1.10421
0.557494
0.980182
1.17732
0.969918
1.01941
1.3204
1.63217
0.887354
0.89605
1.29028
0.89317
0.964246
0.737904
0.858486
0.870759
0.900686
1.0408
0.723488
0.828405
0.460084
0.63102
0.400784
0.489716
0.707565
0.691288
0.546394
0.570274
0.8869
0.810476
0.421212
0.544783
0.422561
0.326601
0.501518
0.453269
0.45332
0.451763
0.396763
0.458808
0.390003
0.52869
0.41408
0.411025
0.397163
0.37965
0.368672
0.408886
0.410342
0.475289
0.494195
0.555333
0.512179
0.516121
0.320171
0.24243
0.170051
0.141988
0.196854
0.35515
0.205899
0.302953
0.341863
0.73901
0.560404
0.402064
1.03149
0.511569
0.467601
0.636664
0.868796
0.484046
0.766107
0.269729
0.570658
0.512922
0.924253
0.773643
0.401059
0.327664
1.22502
0.397133
0.0274715
0.525529
3.01274
2.25201
0.742325
4.40825
3.06994
2.85648
0.033152
0.0586478
0.0199535
0.0146144
0.129954
0.128673
0.107753
0.098485
0.422107
0.611519
1.5851
1.39168
1.48424
1.42579
0.769494
0.783128
0.160159
0.370361
0.886596
0.448442
0.658409
0.39116
0.135462
0.447586
0.430808
0.33803
0.134443
0.0878826
0.0453128
0.0355782
0.0271607
0.0307674
0.0146832
0.0278207
0.0249765
0.0203709
0.00796759
0.00487903
0.13027
0.123553
0.0434213
0.0142538
0.0366239
0.0093428
0.0255293
0.0287085
0.0711258
0.0289954
0.356244
0.418712
1.86111
1.52489
0.0249692
0.00913495
0.0434534
0.0561535
0.0423923
0.0449346
0.0517996
0.0262928
0.108809
0.209086
0.0516819
0.0474183
0.0471027
0.0538678
0.0420044
0.0484809
0.12115
0.0658862
0.105715
0.0817002
0.082281
0.0574948
0.0436962
0.0602127
0.0588718
0.0504385
0.0395605
0.0461706
0.373143
0.140928
0.161319
0.187319
0.0538414
0.0399951
0.0743716
0.0789235
0.0744319
0.0620098
0.0399743
0.0398586
0.0578461
0.12054
0.0568471
0.136327
0.515067
0.447431
0.142574
0.587069
0.851696
0.349259
0.922379
0.972112
0.679426
0.867803
0.649621
0.73622
0.989797
1.18871
0.975427
1.21096
0.80349
1.05899
1.03615
1.05825
0.639036
1.07677
0.866758
0.709867
0.492086
0.616519
0.411054
0.511084
0.436123
0.402214
0.443513
0.34062
0.472211
0.758171
0.354269
0.51205
0.324959
0.489076
0.382691
0.452467
0.275302
0.446037
0.30411
0.329049
0.318533
0.413715
0.289743
0.336851
0.343305
0.399483
0.341153
0.354851
0.327531
0.328742
0.364337
0.416037
0.411856
0.443575
0.418541
0.412888
0.271574
0.212744
0.158601
0.136946
0.250894
0.239591
0.705108
0.23717
0.290256
0.323064
0.726958
0.703955
0.467632
0.714389
0.577126
0.937523
1.21232
0.728967
0.909545
0.341238
0.557473
0.536522
0.674885
0.275694
1.27523
0.298865
2.1828
1.76649
0.402661
0.431708
0.898869
0.418277
0.0555126
0.0866446
0.527147
0.257007
0.0891198
0.0715599
0.0500164
0.0246645
0.4031
0.28583
0.253256
0.27942
0.448997
0.662353
1.34508
1.29634
0.554094
0.533698
0.570003
0.409801
0.2706
0.486975
0.390868
0.754721
0.387824
0.335528
0.114264
0.177515
0.538112
0.21199
0.100111
0.0796948
0.0448012
0.036871
0.0548235
0.0330519
0.024505
0.042008
0.0324128
0.0084305
0.0108005
0.00594281
0.118665
0.0935109
0.0409319
0.024264
0.0351912
0.00942779
0.0237477
0.0235049
0.341781
0.166268
0.026541
0.0371816
0.410239
1.39035
0.0296475
0.0343687
0.0450727
0.0539703
0.0606798
0.0524514
0.0705412
0.0632939
0.100231
0.212611
0.0465482
0.0408277
0.0470767
0.053384
0.0533346
0.0519069
0.118521
0.0656378
0.101548
0.0771411
0.0827488
0.0578994
0.0518669
0.0589977
0.103338
0.097699
0.0400475
0.039371
0.330904
0.174403
0.124603
0.193892
0.0657559
0.073916
0.0778384
0.0785341
0.0741019
0.061243
0.462524
0.230717
0.0610867
0.120744
0.341984
0.0672552
0.404165
0.634498
0.119377
0.140689
0.583382
0.610527
0.517739
0.638395
0.581656
0.849802
0.740841
0.588914
0.49796
0.673952
0.658961
0.761759
0.553901
0.692766
0.531597
0.843267
0.582363
0.661451
0.598787
0.578987
0.342615
0.446845
0.353488
0.367897
0.373806
0.456049
0.436112
0.303085
0.326297
0.293837
0.303116
0.303832
0.303062
0.323975
0.309985
0.343721
0.284196
0.293199
0.289798
0.289366
0.296237
0.308298
0.2531
0.279391
0.281591
0.278623
0.260246
0.277911
0.291416
0.317563
0.340244
0.362532
0.348215
0.368802
0.370288
0.367028
0.240692
0.182865
0.172646
0.170654
0.165681
0.272696
0.238411
0.529972
0.90575
0.474723
0.994655
0.951537
1.19094
0.898921
0.50595
0.739437
0.39162
0.397251
0.0613101
0.0607539
0.0529152
0.393871
0.0698416
0.389654
0.0816701
0.0679548
0.0568018
0.058405
0.329874
0.0959151
0.638565
0.392159
0.250824
0.279531
0.0754728
0.0890672
0.361626
0.262847
0.429235
0.530405
0.387373
0.359017
0.476819
0.312301
0.887683
1.07247
0.166077
0.280824
0.680006
0.751126
0.252502
0.167177
0.231823
0.213507
0.593099
0.581162
0.332057
0.260618
0.112851
0.119273
0.330479
0.132941
0.111108
0.0380646
0.0848928
0.0633067
0.0787103
0.0459513
0.0125179
0.0164779
0.0372609
0.0103012
0.0560463
0.0451359
0.133396
0.131408
0.0218384
0.07913
0.0121688
0.00949184
0.0297169
0.0273102
0.0549219
0.107353
0.0715308
0.479452
0.360061
0.81992
0.0419111
0.0498924
0.0514506
0.0611536
0.0629985
0.0474816
0.0760377
0.0480976
0.0956055
0.216264
0.0485514
0.0402397
0.0488227
0.0527103
0.054863
0.056075
0.117621
0.0652997
0.0998359
0.0757365
0.0837807
0.057315
0.069124
0.0714932
0.104316
0.21999
0.0495145
0.0446248
0.327938
0.145952
0.0819069
0.183324
0.0629772
0.07486
0.0501758
0.0735663
0.074858
0.0593337
0.560818
0.521227
0.0628573
0.0525984
0.314531
0.144299
0.316768
0.436902
0.273488
0.147869
0.405286
0.535732
0.392114
0.377893
0.551435
0.673722
0.718482
0.502247
0.450754
0.452696
0.471001
0.58621
0.450102
0.505265
0.470973
0.511085
0.490537
0.489962
0.388294
0.396603
0.310657
0.354533
0.289935
0.262969
0.291411
0.332673
0.296842
0.285653
0.220428
0.234681
0.209971
0.294381
0.243964
0.240153
0.236114
0.303736
0.274702
0.248771
0.240656
0.237705
0.208468
0.235761
0.202313
0.240384
0.186138
0.204531
0.24641
0.2588
0.249732
0.27393
0.267136
0.290776
0.327816
0.344735
0.321918
0.317804
0.209534
0.169214
0.135684
0.141599
0.112779
0.193124
0.197776
0.310329
0.569828
1.16005
0.66473
0.246063
0.377153
1.51605
1.24267
0.700871
0.18652
0.609592
0.507868
0.563202
0.316578
0.32759
0.275152
0.300728
0.19465
0.263176
0.324794
0.589789
0.199431
0.336017
0.311534
0.248467
0.211606
0.114392
0.315383
0.359566
0.219925
0.263829
0.348898
0.295599
1.29139
1.41166
0.59948
0.656524
0.156411
0.152039
0.766601
0.790578
0.443615
0.433534
0.0767144
0.121073
0.231223
0.318151
0.391623
0.485378
0.17621
0.1385
0.122568
0.132828
0.299189
0.110013
0.230967
0.641961
0.15514
0.0892012
0.0865356
0.0873087
0.0129099
0.0198931
0.0519018
0.0135323
0.0571873
0.0426467
0.130124
0.173552
0.0110007
0.0855319
0.0142216
0.010776
0.0316471
0.0298984
0.0632156
0.0107435
0.101075
0.141594
0.252191
0.360668
0.0400591
0.0534208
0.0468772
0.0491716
0.0643921
0.0503987
0.0776255
0.056743
0.111008
0.219581
0.0517002
0.0576531
0.0491796
0.0533847
0.0553358
0.0538059
0.118651
0.0783199
0.0998591
0.0754574
0.0842184
0.0579054
0.0700433
0.0712735
0.106468
0.219333
0.0596746
0.053679
0.270435
0.216918
0.0843137
0.182714
0.0646336
0.074671
0.0597769
0.0580863
0.0774097
0.0646358
0.546354
0.376607
0.210669
0.0581376
0.156846
0.144363
0.345489
0.548711
0.41718
0.286005
0.321025
0.558094
0.359154
0.411763
0.555137
0.598683
0.595385
0.459
0.295953
0.376408
0.282065
0.281658
0.259582
0.299924
0.340764
0.373526
0.237937
0.2536
0.222093
0.242248
0.220487
0.300708
0.177051
0.222158
0.240308
0.290639
0.221002
0.233505
0.204209
0.187876
0.177865
0.192929
0.180063
0.200922
0.216221
0.214034
0.208832
0.215844
0.196267
0.167307
0.173733
0.184837
0.176194
0.216878
0.169933
0.183779
0.212206
0.212405
0.230746
0.238662
0.250269
0.268609
0.298112
0.336682
0.290221
0.271502
0.182682
0.153454
0.129044
0.153608
0.0867682
0.149244
0.173101
0.333443
0.252595
0.851743
0.207618
1.50475
0.880556
0.517002
0.446324
0.501707
0.421395
1.06159
0.687771
0.362388
0.601726
0.109641
0.911815
0.0717571
0.63439
0.336557
0.884787
0.750506
0.537095
0.258337
0.234689
0.247804
0.174623
0.212721
0.223707
0.207231
0.337126
0.464345
0.974756
1.02229
0.37165
0.401846
0.117736
0.144914
0.50921
0.567177
0.384947
0.425174
0.0322894
0.0289998
0.11386
0.147457
0.26247
0.377791
0.377198
0.447386
0.131055
0.118529
0.165803
0.306103
0.0954987
0.0980312
0.0708341
0.068229
0.185585
0.193938
0.0644945
0.0761154
0.0152313
0.0226527
0.00229126
0.00302111
0.0500837
0.0442313
0.123923
0.158869
0.0449733
0.0358864
0.0288031
0.0480083
0.0295262
0.0310064
0.0688715
0.00987283
0.0640906
0.099922
0.192569
0.386892
0.0869589
0.0619003
0.0749946
0.0481323
0.0568137
0.0527114
0.0755957
0.0700248
0.127427
0.215746
0.0480241
0.064356
0.0529922
0.0533263
0.0520016
0.0533271
0.0923942
0.0833129
0.114024
0.0774904
0.0645871
0.0573539
0.0637835
0.071102
0.127435
0.213512
0.0599723
0.0567404
0.174793
0.148
0.093642
0.188521
0.0710809
0.0707352
0.0531236
0.0659857
0.0718746
0.0635365
0.0807314
0.272747
0.141883
0.0974287
0.202559
0.152401
0.496268
0.461417
0.450154
0.380818
0.322158
0.475923
0.32904
0.430426
0.513355
0.564075
0.761234
0.492207
0.362717
0.266968
0.269186
0.255636
0.246044
0.228537
0.262364
0.241565
0.202097
0.170807
0.144734
0.186976
0.146635
0.140697
0.207262
0.199884
0.186358
0.159299
0.20658
0.179453
0.157018
0.17302
0.133728
0.177627
0.166422
0.210412
0.179203
0.215216
0.141983
0.147978
0.139444
0.159586
0.154155
0.165656
0.126924
0.148536
0.165844
0.19016
0.171176
0.179541
0.218603
0.219775
0.239526
0.266257
0.257978
0.287002
0.262774
0.249397
0.171753
0.140146
0.181449
0.232365
0.0921987
0.0480774
0.0288354
0.0172688
0.111877
0.00134438
0.0499903
0.0372077
0.0685409
0.306487
0.101491
0.0489744
0.406389
0.0643427
0.0539672
0.0586276
0.232588
0.0129606
0.139067
0.0967283
0.224853
0.0605599
0.279102
0.369284
0.070628
0.0767671
0.05949
0.0608496
0.0762713
0.207704
0.0768984
0.0552821
0.0376953
0.0970907
0.0351117
0.146789
0.15407
0.0592584
0.042589
0.051565
0.0548314
0.0408908
0.076921
0.0358271
0.0176179
0.0270465
0.132519
