5.05829e+16
1.01656e+17
3.34806e+16
3.30044e+16
8.34456e+16
1.22054e+17
1.53114e+17
2.11485e+16
2.15388e+16
5.7239e+16
4.40186e+16
5.77473e+16
1.08707e+17
5.52937e+16
1.03938e+17
8.90606e+16
6.5508e+16
1.39746e+16
6.54504e+16
6.33153e+16
4.22273e+16
8.6341e+16
9.03719e+16
7.07685e+15
2.24442e+16
4.67184e+14
8.4361e+16
5.76873e+16
6.08745e+16
9.20904e+16
8.12802e+16
3.13916e+14
2.72563e+16
4.90367e+14
2.74747e+18
2.50978e+18
3.10944e+18
2.06644e+18
3.99833e+18
2.04421e+18
4.35222e+18
6.27492e+16
1.76231e+18
5.47041e+18
1.67768e+18
6.39623e+16
1.49725e+18
1.35525e+18
6.44826e+16
6.83335e+16
1.04655e+19
1.13768e+18
1.13455e+18
1.39185e+16
9.37928e+17
1.19361e+18
1.2372e+18
8.4069e+17
1.34933e+18
6.37218e+17
6.9394e+16
7.04366e+16
8.29996e+16
1.6727e+18
4.45957e+16
1.16382e+17
1.29373e+18
5.98875e+17
4.26747e+16
1.39095e+17
2.10849e+18
3.16226e+16
1.69984e+17
6.95237e+17
2.86817e+16
1.01561e+18
2.22889e+17
3.0984e+16
1.92809e+17
3.03898e+16
1.03132e+18
1.57395e+16
7.81289e+15
1.62947e+17
3.55915e+16
9.73162e+17
3.97974e+16
1.33167e+17
3.10486e+18
2.42852e+18
2.5832e+18
3.39641e+18
3.65875e+18
2.16455e+18
5.6001e+18
2.8346e+16
9.25028e+17
1.90425e+18
6.62348e+18
4.43547e+16
5.06268e+17
2.01282e+18
4.38023e+17
1.41562e+18
1.18273e+17
2.03644e+16
7.96526e+18
6.66689e+18
4.72758e+18
6.12814e+17
8.72846e+17
1.3442e+18
7.65259e+17
8.35325e+17
2.10378e+16
1.72255e+18
1.20845e+18
1.08652e+17
1.95596e+16
1.08792e+18
3.32703e+17
2.83368e+16
3.16989e+17
1.4224e+17
2.88214e+16
1.04713e+18
1.4659e+16
1.37119e+18
1.33082e+17
2.78444e+16
1.36398e+18
1.01518e+18
8.83211e+17
1.65348e+18
2.8128e+17
1.30129e+17
9.66194e+17
1.52402e+18
6.67079e+16
1.54435e+16
1.10822e+17
2.22287e+16
2.99769e+17
1.93006e+17
8.01924e+17
2.97042e+17
4.08484e+16
4.24864e+16
1.23913e+17
2.08359e+16
2.90596e+18
1.17728e+18
3.46312e+18
2.63877e+16
8.10852e+17
5.05945e+15
2.55906e+18
2.43964e+16
4.02275e+16
4.5297e+18
8.28419e+17
7.87014e+16
1.18244e+16
2.31205e+18
1.53806e+16
9.71798e+15
7.22215e+17
3.31818e+16
6.43568e+17
1.07761e+18
6.33566e+17
5.9462e+17
6.1371e+17
1.23183e+17
1.71787e+18
1.09129e+19
2.6663e+18
2.72768e+16
7.14181e+16
1.87903e+18
1.69983e+18
1.48e+18
8.51914e+17
9.6639e+17
5.51668e+16
6.3426e+16
4.87725e+16
6.02311e+17
1.98186e+18
5.54874e+17
2.10482e+16
1.47859e+18
3.97876e+16
1.37148e+18
1.24572e+17
1.89699e+17
1.02087e+17
1.38854e+17
3.84097e+17
4.15252e+16
2.8004e+16
2.31438e+18
1.2229e+18
1.24041e+18
6.57992e+15
2.04797e+16
2.21198e+16
3.14036e+16
3.27394e+17
4.15313e+17
4.41116e+17
2.18864e+16
4.82414e+15
9.55509e+17
3.31903e+17
2.15067e+17
1.71749e+17
8.99349e+17
2.67792e+16
8.97043e+17
6.18557e+17
2.96417e+18
3.57137e+18
3.20362e+18
3.07955e+18
2.41769e+18
2.15802e+18
4.71598e+18
1.73914e+16
2.84409e+16
3.35165e+18
5.53531e+18
8.05248e+15
1.38595e+16
3.92202e+17
2.08314e+18
1.73655e+18
3.97443e+18
5.6572e+18
3.31596e+17
4.06606e+17
2.40549e+17
1.89941e+16
8.25808e+17
5.13758e+18
2.43252e+18
7.93202e+16
6.10036e+16
6.0775e+16
1.55409e+16
2.4195e+16
3.00604e+18
7.96764e+15
2.02218e+16
1.50537e+16
1.13152e+16
6.87986e+17
1.94692e+16
1.32269e+16
1.3616e+18
6.46047e+17
4.67847e+18
6.4546e+18
2.44882e+16
1.31454e+18
4.02162e+16
1.24349e+17
2.59638e+17
1.89836e+17
4.16789e+16
8.26515e+15
1.76428e+18
2.02319e+16
4.92817e+16
1.10754e+18
5.49241e+16
5.24392e+16
5.3635e+16
3.78084e+16
6.60174e+16
4.2306e+16
2.47248e+16
4.49329e+16
3.56966e+16
6.21525e+17
4.18078e+17
2.11535e+16
9.18308e+17
4.13044e+16
7.22835e+17
4.25317e+15
4.67892e+15
6.17709e+17
4.72826e+15
7.89896e+16
5.32888e+16
3.31731e+17
8.4559e+17
9.87143e+17
1.31878e+18
1.45551e+16
1.09653e+16
3.6586e+16
2.57177e+16
7.95788e+15
1.22073e+16
2.03576e+16
3.33473e+16
1.75364e+16
1.74683e+16
1.78956e+16
3.27501e+16
3.53439e+16
3.34751e+16
2.66297e+16
2.32526e+16
1.88521e+16
4.63844e+16
3.97031e+16
3.88379e+16
3.4842e+16
6.10854e+17
2.31802e+16
1.2315e+16
2.32274e+16
1.83048e+16
8.80023e+15
3.74546e+15
6.50698e+15
1.31453e+16
7.15648e+15
7.96655e+15
1.19438e+16
9.10076e+15
6.76022e+15
1.45221e+16
8.2591e+15
4.26306e+15
1.42625e+15
1.01273e+15
5.79772e+15
2.82451e+15
2.7895e+15
1.07903e+16
5.75361e+15
8.50061e+15
1.50397e+15
2.3627e+15
2.74326e+15
3.07567e+15
4.26347e+15
6.4132e+15
4.29636e+15
1.22249e+15
1.67088e+15
2.6878e+15
2.15297e+15
2.59954e+15
3.47299e+15
7.93821e+15
6.29109e+15
4.35775e+16
1.42719e+16
1.60762e+16
9.51169e+15
1.90354e+16
3.72779e+15
6.11005e+15
4.19331e+15
1.44157e+16
6.10717e+15
1.48265e+16
1.22729e+16
1.25737e+16
2.68907e+16
7.76852e+16
2.26085e+16
4.77662e+16
5.57449e+16
1.04223e+16
9.2522e+15
8.95769e+15
1.42434e+16
1.32515e+16
3.68442e+16
2.27757e+16
2.56623e+16
2.03055e+16
2.76234e+16
2.66484e+15
5.87648e+15
5.08798e+15
3.99357e+15
3.65798e+15
3.1474e+15
3.51134e+15
6.24734e+15
8.26573e+15
6.48887e+15
5.30584e+15
7.15168e+15
5.87568e+15
4.48425e+15
5.63801e+15
8.00991e+15
2.61341e+16
2.68154e+16
2.43807e+16
2.48518e+16
8.00319e+15
1.6597e+16
2.89472e+16
1.4809e+16
1.57758e+16
1.8774e+16
1.53833e+16
2.46959e+16
2.0001e+16
2.09549e+16
2.75688e+16
1.99815e+16
1.76726e+16
2.57335e+16
1.3208e+16
1.6425e+16
1.8435e+16
2.12846e+16
2.21118e+16
2.13669e+16
3.41243e+16
2.33475e+16
2.12212e+16
2.10593e+16
1.92598e+16
2.14249e+16
1.1442e+16
2.63657e+16
2.35362e+16
2.47102e+16
3.19402e+16
2.42324e+16
3.21849e+16
1.4167e+16
1.69797e+16
1.84081e+16
2.34206e+16
8.96162e+15
2.75896e+16
4.63123e+16
5.47712e+16
6.07232e+15
2.64968e+16
8.35223e+15
6.97327e+15
9.03348e+15
8.56427e+15
1.56142e+16
3.47432e+16
2.69935e+16
5.2883e+16
3.26545e+15
1.33002e+17
1.50004e+17
9.92755e+16
4.93897e+17
4.20463e+17
1.86415e+17
2.00165e+17
3.12326e+16
1.24469e+16
1.67405e+16
1.92965e+16
2.59823e+15
1.14521e+16
9.53755e+15
4.328e+16
5.91193e+16
2.26273e+16
1.78575e+16
5.3095e+17
1.36097e+16
1.55251e+16
1.2641e+16
1.54423e+16
2.26459e+16
1.64e+16
1.22089e+17
1.51e+16
1.4044e+16
5.94867e+16
4.68811e+15
4.72807e+15
5.68441e+15
5.96167e+15
2.30118e+16
1.21821e+16
1.6451e+16
1.3068e+16
9.53442e+15
6.80373e+15
1.3611e+16
6.73482e+15
9.67554e+15
2.1384e+16
8.02412e+15
9.49729e+15
8.5235e+15
9.23134e+15
7.90871e+15
1.2839e+16
7.92333e+16
9.88186e+15
7.12315e+15
9.32831e+15
9.99832e+15
9.84162e+15
7.72951e+15
4.9538e+15
5.74246e+15
6.49877e+15
8.82007e+15
1.31003e+16
2.10908e+16
2.26671e+16
2.29359e+16
1.71182e+16
1.68416e+16
2.47642e+16
2.97852e+16
2.81814e+16
1.68135e+16
1.40595e+16
2.47598e+16
6.36481e+16
5.8459e+16
1.52923e+16
4.79333e+16
6.01315e+16
6.71311e+16
6.4307e+16
8.4157e+15
3.21859e+15
5.54121e+16
3.74305e+16
9.87356e+15
5.80509e+15
7.96298e+16
9.98707e+16
6.98143e+16
1.15299e+17
9.58784e+16
6.58616e+15
5.72624e+15
6.95403e+15
5.08641e+16
3.69406e+16
4.34961e+16
6.34022e+15
5.33123e+15
1.29959e+16
1.02883e+16
6.60056e+15
4.71714e+15
6.89702e+15
6.15058e+15
5.88972e+15
5.29286e+15
4.99823e+16
4.32341e+16
1.97795e+16
6.26938e+16
4.86893e+15
5.69085e+15
1.20892e+16
1.22871e+16
1.7442e+16
1.19026e+16
1.76874e+16
1.51779e+16
1.72461e+16
1.15363e+16
1.23263e+16
1.53264e+16
1.09994e+16
1.58364e+16
1.55796e+16
1.75358e+16
2.44803e+15
5.01583e+15
2.95561e+15
5.42194e+15
3.22969e+15
4.01646e+15
3.57015e+15
4.98381e+15
9.29196e+15
3.01398e+15
2.36857e+16
2.79056e+15
7.14805e+15
1.76044e+16
2.75718e+15
4.261e+15
5.31812e+15
8.50308e+15
6.48896e+15
6.8817e+15
9.36544e+15
9.7305e+15
5.05831e+15
7.86106e+15
5.27223e+15
7.53094e+15
1.59509e+16
1.60557e+16
1.5622e+16
8.23622e+15
1.46102e+16
1.55814e+16
1.35693e+16
1.65711e+16
1.40045e+16
1.8809e+16
1.72517e+16
1.86822e+16
1.31807e+16
1.6839e+16
2.30125e+16
2.77775e+15
1.07471e+16
3.36045e+15
1.29066e+16
7.17512e+15
1.77603e+16
9.2527e+15
3.93829e+16
3.92848e+16
2.89437e+16
1.55454e+16
9.25527e+15
1.49461e+16
2.0045e+16
1.69053e+16
1.76806e+16
1.6214e+16
1.63275e+16
1.59363e+16
1.37788e+16
9.61057e+15
9.76223e+15
8.94278e+15
4.33191e+15
9.51639e+15
9.04307e+15
1.18125e+16
8.06339e+15
1.19632e+16
7.78216e+15
1.07753e+16
1.13671e+16
1.32087e+16
1.16573e+16
9.55024e+15
1.08272e+16
8.30793e+15
8.81298e+15
6.58785e+15
7.06028e+15
1.09827e+16
7.78478e+15
1.30442e+16
9.02081e+15
6.56401e+15
1.31018e+16
8.22086e+15
6.43458e+15
1.48876e+16
1.5729e+16
8.04321e+15
5.04136e+15
7.53299e+15
1.00507e+16
9.08346e+15
9.06709e+15
1.02099e+16
1.32015e+16
8.00359e+15
1.03094e+16
1.42378e+16
1.1473e+16
1.22367e+16
1.61107e+16
1.48608e+16
1.63673e+16
9.92211e+15
1.38168e+16
1.2343e+16
1.27794e+16
1.27581e+16
7.97789e+15
6.84398e+15
7.52469e+15
7.66096e+15
9.29984e+15
9.91735e+15
1.09423e+16
5.94875e+15
3.68686e+15
5.87122e+15
7.30528e+15
1.05649e+16
8.22802e+15
7.24791e+15
1.04811e+16
2.58016e+15
3.03733e+15
7.13088e+15
6.00054e+15
9.29339e+15
9.6482e+15
1.51036e+16
1.62156e+16
4.0712e+15
8.75692e+15
5.01505e+15
1.06477e+16
1.38584e+16
9.99908e+15
1.17256e+16
8.39972e+15
9.80398e+15
6.00854e+15
9.5847e+15
8.57257e+15
5.82268e+15
9.36581e+15
1.0152e+16
9.21347e+15
1.26162e+16
8.57222e+15
1.45068e+16
1.07963e+16
8.94437e+15
3.77373e+15
9.58881e+15
7.89762e+15
7.56007e+15
1.21772e+16
1.02872e+16
9.39013e+15
8.5111e+15
9.0123e+15
1.12086e+16
7.68935e+15
1.60777e+16
1.55501e+16
5.17247e+15
9.37536e+15
8.54844e+15
8.33882e+15
9.49736e+15
1.67954e+16
1.3189e+16
1.42477e+16
2.09639e+16
1.26558e+16
2.03032e+16
9.20376e+15
2.52562e+15
9.47682e+15
2.3373e+15
4.67355e+15
5.48454e+15
6.94401e+15
5.49501e+15
1.10868e+16
1.5675e+16
1.29454e+16
1.74603e+16
1.59381e+16
9.79425e+15
1.17463e+16
5.44592e+15
8.4963e+15
1.65953e+16
1.21179e+16
1.04991e+16
1.20883e+16
1.12227e+16
1.61323e+16
7.17901e+15
7.57734e+15
1.03565e+16
8.26001e+15
6.71844e+15
9.88513e+15
1.76391e+16
1.10346e+16
1.82948e+16
1.35634e+16
1.72853e+16
2.14932e+16
1.02447e+16
8.60297e+15
1.10523e+16
8.73502e+15
1.04697e+16
5.5583e+15
1.53143e+16
1.03238e+16
1.13362e+16
3.97937e+15
1.3273e+16
7.43656e+15
4.67961e+15
1.59272e+16
1.05411e+16
1.20453e+16
1.80215e+16
9.10004e+15
1.0655e+16
1.36624e+16
1.29571e+16
1.14844e+16
1.52119e+16
8.33318e+15
1.17506e+16
9.66722e+15
1.26184e+16
1.67025e+16
1.40325e+16
1.38258e+16
9.15505e+15
1.08865e+16
8.86911e+15
1.54204e+16
1.36372e+16
1.12127e+16
1.1948e+16
1.31537e+16
8.85725e+15
1.13597e+16
6.3107e+15
9.28076e+15
7.75117e+15
8.25741e+15
6.45108e+15
5.38095e+15
8.35169e+15
1.16286e+16
1.36097e+16
1.33701e+16
1.70733e+16
1.42814e+16
1.67933e+16
1.56902e+16
1.29123e+16
1.32862e+16
1.12201e+16
7.79973e+15
1.01346e+16
7.4682e+15
5.28335e+15
8.19662e+15
9.25467e+15
1.13537e+16
1.16019e+16
1.65989e+16
1.47057e+16
1.79154e+16
1.68169e+16
1.96882e+16
1.4708e+16
1.57686e+16
2.04935e+16
1.88504e+16
1.8415e+16
8.85193e+15
1.29417e+16
9.38503e+15
1.1769e+16
1.21765e+16
1.03312e+16
9.92883e+15
8.8063e+15
1.23081e+16
1.12116e+16
9.52709e+15
1.41121e+16
1.31542e+16
1.85497e+16
1.71982e+16
1.08251e+16
1.06769e+16
1.00644e+16
1.01353e+16
1.11586e+16
1.417e+16
6.46247e+15
8.94033e+15
8.33983e+15
7.77234e+15
1.37266e+16
1.25492e+16
1.03025e+16
8.94411e+15
8.29937e+15
1.48149e+16
1.40586e+16
1.49244e+16
1.02624e+16
8.1523e+15
5.62336e+15
7.43985e+15
9.08858e+15
9.13801e+15
9.28652e+15
8.26657e+15
8.24543e+15
8.31906e+15
1.10422e+16
1.34312e+16
1.11281e+16
1.52128e+16
9.27215e+15
1.84022e+16
9.81085e+15
1.19972e+16
1.10978e+16
1.10754e+16
9.01302e+15
8.27121e+15
1.05938e+16
1.24018e+16
1.62057e+16
7.66787e+16
1.05361e+16
1.67991e+16
1.30469e+16
1.5036e+16
1.51971e+16
2.31098e+16
9.33477e+15
1.04155e+16
1.36559e+16
7.46031e+15
6.8472e+15
5.70521e+15
4.46608e+15
2.01812e+15
1.14495e+16
1.14834e+16
9.52417e+15
1.05045e+16
1.05716e+16
1.56914e+16
1.08223e+16
1.07025e+16
4.04516e+15
2.56289e+15
3.49735e+15
2.30666e+15
2.03708e+15
1.74778e+16
1.40014e+16
7.60828e+15
1.23825e+16
1.34422e+16
1.75641e+16
8.54416e+15
1.03767e+16
6.38646e+15
9.86076e+15
7.04773e+15
3.20602e+15
6.65867e+15
7.48664e+15
9.50951e+15
4.86955e+15
4.57282e+15
1.13263e+16
9.0625e+15
8.4676e+15
1.47709e+16
1.41529e+16
1.14772e+16
9.79391e+15
1.19278e+16
1.11537e+16
1.1891e+16
1.27671e+16
9.66315e+15
9.68441e+15
1.07145e+16
2.58953e+15
1.76609e+16
7.49945e+15
2.75124e+15
6.77721e+15
2.30112e+16
1.88101e+16
1.97487e+16
1.30011e+16
9.67562e+15
1.28968e+16
1.11156e+16
1.38101e+16
1.25333e+16
1.49007e+16
1.58559e+16
8.9848e+15
4.43532e+15
7.34364e+15
1.43533e+16
1.35064e+16
1.4615e+16
1.54082e+16
1.26068e+16
4.70092e+15
1.08704e+16
5.74281e+15
1.59963e+16
4.10651e+16
6.63132e+15
8.69452e+15
1.38457e+16
1.70839e+16
1.05969e+16
2.38542e+16
1.0707e+16
7.84538e+15
2.03762e+16
9.77062e+15
9.70829e+15
1.19354e+16
1.31666e+16
1.5615e+16
4.27635e+15
5.79721e+15
8.64643e+15
8.2311e+15
7.08363e+15
3.57949e+15
6.84615e+15
1.84283e+16
1.13673e+16
1.20233e+16
1.61416e+16
1.66264e+16
7.54201e+18
6.35778e+18
4.7025e+18
4.09727e+18
3.39017e+18
3.31334e+18
2.55095e+18
2.49494e+18
2.04599e+18
2.27072e+18
2.08364e+18
2.02939e+18
1.56526e+18
1.85296e+18
1.73858e+18
1.78892e+18
1.53022e+18
1.5847e+18
1.3866e+18
1.33787e+18
1.16048e+18
1.22491e+18
9.7392e+17
1.14911e+18
7.98131e+17
9.19945e+17
1.01908e+18
1.04299e+18
8.27977e+17
7.74367e+17
7.14297e+17
7.01418e+17
4.93744e+17
6.49298e+17
6.61579e+17
7.71715e+17
5.22644e+17
6.8374e+17
4.60737e+17
6.6413e+17
5.50116e+17
6.68566e+17
5.39028e+17
5.14204e+17
4.56808e+17
5.00818e+17
2.76801e+17
3.08978e+17
0
0
0
0
0
0
0
0
0
0
0
0
0
0
0
0
0
0
0
0
0
0
0
0
0
0
0
0
0
0
0
0
0
0
0
0
0
0
0
0
0
0
0
0
0
0
0
0
0
0
2.37158e+09
1.45229e+09
2.82858e+08
1.72239e+08
0
0
0
0
0
0
0
0
0
0
0
0
0
0
0
0
0
0
7.55839e+08
1.16795e+09
0
0
0
0
0
0
0
0
0
0
0
0
0
0
0
0
0
0
0
0
0
0
2.44031e+17
2.8328e+17
2.26857e+17
2.30192e+17
2.05672e+17
2.51688e+17
2.63332e+17
2.47478e+17
2.07036e+17
2.0696e+17
2.00881e+17
2.27168e+17
1.3118e+17
1.46959e+17
9.0657e+16
9.97805e+16
6.54218e+16
7.49685e+16
8.43488e+16
7.69747e+16
8.25768e+16
8.469e+16
1.28962e+17
1.88209e+17
2.50478e+17
3.08704e+17
4.0054e+17
4.65006e+17
4.49065e+17
5.19321e+17
5.01148e+17
5.70278e+17
6.62165e+17
7.12341e+17
7.62017e+17
8.79769e+17
9.01775e+17
8.93973e+17
8.86112e+17
9.09172e+17
9.85474e+17
1.03088e+18
1.13016e+18
1.26059e+18
1.53104e+18
1.46257e+18
2.2328e+18
3.02191e+18
7.40554e+18
6.3294e+18
4.53033e+18
4.02472e+18
3.04518e+18
2.79805e+18
2.19802e+18
2.27981e+18
2.01673e+18
1.92292e+18
1.80874e+18
1.72198e+18
1.39908e+18
1.41458e+18
1.33198e+18
1.3496e+18
1.13826e+18
1.23972e+18
9.74279e+17
1.13571e+18
7.68986e+17
7.90976e+17
6.97639e+17
7.43152e+17
5.89493e+17
6.03e+17
6.10587e+17
6.18075e+17
5.52509e+17
5.30219e+17
3.80247e+17
5.0943e+17
3.32953e+17
4.13977e+17
3.80062e+17
4.015e+17
3.28637e+17
3.21379e+17
3.23473e+17
3.8323e+17
2.81413e+17
3.06422e+17
2.2223e+17
2.7581e+17
2.23473e+17
2.98381e+17
1.67678e+17
1.90595e+17
0
0
0
0
0
0
0
0
0
0
0
0
0
0
0
0
0
0
0
0
0
0
0
0
0
0
0
0
0
0
0
0
0
0
0
0
0
0
0
0
0
0
0
0
0
0
0
0
4.65537e+06
0
2.32626e+09
1.4741e+09
2.84216e+08
1.68719e+08
0
0
0
0
0
0
0
0
0
0
0
0
0
0
0
0
0
0
7.03363e+08
1.21394e+09
0
0
0
0
0
0
0
0
0
0
0
0
0
0
0
0
0
0
0
0
0
0
1.64997e+17
1.67175e+17
1.50611e+17
1.61716e+17
1.3022e+17
1.44928e+17
1.38086e+17
2.05936e+17
1.59687e+17
1.63284e+17
1.23987e+17
1.56314e+17
9.58711e+16
1.001e+17
6.50742e+16
5.34011e+16
7.97568e+16
5.64965e+16
7.6592e+16
5.69129e+16
4.76298e+16
7.12014e+16
1.04496e+17
1.63952e+17
1.94602e+17
2.84413e+17
2.75291e+17
3.53186e+17
3.70307e+17
3.9079e+17
4.32974e+17
4.5154e+17
5.59031e+17
6.25356e+17
6.63824e+17
7.10088e+17
7.46394e+17
7.82487e+17
7.47993e+17
8.35531e+17
8.80887e+17
9.20064e+17
1.06605e+18
1.1542e+18
1.27884e+18
1.53863e+18
2.3954e+18
3.46749e+18
7.45248e+18
6.52294e+18
4.38717e+18
3.72966e+18
2.53969e+18
2.3858e+18
2.01883e+18
1.99356e+18
1.60507e+18
1.70504e+18
1.41584e+18
1.40465e+18
1.24293e+18
1.20235e+18
1.13882e+18
1.0016e+18
9.17854e+17
9.2885e+17
7.78774e+17
8.47697e+17
6.80567e+17
6.19763e+17
4.08083e+17
4.8601e+17
4.68146e+17
4.5824e+17
3.62655e+17
4.34796e+17
3.18105e+17
3.91305e+17
2.52654e+17
2.81834e+17
2.22138e+17
2.76887e+17
2.3752e+17
2.46215e+17
1.94432e+17
2.06291e+17
1.52386e+17
1.52122e+17
1.52251e+17
1.62787e+17
1.24467e+17
1.59988e+17
1.06226e+17
1.44584e+17
1.00118e+17
1.23771e+17
0
0
0
0
0
0
0
0
0
0
0
0
0
0
0
0
0
0
0
0
0
0
0
0
0
0
0
0
0
0
0
0
0
0
0
0
0
0
0
0
0
0
0
0
0
0
0
0
2.71515e+08
1.60421e+09
2.28249e+09
1.49485e+09
2.85593e+08
1.6522e+08
0
0
0
0
0
0
0
0
0
0
0
0
0
0
0
0
0
0
6.5153e+08
1.25938e+09
0
0
0
0
0
0
0
0
0
0
0
0
0
0
0
0
0
0
0
0
0
0
9.24604e+16
9.90316e+16
1.07027e+17
1.11973e+17
7.65307e+16
9.63238e+16
8.47377e+16
1.21245e+17
1.05284e+17
1.00696e+17
8.91144e+16
1.27594e+17
8.2057e+16
7.43592e+16
4.934e+16
4.98083e+16
5.13789e+16
6.75784e+16
3.93555e+16
4.65946e+16
2.56118e+16
3.92374e+16
7.92498e+16
1.14314e+17
1.80825e+17
2.16202e+17
2.37181e+17
2.89633e+17
3.16961e+17
3.1137e+17
3.081e+17
3.80325e+17
4.15235e+17
4.68693e+17
4.94974e+17
6.04916e+17
6.40468e+17
6.89359e+17
6.81182e+17
7.55522e+17
7.73437e+17
8.37811e+17
9.8379e+17
9.58412e+17
1.08778e+18
1.45817e+18
2.68651e+18
3.70578e+18
7.80225e+18
6.51539e+18
4.02072e+18
3.40542e+18
2.2353e+18
1.99931e+18
1.63311e+18
1.71367e+18
1.30915e+18
1.36979e+18
1.25769e+18
1.22737e+18
8.18101e+17
8.67554e+17
8.8105e+17
8.44688e+17
6.17408e+17
7.05198e+17
6.25816e+17
6.47456e+17
4.97683e+17
4.92529e+17
2.72445e+17
3.03737e+17
2.85615e+17
2.66198e+17
2.46128e+17
2.80796e+17
2.00794e+17
2.40286e+17
2.08469e+17
1.69096e+17
1.49424e+17
1.75927e+17
1.24821e+17
1.24378e+17
9.94355e+16
1.43013e+17
8.74379e+16
1.12307e+17
5.93779e+16
7.67985e+16
8.40201e+16
7.43972e+16
5.64977e+16
7.06912e+16
5.64668e+16
7.72753e+16
0
0
0
0
0
0
0
0
0
0
0
0
0
0
0
0
0
0
0
0
0
0
0
0
0
0
0
0
0
0
0
0
0
0
0
0
0
0
0
0
0
0
0
0
0
0
0
0
8.80196e+08
1.65717e+09
2.24018e+09
1.51457e+09
2.86982e+08
1.61742e+08
0
0
0
0
0
0
0
0
0
0
0
0
3.98067e+12
5.79718e+10
0
0
0
0
6.00339e+08
1.30443e+09
0
0
0
0
0
0
0
0
0
0
0
0
0
0
0
0
0
0
0
0
0
0
5.97285e+16
5.27987e+16
4.88498e+16
5.62931e+16
5.22726e+16
4.67029e+16
4.43657e+16
7.36001e+16
6.10686e+16
6.04979e+16
4.65572e+16
7.24673e+16
7.80631e+16
6.12535e+16
4.38135e+16
3.5241e+16
3.20089e+16
4.96938e+16
1.09484e+16
2.17758e+16
1.85871e+16
3.56978e+16
3.10981e+16
7.54979e+16
1.15043e+17
1.69089e+17
1.49987e+17
2.18692e+17
2.10423e+17
2.39852e+17
2.13391e+17
2.7267e+17
3.03456e+17
3.76612e+17
3.58772e+17
4.44398e+17
5.16537e+17
6.06409e+17
5.00891e+17
6.42178e+17
6.58522e+17
7.60909e+17
8.0317e+17
8.70737e+17
1.02999e+18
1.41637e+18
2.7665e+18
4.13477e+18
7.70533e+18
6.43942e+18
3.34909e+18
2.82291e+18
1.6657e+18
1.60627e+18
1.25938e+18
1.35152e+18
1.08262e+18
1.02532e+18
9.24537e+17
9.09541e+17
7.15015e+17
6.41593e+17
6.42892e+17
6.44904e+17
5.20772e+17
5.35546e+17
3.84897e+17
4.40676e+17
2.56776e+17
3.42208e+17
1.47012e+17
1.91817e+17
1.9064e+17
1.88309e+17
1.6554e+17
1.77317e+17
1.32177e+17
1.2761e+17
1.23086e+17
1.04638e+17
7.9553e+16
1.10114e+17
7.2321e+16
7.42315e+16
5.77606e+16
7.40447e+16
5.23777e+16
6.16135e+16
3.60643e+16
4.19785e+16
2.97899e+16
5.3899e+16
2.82979e+16
4.05687e+16
3.17505e+16
4.86728e+16
0
0
0
0
0
0
0
0
0
0
0
0
0
0
0
0
0
0
0
0
0
0
0
0
0
0
0
0
0
0
0
0
0
0
0
0
0
0
0
0
0
0
0
0
0
0
0
0
8.90036e+08
2.43058e+09
2.19928e+09
1.53331e+09
2.88381e+08
1.58282e+08
0
0
0
0
0
0
0
0
0
0
0
0
4.22297e+12
3.64603e+12
0
0
0
0
5.49664e+08
1.34894e+09
0
0
0
0
0
0
0
0
0
0
0
0
0
0
0
0
0
0
0
0
0
0
3.586e+16
2.68917e+16
2.63203e+16
1.85127e+16
2.58078e+16
2.74402e+16
2.75072e+16
3.61303e+16
3.24005e+16
3.49455e+16
2.11456e+16
3.37676e+16
3.91101e+16
4.87966e+16
3.84721e+16
2.2249e+16
1.24348e+16
2.38517e+16
7.84443e+15
5.12233e+15
1.93103e+16
1.48939e+16
2.03931e+16
3.41643e+16
7.20191e+16
1.17732e+17
1.24198e+17
1.75289e+17
1.1501e+17
1.61029e+17
1.24321e+17
1.7972e+17
2.2692e+17
2.81018e+17
2.67716e+17
3.19353e+17
4.0496e+17
4.46991e+17
3.7858e+17
5.0741e+17
5.13636e+17
6.40906e+17
6.71562e+17
7.12806e+17
8.97236e+17
1.22546e+18
3.01497e+18
4.43016e+18
7.64369e+18
5.92793e+18
3.06236e+18
2.35852e+18
1.33411e+18
1.25635e+18
8.77329e+17
9.35512e+17
8.76122e+17
7.1159e+17
6.83222e+17
6.73389e+17
5.71642e+17
4.93436e+17
3.91609e+17
4.68687e+17
2.94953e+17
3.14668e+17
2.19265e+17
2.89625e+17
1.78064e+17
1.98498e+17
1.10314e+17
1.06603e+17
1.10912e+17
1.16734e+17
7.45749e+16
1.10059e+17
7.16947e+16
8.19945e+16
8.06383e+16
7.10453e+16
3.7727e+16
4.94437e+16
4.00351e+16
4.45965e+16
2.6754e+16
3.73122e+16
1.25257e+16
3.39669e+16
2.03101e+16
1.92174e+16
1.84234e+16
1.95783e+16
1.06379e+16
2.28011e+16
1.44752e+16
2.76212e+16
0
0
0
0
0
0
0
0
0
0
0
0
0
0
0
0
0
0
0
0
0
0
0
0
0
0
0
0
0
0
0
0
0
0
0
0
0
0
0
0
0
0
0
0
0
0
0
0
9.00919e+08
2.40199e+09
2.15975e+09
1.55113e+09
2.89798e+08
1.54839e+08
0
0
0
0
0
0
0
0
0
0
0
0
4.46077e+12
3.36563e+12
0
0
0
0
4.99431e+08
1.39301e+09
0
0
0
0
0
0
0
0
0
0
0
0
0
0
0
0
0
0
0
0
0
0
2.11994e+16
2.09246e+16
7.75669e+15
8.47676e+15
1.97212e+16
2.07971e+16
9.59084e+15
1.67989e+16
1.71065e+16
1.95685e+16
1.01755e+16
2.46594e+16
1.6202e+16
2.79436e+16
2.42812e+16
1.60603e+16
8.77423e+15
1.27486e+16
8.8376e+15
1.55487e+15
9.46625e+15
9.59339e+15
1.80087e+16
2.4625e+16
3.85171e+16
5.8321e+16
8.90063e+16
1.21819e+17
6.37352e+16
1.01322e+17
9.03529e+16
1.09224e+17
1.44357e+17
1.85716e+17
2.02666e+17
2.32002e+17
3.10095e+17
3.4935e+17
3.04424e+17
4.32827e+17
4.2481e+17
5.0143e+17
5.58212e+17
6.24138e+17
8.40233e+17
1.14929e+18
3.21523e+18
4.70825e+18
8.08282e+18
5.81322e+18
2.31249e+18
1.76576e+18
9.23448e+17
9.15789e+17
6.8562e+17
7.07829e+17
6.57221e+17
6.16221e+17
4.22182e+17
4.4405e+17
3.55431e+17
3.98728e+17
2.52438e+17
2.93873e+17
2.24726e+17
2.18277e+17
1.53445e+17
1.52853e+17
1.0471e+17
9.80403e+16
6.17905e+16
8.70248e+16
6.89615e+16
7.25874e+16
3.40548e+16
3.2691e+16
3.692e+16
4.50286e+16
3.90463e+16
4.76515e+16
2.15602e+16
2.67383e+16
1.65532e+16
2.1599e+16
9.05498e+15
1.81949e+16
5.86592e+15
5.66398e+15
6.52558e+15
1.33987e+16
1.61689e+16
8.39474e+15
6.6147e+15
7.10875e+15
8.90975e+15
1.59623e+16
0
0
0
0
0
0
0
0
0
0
0
0
0
0
0
0
0
0
0
0
0
0
0
0
0
0
0
0
0
0
0
0
0
0
0
0
0
0
0
0
0
0
0
0
0
0
0
0
9.12797e+08
2.37287e+09
2.12148e+09
1.56806e+09
2.91228e+08
1.51415e+08
0
0
0
0
0
0
0
0
0
0
0
0
4.69361e+12
3.09051e+12
0
0
0
0
4.49824e+08
1.4366e+09
0
0
0
0
0
0
0
0
0
0
0
0
0
0
0
0
0
0
0
0
0
0
1.41732e+16
9.89901e+15
9.81664e+15
1.07403e+16
8.78179e+15
5.85081e+15
4.79884e+15
9.16125e+15
7.90493e+15
1.24039e+16
5.06478e+15
7.85957e+15
1.24722e+16
1.43902e+16
2.02276e+16
1.03598e+16
7.03681e+15
8.44407e+15
8.3938e+15
2.64228e+15
1.90411e+15
2.60406e+15
9.06973e+15
1.49092e+16
1.16332e+16
2.36922e+16
3.7631e+16
5.74911e+16
5.53738e+16
7.00538e+16
5.88634e+16
6.50942e+16
1.04814e+17
1.11509e+17
1.34354e+17
1.65053e+17
1.98367e+17
2.2865e+17
2.29121e+17
3.017e+17
2.96904e+17
4.08427e+17
4.21513e+17
4.79843e+17
6.78393e+17
1.07745e+18
3.10061e+18
5.00538e+18
7.46815e+18
5.25009e+18
1.93089e+18
1.37374e+18
7.49045e+17
7.25182e+17
5.04539e+17
5.35399e+17
3.77116e+17
3.749e+17
2.82436e+17
3.01643e+17
2.01961e+17
2.43622e+17
1.6189e+17
1.71436e+17
1.20133e+17
1.78483e+17
8.96243e+16
1.12889e+17
4.40193e+16
4.59466e+16
2.83878e+16
3.5957e+16
2.72401e+16
4.49862e+16
2.11531e+16
1.13681e+16
2.76009e+16
2.38648e+16
2.05337e+16
2.16533e+16
7.44373e+15
1.01591e+16
9.6644e+15
1.25947e+16
5.48878e+15
3.1056e+15
8.44936e+14
4.80555e+15
3.61401e+15
7.0527e+15
8.61704e+15
6.33601e+15
2.95251e+15
4.36226e+15
4.60922e+15
7.57017e+15
0
0
0
0
0
0
0
0
0
0
0
0
0
0
0
0
0
0
0
0
0
0
0
0
0
0
0
0
0
0
0
0
0
0
0
0
0
0
0
0
0
0
0
0
0
0
0
0
9.25691e+08
2.34325e+09
2.08444e+09
1.58413e+09
2.9267e+08
1.48008e+08
0
0
0
0
0
0
0
0
0
0
0
0
4.92155e+12
2.82014e+12
0
0
0
0
4.00708e+08
1.47979e+09
0
0
0
0
0
0
0
0
0
0
0
0
0
0
0
0
0
0
0
0
0
0
1.03091e+16
8.07756e+15
5.15499e+15
6.40879e+15
4.819e+15
4.32066e+15
1.92255e+15
3.81099e+15
4.41529e+15
6.21687e+15
2.892e+15
2.91057e+15
4.73543e+15
6.11169e+15
1.88764e+16
1.19744e+16
2.18917e+15
3.44187e+15
3.01602e+15
6.091e+14
1.68723e+15
1.66211e+15
4.28577e+15
9.29783e+15
3.72182e+15
7.3775e+15
1.29064e+16
2.19024e+16
4.31125e+16
3.71157e+16
4.09487e+16
3.9532e+16
6.18338e+16
7.1204e+16
8.15395e+16
1.04548e+17
1.41541e+17
1.50099e+17
1.65293e+17
2.03308e+17
1.98919e+17
2.77649e+17
2.95113e+17
3.61183e+17
5.63293e+17
8.58371e+17
2.92459e+18
5.14637e+18
7.31901e+18
4.65058e+18
1.36752e+18
1.09595e+18
5.64732e+17
4.71755e+17
3.24109e+17
3.893e+17
2.29756e+17
1.96327e+17
1.451e+17
2.22789e+17
1.27592e+17
1.52148e+17
1.09495e+17
9.43491e+16
5.64666e+16
9.60614e+16
5.51271e+16
5.32226e+16
2.24652e+16
1.86285e+16
1.37728e+16
2.38717e+16
1.73378e+16
1.82703e+16
5.79317e+15
4.38762e+15
1.57045e+16
1.96719e+16
8.78744e+15
1.35865e+16
4.18469e+15
6.12014e+15
6.62594e+15
5.79229e+15
2.30257e+15
2.01564e+15
1.66376e+14
1.06051e+15
1.62638e+14
1.93498e+15
2.57354e+15
2.79733e+15
2.4521e+15
2.28354e+15
2.3737e+15
3.40532e+15
0
0
0
0
0
0
0
0
0
0
0
0
0
0
0
0
0
0
0
0
0
0
0
0
0
0
0
0
0
0
0
0
0
0
0
0
0
0
0
0
0
0
0
0
0
0
0
0
9.39533e+08
2.31311e+09
2.04861e+09
1.59937e+09
2.94124e+08
1.44614e+08
7.28431e+10
1.63049e+09
0
0
0
0
0
0
0
0
3.8615e+08
0
5.14578e+12
2.55453e+12
0
0
0
0
3.52e+08
1.52255e+09
0
0
0
0
0
0
0
0
0
0
0
0
0
0
0
0
0
0
0
0
0
0
1.04832e+15
3.82067e+15
4.02716e+15
3.22739e+15
2.43804e+15
3.70345e+15
1.2705e+15
2.83479e+15
9.51619e+14
2.00026e+15
1.71945e+15
1.33317e+15
1.3436e+15
1.51868e+15
6.08361e+15
7.66556e+15
3.60082e+15
1.38999e+15
7.46031e+14
3.68565e+14
8.97293e+14
1.31081e+15
7.11938e+14
6.68325e+15
1.36373e+15
2.15634e+15
8.24718e+15
2.18613e+16
2.03902e+16
2.11403e+16
1.69473e+16
2.45431e+16
2.9458e+16
3.37025e+16
5.0425e+16
7.46141e+16
7.57234e+16
9.52051e+16
1.1358e+17
1.4049e+17
1.23209e+17
1.94611e+17
2.02536e+17
2.54437e+17
4.39515e+17
7.33479e+17
2.78291e+18
5.04326e+18
6.84304e+18
4.01676e+18
9.70894e+17
6.65532e+17
3.63123e+17
3.10824e+17
1.93085e+17
2.33383e+17
1.46564e+17
1.28792e+17
7.37516e+16
9.81141e+16
7.38472e+16
8.66193e+16
6.69847e+16
5.90506e+16
3.37734e+16
4.08721e+16
2.34045e+16
2.97796e+16
1.24357e+16
1.48389e+16
7.81471e+15
1.0216e+16
5.2735e+15
1.24091e+16
3.00375e+15
1.88229e+15
1.18941e+16
1.19985e+16
4.43899e+15
6.35482e+15
1.96594e+15
3.83715e+15
7.68482e+14
2.37417e+15
5.7697e+14
9.43487e+14
2.26806e+14
4.65522e+14
3.22475e+14
6.66204e+11
2.20239e+14
5.54549e+14
3.8272e+14
2.32366e+15
1.20423e+15
9.19562e+14
0
0
0
0
0
0
0
0
0
0
0
0
0
0
0
0
0
0
0
0
0
0
0
0
0
0
0
0
0
0
0
0
0
0
0
0
0
0
0
0
0
0
0
0
0
0
6.60603e+08
3.52011e+08
9.54274e+08
2.28252e+09
2.0139e+09
1.61383e+09
2.95589e+08
1.41233e+08
6.97546e+10
1.49309e+11
0
0
0
0
0
0
0
0
2.97726e+09
9.79346e+08
5.36892e+12
2.29501e+12
0
0
0
0
3.03799e+08
1.56491e+09
0
0
8.99258e+07
0
0
0
0
0
0
0
0
0
0
0
0
0
0
0
0
0
0
0
5.0228e+14
1.14238e+15
2.31035e+15
2.81888e+15
1.66232e+15
1.83143e+15
5.59806e+14
1.46477e+15
1.17817e+15
6.7324e+14
7.0647e+14
4.62056e+14
1.43485e+15
7.78329e+14
3.6671e+15
2.87357e+15
2.54966e+15
9.04851e+14
1.94565e+13
2.48306e+13
5.77935e+14
1.07727e+15
1.34953e+14
3.21673e+15
1.29948e+15
2.47129e+15
3.02641e+15
1.77826e+16
1.08092e+16
1.03356e+16
9.15885e+15
1.26737e+16
1.48314e+16
1.82323e+16
2.06767e+16
3.07618e+16
3.40694e+16
5.13044e+16
6.90219e+16
8.4094e+16
7.2578e+16
1.16029e+17
1.45509e+17
1.77696e+17
3.04462e+17
5.78948e+17
2.51258e+18
5.1184e+18
6.39937e+18
3.59663e+18
7.2694e+17
4.83681e+17
2.68263e+17
1.8631e+17
9.95908e+16
1.21163e+17
6.52598e+16
5.70043e+16
3.9788e+16
4.04071e+16
3.08845e+16
4.07984e+16
2.38046e+16
2.19071e+16
1.95419e+16
1.90549e+16
1.64596e+16
1.87479e+16
9.99446e+15
3.02122e+15
8.93461e+15
8.7236e+15
3.61939e+15
2.32926e+15
3.61181e+15
1.41944e+15
3.13934e+15
4.21555e+15
1.99097e+15
2.50917e+15
8.37892e+14
1.16542e+15
9.3466e+14
9.44071e+14
6.44767e+14
8.40672e+14
1.51336e+14
1.79909e+14
0
0
1.68114e+14
4.83325e+14
1.69399e+14
1.25019e+15
5.3876e+14
1.03696e+14
0
0
0
0
0
0
0
0
0
0
0
0
0
0
0
0
0
0
0
0
0
0
0
0
0
0
0
0
0
0
0
0
0
0
0
0
0
0
0
0
0
0
0
0
0
0
6.32268e+08
2.03067e+09
9.70051e+08
2.25142e+09
1.98031e+09
1.62754e+09
8.18068e+08
1.37869e+08
6.67394e+10
1.5114e+11
0
0
0
0
4.13637e+08
0
0
0
3.0685e+09
8.68136e+08
5.58583e+12
2.04107e+12
3.69583e+11
0
0
0
2.56104e+08
1.60685e+09
0
0
6.08493e+09
1.15291e+09
0
0
0
0
0
0
0
0
0
0
0
0
0
0
0
0
0
0
5.14219e+12
3.20988e+13
1.31911e+15
1.3358e+15
4.2919e+14
9.2184e+14
4.08337e+14
3.77854e+14
3.45602e+14
3.30031e+14
8.54565e+13
1.98156e+14
1.1554e+15
1.08646e+15
6.17038e+14
7.85687e+14
4.74897e+14
1.00439e+15
4.25943e+14
3.17363e+12
4.84259e+14
2.89015e+14
5.33597e+14
1.1817e+15
5.21579e+14
4.19458e+14
7.92726e+13
4.6024e+15
8.34903e+15
5.34293e+15
3.22587e+15
9.81851e+15
8.64332e+15
1.04315e+16
1.26892e+16
1.25248e+16
1.41085e+16
2.03988e+16
3.07235e+16
3.89015e+16
4.90638e+16
8.16669e+16
6.38095e+16
9.23232e+16
1.76755e+17
3.61249e+17
2.28986e+18
5.13904e+18
5.7881e+18
2.83517e+18
3.82244e+17
2.92064e+17
1.42079e+17
1.28356e+17
5.93709e+16
6.88115e+16
3.71492e+16
3.4684e+16
2.03306e+16
1.88809e+16
2.42096e+16
2.57818e+16
1.36648e+16
7.68126e+15
1.00044e+16
1.11613e+16
1.11595e+16
1.40134e+16
5.70037e+15
3.71415e+15
3.93907e+15
9.69055e+15
1.59533e+15
1.77404e+15
1.30103e+15
1.24275e+15
1.0967e+15
1.35981e+15
2.04971e+15
2.38663e+15
6.09104e+14
2.2457e+14
3.60992e+14
1.04718e+15
1.4098e+14
3.45898e+14
3.80665e+12
1.48855e+13
0
0
1.27561e+14
5.1305e+14
0
3.09254e+14
0
1.17658e+13
0
0
0
0
0
0
0
0
0
0
0
0
0
0
0
0
0
0
0
0
0
0
0
0
0
0
0
0
0
0
0
0
0
0
0
0
0
0
0
0
0
0
0
0
1.64101e+07
0
6.05476e+08
2.03749e+09
9.86708e+08
2.21976e+09
1.94781e+09
1.64052e+09
1.69002e+10
6.82427e+09
6.37894e+10
1.52921e+11
0
0
0
0
2.4157e+09
1.86068e+08
0
0
7.80773e+09
7.58861e+08
5.79912e+12
1.788e+12
4.07275e+12
7.90891e+12
0
0
2.08768e+08
1.64837e+09
0
0
6.2148e+09
9.75519e+08
0
0
0
0
0
0
0
0
0
0
0
0
0
0
0
0
0
0
2.70954e+12
0
8.48624e+13
1.08748e+15
2.6052e+13
2.61676e+14
4.3228e+14
2.1604e+14
1.45376e+14
2.83639e+14
5.87035e+13
9.24659e+13
6.34809e+14
1.11944e+15
2.46404e+14
2.20387e+14
2.18331e+14
1.78326e+14
7.63331e+12
8.07392e+12
4.63156e+14
1.64112e+14
4.24075e+14
2.3113e+14
4.84595e+14
2.15731e+14
3.83467e+12
9.69089e+12
4.94828e+15
2.70142e+15
1.99398e+15
8.72197e+15
6.15303e+15
9.53216e+15
6.60977e+15
8.5053e+15
7.19739e+15
1.04373e+16
1.18973e+16
9.50265e+15
3.24831e+16
4.37537e+16
3.51515e+16
5.02656e+16
1.0016e+17
2.21214e+17
2.06443e+18
4.72811e+18
5.73663e+18
2.22903e+18
3.05644e+17
1.9578e+17
7.65595e+16
7.07768e+16
2.51611e+16
2.768e+16
1.96171e+16
2.34916e+16
8.74341e+15
1.08946e+16
1.22696e+16
1.0986e+16
1.75299e+16
8.21764e+15
3.62424e+15
3.84111e+15
4.34548e+15
5.21518e+15
7.76065e+14
3.53503e+15
1.52472e+15
7.24368e+15
4.68297e+14
6.68979e+14
5.13345e+14
6.84977e+14
3.9948e+10
1.05004e+13
1.43008e+15
1.40511e+15
3.89424e+14
1.70699e+14
0
3.23944e+14
2.31766e+14
9.90536e+13
0
6.06405e+12
0
0
0
2.45404e+14
0
0
0
0
0
0
0
0
0
0
0
0
0
0
0
0
0
0
0
0
0
0
0
0
0
0
0
0
0
0
0
0
0
0
0
0
0
0
0
0
0
0
0
0
1.2531e+10
0
0
0
4.4093e+09
6.1903e+08
5.80098e+08
2.04345e+09
1.00422e+09
2.1877e+09
1.91629e+09
1.65282e+09
1.61468e+10
7.42564e+09
6.08996e+10
1.54655e+11
0
0
0
0
2.37017e+09
2.18504e+08
0
0
1.86502e+10
2.62739e+09
6.00485e+12
1.53923e+12
4.65794e+12
7.25198e+12
0
0
1.61786e+08
1.68976e+09
0
0
6.34127e+09
8.0284e+08
2.74677e+08
1.79228e+08
0
0
0
0
0
0
0
0
0
0
0
0
0
0
0
0
1.06139e+13
2.77961e+12
2.67711e+12
1.56773e+14
6.46542e+14
7.14013e+13
3.8924e+14
2.92592e+14
1.11131e+14
9.68403e+13
1.75068e+14
6.62579e+12
2.17098e+14
3.97569e+14
4.24869e+14
1.58448e+14
1.0929e+14
2.82821e+14
4.67014e+12
8.00165e+12
4.37875e+14
1.84184e+14
1.3468e+14
5.10711e+14
3.22921e+14
2.47733e+14
4.17081e+11
2.73734e+12
6.46907e+14
2.72533e+15
2.90775e+14
2.0019e+15
2.39462e+15
4.4271e+15
2.64509e+15
5.19251e+15
5.28513e+15
7.7764e+15
4.12234e+15
3.8127e+15
1.79159e+16
2.26786e+16
2.32426e+16
3.24406e+16
5.73421e+16
1.60336e+17
1.77846e+18
4.45376e+18
5.54121e+18
1.78845e+18
2.05773e+17
1.36013e+17
5.11617e+16
3.19612e+16
1.26395e+16
1.6486e+16
9.52954e+15
9.48527e+15
2.75079e+15
5.9885e+15
7.01529e+15
7.46924e+15
5.77155e+15
1.00809e+16
1.86903e+15
8.89204e+14
2.14086e+14
7.50301e+14
5.63794e+13
2.28857e+14
6.40038e+14
1.68827e+15
8.73549e+14
9.16177e+13
2.96378e+13
7.19899e+13
0
2.06973e+11
3.2566e+14
6.75988e+14
0
2.54453e+13
1.437e+13
7.20004e+13
2.04582e+14
3.9497e+13
0
0
0
0
0
0
0
0
0
0
0
0
0
0
0
0
0
0
0
0
0
0
0
0
0
0
0
0
0
0
0
0
0
0
0
0
0
0
0
0
0
0
0
0
0
0
0
0
0
0
5.16611e+10
3.15131e+10
0
0
4.33594e+09
6.55583e+08
5.56078e+08
2.04859e+09
1.02269e+09
2.15512e+09
1.88577e+09
1.66443e+09
1.54119e+10
8.01068e+09
1.83933e+13
7.72769e+11
0
0
0
0
2.32529e+09
2.50431e+08
4.84788e+06
0
1.8846e+10
5.00953e+09
6.20509e+12
1.29528e+12
5.23229e+12
6.60764e+12
0
0
1.15273e+08
1.73076e+09
0
0
6.46378e+09
6.34531e+08
3.45793e+08
1.44026e+09
0
0
0
0
0
0
0
0
0
0
0
0
0
0
0
0
0
7.84294e+12
3.44092e+12
1.20682e+12
1.21599e+14
1.38544e+14
1.48113e+14
1.81268e+14
8.08817e+13
1.24363e+14
1.61393e+14
1.71737e+13
7.93083e+11
1.35351e+13
2.39182e+14
2.05284e+14
3.6389e+13
2.45694e+14
1.09273e+14
1.08636e+13
4.06956e+14
2.11582e+14
4.74077e+11
2.94583e+13
2.68293e+14
2.1504e+14
0
1.98259e+11
2.94156e+14
3.59568e+14
3.42425e+14
1.38779e+15
1.63242e+15
2.31293e+15
2.7909e+15
2.63153e+15
1.58318e+15
4.66355e+15
1.70788e+15
2.48802e+15
1.0122e+16
1.17118e+16
1.20021e+16
2.08726e+16
3.67611e+16
9.7193e+16
1.56744e+18
4.10429e+18
5.19608e+18
1.42599e+18
1.00562e+17
6.08859e+16
1.95133e+16
1.97748e+16
4.72981e+15
5.52063e+15
2.74051e+15
3.64574e+15
1.01203e+15
2.15987e+15
3.47734e+15
5.94762e+15
1.30439e+15
5.95318e+15
4.1839e+14
0
0
0
1.26783e+14
3.8892e+14
4.73406e+14
4.51874e+14
1.66633e+13
2.59574e+14
0
0
0
0
0
0
0
0
7.16473e+12
2.71044e+14
3.85126e+10
2.82957e+10
0
0
0
0
0
0
0
0
0
0
0
0
0
0
0
0
0
0
0
0
0
0
0
0
0
0
0
0
0
0
0
0
0
0
0
0
1.51007e+09
1.24581e+10
1.24587e+10
4.58024e+06
0
0
0
0
0
0
0
0
0
0
4.64789e+10
3.43997e+10
0
0
5.30687e+09
1.36946e+09
5.33367e+08
2.05302e+09
2.40083e+09
2.13749e+09
3.23922e+12
1.67542e+09
1.46936e+10
8.58042e+09
1.85401e+13
1.30381e+13
0
0
0
0
3.68589e+09
3.0568e+08
7.51329e+09
1.86119e+09
2.31861e+10
2.74035e+10
6.40567e+12
1.05582e+12
5.79502e+12
5.97512e+12
0
0
1.92908e+08
1.77145e+09
0
0
6.58241e+09
4.70854e+08
4.14475e+08
1.35573e+09
0
0
0
0
0
0
0
0
0
0
0
0
0
0
0
0
0
0
2.75393e+12
2.00867e+12
0
0
6.00495e+13
9.05677e+13
5.54698e+13
1.35978e+14
1.61286e+14
2.91317e+13
0
0
5.48093e+13
1.45803e+14
2.05961e+13
6.61402e+13
7.07595e+13
4.31222e+13
3.77149e+14
2.45375e+14
3.26419e+11
2.562e+11
2.1344e+14
2.65394e+14
0
0
2.6584e+14
2.36378e+14
4.63042e+14
1.00999e+15
1.45553e+15
1.43864e+15
2.53942e+15
2.12412e+15
1.53818e+15
1.46938e+15
5.92333e+14
1.24923e+15
5.36634e+15
5.01392e+15
7.23448e+15
1.47748e+16
2.43421e+16
6.1201e+16
1.31506e+18
3.88432e+18
5.0201e+18
1.16413e+18
6.22923e+16
3.25075e+16
1.08959e+16
1.16604e+16
2.33313e+15
1.42269e+15
1.89975e+15
1.02672e+15
2.4856e+12
2.25063e+15
3.37467e+15
4.32169e+15
9.76523e+14
2.08435e+15
0
0
0
0
0
6.36184e+13
6.09231e+14
3.05865e+14
0
0
0
0
0
0
0
0
0
0
3.37892e+09
1.09459e+10
3.96847e+10
1.19749e+10
0
0
0
0
0
0
0
0
0
0
0
0
0
0
0
0
0
0
0
0
0
0
0
0
0
0
0
0
0
0
0
0
5.46139e+09
0
0
0
4.2119e+09
2.14593e+10
0
0
0
0
0
0
0
0
0
0
0
0
4.1871e+10
3.68094e+10
0
0
5.25486e+09
1.37631e+09
5.11903e+08
2.05675e+09
3.24862e+09
2.28504e+09
2.72876e+13
1.72286e+13
1.39927e+10
9.13561e+09
1.8682e+13
1.27737e+13
0
0
9.40227e+08
1.87428e+08
3.84684e+09
7.97464e+08
7.8205e+09
1.50941e+09
3.72268e+10
4.21822e+10
6.60249e+12
8.20781e+11
6.34717e+12
5.35395e+12
0
0
8.87655e+09
2.45661e+10
3.18189e+10
0
6.69842e+09
3.11185e+08
4.80731e+08
1.27405e+09
0
0
0
0
0
0
0
0
0
0
0
0
0
0
0
0
0
0
0
0
0
0
2.38084e+12
1.2115e+13
3.99092e+13
9.60176e+13
1.40398e+14
3.91525e+13
0
0
4.18665e+13
9.58834e+13
1.2223e+13
6.7377e+13
0
0
3.34546e+14
2.86056e+14
0
2.69802e+10
1.48875e+14
1.77738e+14
0
0
2.27972e+14
2.66677e+14
3.80984e+14
8.20919e+14
3.54441e+14
1.26816e+15
7.64341e+14
2.13277e+15
5.77437e+14
7.93633e+14
5.7651e+14
7.24882e+14
8.1738e+14
1.51308e+15
4.99242e+15
1.00053e+16
1.2333e+16
3.98186e+16
1.05512e+18
3.46792e+18
4.23248e+18
8.79848e+17
4.13398e+16
1.76848e+16
1.86324e+15
4.18967e+15
3.16218e+14
3.20456e+14
1.38322e+15
7.51657e+14
8.92386e+12
4.07553e+13
3.25481e+15
2.59566e+15
1.1477e+14
2.50545e+14
0
0
0
0
0
0
4.16963e+13
1.56392e+14
0
0
0
0
0
0
0
0
0
0
1.84125e+10
4.93189e+10
0
0
0
0
0
0
0
0
0
0
0
0
0
0
0
0
0
0
1.72728e+09
1.57379e+09
0
0
0
0
0
0
0
0
0
0
0
0
0
0
2.53952e+10
8.55497e+09
6.64104e+09
0
6.77088e+09
1.85384e+10
0
0
0
0
0
0
0
0
0
0
0
0
3.77918e+10
3.87958e+10
0
0
5.20957e+09
1.37884e+09
4.91619e+08
2.05983e+09
6.34878e+09
5.08893e+09
2.67383e+13
1.75367e+13
1.53553e+10
1.74915e+10
1.88214e+13
1.25005e+13
6.41472e+08
0
2.23826e+09
5.2513e+09
7.41165e+10
1.3771e+10
6.0822e+11
1.74606e+10
4.51727e+10
5.60672e+10
6.80971e+12
6.08872e+11
7.11487e+12
4.74337e+12
0
0
1.89181e+10
3.50232e+10
8.34688e+09
0
6.81079e+09
1.55548e+08
5.4475e+08
1.19493e+09
2.95849e+13
2.35457e+13
7.99306e+11
0
0
0
0
0
0
0
0
0
0
0
0
0
0
0
0
0
0
0
2.12919e+12
7.97535e+11
2.81913e+13
1.06938e+14
1.34743e+14
4.62728e+13
0
0
1.02409e+12
1.07737e+14
2.18729e+11
1.43908e+13
0
0
2.93745e+14
3.27074e+14
0
0
8.96704e+12
2.6811e+14
4.9046e+13
0
5.22204e+13
1.73139e+14
3.79025e+14
4.6699e+14
1.01678e+14
9.87161e+14
2.31886e+14
1.88389e+15
1.15478e+14
5.27379e+14
3.14989e+14
7.44982e+14
7.81824e+14
7.48235e+14
2.98073e+15
5.06005e+15
9.90761e+15
2.68367e+16
8.03019e+17
3.17299e+18
3.11102e+18
6.5588e+17
2.07156e+16
6.95061e+15
4.76336e+14
1.24205e+15
2.43454e+14
4.70722e+14
7.18458e+14
5.24612e+14
9.78285e+13
1.61915e+15
8.31449e+13
4.21407e+14
1.08477e+13
1.5069e+13
0
0
0
0
0
0
0
0
0
0
0
0
0
0
0
0
0
0
3.1864e+10
3.54897e+10
0
0
0
0
0
0
0
0
0
0
0
0
0
0
0
0
0
0
2.68205e+13
1.1911e+10
5.84384e+12
0
1.97566e+10
2.59973e+10
5.17113e+13
1.69182e+12
0
0
0
0
0
0
0
0
2.96899e+10
7.46988e+09
2.86712e+10
3.26788e+09
9.19776e+09
1.57594e+10
0
0
2.98604e+09
6.6382e+07
0
0
0
0
0
0
1.97527e+09
1.80625e+09
3.41995e+10
4.04084e+10
0
0
1.00832e+10
1.37721e+09
3.69002e+09
2.94902e+09
2.08934e+10
2.10453e+10
2.62309e+13
1.78364e+13
9.20984e+10
6.77981e+10
1.31106e+14
1.22456e+13
1.34157e+14
1.02278e+14
1.76807e+11
3.61159e+10
1.05542e+14
5.78691e+11
5.66422e+13
1.25393e+14
1.8311e+12
1.37055e+13
7.14661e+12
6.66639e+11
1.05624e+13
4.1556e+12
1.30937e+11
6.54809e+10
1.34777e+13
3.02232e+10
7.98376e+13
1.69752e+14
2.01886e+12
3.78454e+06
6.06671e+08
1.11833e+09
2.45156e+13
9.06758e+13
2.14406e+13
3.86052e+12
0
0
0
0
0
0
0
0
0
0
0
0
0
0
0
0
0
0
3.34203e+11
8.97985e+11
2.18573e+13
1.13247e+14
1.34688e+14
4.89244e+13
0
0
0
0
1.74482e+11
5.8989e+11
0
0
0
2.79446e+13
0
0
5.12359e+11
1.93431e+11
2.02356e+14
7.45318e+12
3.18779e+13
1.7323e+14
4.15418e+14
4.32701e+14
1.66924e+13
4.79011e+14
5.97369e+14
7.13077e+14
1.06633e+15
2.11563e+14
3.44887e+14
3.93512e+14
3.0246e+14
5.50966e+14
3.02535e+15
4.1048e+15
8.10624e+15
2.52673e+16
5.81487e+17
2.91092e+18
2.42657e+18
4.84137e+17
1.17459e+16
3.76456e+15
0
2.44924e+13
3.21772e+13
6.99083e+14
2.722e+12
3.11595e+12
0
3.61396e+14
4.27511e+14
3.34453e+12
7.09302e+12
1.30652e+13
0
0
0
0
0
0
0
0
0
0
0
0
0
0
0
0
0
0
3.93758e+10
2.77388e+10
0
0
0
0
0
0
0
0
0
0
0
0
0
0
1.35983e+10
0
0
0
3.35948e+13
6.88357e+12
3.97054e+13
9.86254e+12
3.1502e+12
1.10466e+14
3.82966e+13
1.57352e+13
0
0
0
0
0
0
0
0
5.60282e+10
8.8852e+09
3.73355e+10
1.44643e+10
1.03619e+10
1.43678e+10
0
0
3.13748e+09
6.09699e+09
0
0
0
0
0
0
1.9803e+09
4.80532e+09
3.23892e+10
4.10304e+10
0
0
3.31762e+10
2.04597e+10
3.66792e+09
9.19498e+09
3.17991e+12
7.04621e+10
2.60093e+13
1.8104e+13
1.62236e+11
1.76792e+11
2.09134e+14
5.31323e+14
1.34163e+14
8.98335e+14
4.02354e+11
3.52499e+11
3.50272e+14
1.0699e+14
1.01028e+14
2.30292e+14
2.16533e+12
1.38519e+14
2.12138e+13
2.42098e+13
1.19973e+13
5.98829e+12
2.39148e+11
5.20146e+11
3.00464e+14
2.58115e+14
1.42259e+14
3.4995e+14
8.72486e+12
2.46703e+12
6.32628e+08
1.08304e+09
2.27086e+13
9.26705e+13
2.08173e+13
4.50742e+12
0
0
0
0
0
0
0
0
0
0
0
0
0
0
0
0
0
0
0
0
3.31855e+13
1.02898e+14
7.29732e+13
4.03591e+13
0
0
0
0
2.52407e+11
5.19328e+11
0
0
0
0
0
0
3.20803e+12
1.59099e+13
1.62925e+14
2.85615e+13
6.13391e+13
1.46062e+14
5.42533e+14
3.18396e+14
8.20278e+13
4.68571e+14
4.36758e+14
2.07297e+14
5.76936e+14
1.84579e+14
4.39002e+14
2.24812e+14
2.63397e+14
3.92204e+14
2.79906e+15
2.85807e+15
7.51477e+15
1.77384e+16
4.30265e+17
2.62479e+18
1.99524e+18
2.31202e+17
5.90398e+15
1.8674e+15
0
0
5.07606e+13
4.64082e+14
0
2.18655e+11
0
0
0
0
0
2.42238e+12
0
0
0
0
0
0
0
0
0
0
0
0
0
0
0
0
0
0
4.08911e+10
2.62336e+10
0
0
0
0
0
0
0
0
0
0
0
0
0
0
2.61536e+11
1.52263e+11
0
0
3.39881e+13
6.68898e+12
4.13241e+13
8.61536e+12
7.90239e+12
1.1573e+14
2.78419e+13
1.51645e+13
7.83639e+09
1.04218e+08
0
0
0
0
0
0
5.70157e+10
3.04386e+10
1.30591e+10
1.37241e+10
4.14774e+10
1.67622e+10
0
0
3.21346e+09
5.99951e+09
0
0
0
0
0
0
1.99773e+09
4.7499e+09
3.18277e+10
4.12552e+10
0
0
4.55699e+10
5.52121e+10
3.65778e+09
9.19271e+09
3.19072e+12
1.44465e+12
2.60449e+13
1.82279e+13
2.1869e+11
2.12533e+11
2.2666e+14
5.32058e+14
1.3496e+14
8.97329e+14
5.86352e+11
4.59136e+11
3.49834e+14
1.08301e+14
1.00558e+14
2.3057e+14
3.42018e+12
1.3913e+14
2.17793e+13
1.31695e+14
3.1391e+14
7.05016e+13
2.66345e+11
5.32925e+11
3.0206e+14
2.5631e+14
1.34829e+14
3.57621e+14
2.75991e+13
2.50497e+12
5.42145e+09
2.13775e+10
2.13595e+13
9.41623e+13
2.06577e+13
4.70851e+12
2.15335e+14
9.47818e+13
0
0
0
0
0
0
0
0
0
0
0
0
0
0
0
0
0
0
1.08393e+13
8.56616e+13
0
0
0
0
0
0
3.76774e+11
3.98898e+11
0
0
0
0
7.76971e+10
3.1672e+11
3.47171e+13
1.70289e+14
0
0
2.58159e+14
4.83227e+14
2.33715e+14
9.68924e+13
8.6525e+13
4.4156e+14
4.40568e+13
1.47776e+14
1.14634e+14
9.43256e+12
4.74283e+14
6.7165e+14
3.86924e+14
4.94536e+14
1.78059e+15
2.58711e+15
4.37512e+15
1.29873e+16
3.5697e+17
2.56167e+18
1.53951e+18
1.0645e+17
1.84608e+15
6.08004e+14
1.13846e+14
8.2593e+13
0
1.01006e+14
0
0
0
0
0
0
0
0
0
0
0
0
0
0
0
0
0
0
0
0
0
0
0
0
0
0
4.51676e+10
2.24688e+10
0
0
0
0
0
0
0
0
0
0
0
0
0
0
3.06501e+11
1.299e+11
0
0
3.45837e+13
6.3674e+12
4.35672e+13
6.86688e+12
1.39189e+13
1.10533e+14
2.83195e+13
1.4827e+13
7.99565e+09
3.95073e+09
0
0
1.8267e+10
1.98129e+10
0
0
5.84118e+10
3.31393e+10
8.9008e+09
1.32672e+10
8.50508e+10
9.62755e+10
0
0
3.30837e+09
5.87634e+09
0
0
0
0
0
0
2.01961e+09
4.67786e+09
3.11195e+10
4.15328e+10
0
0
4.51687e+10
1.12029e+11
3.645e+09
9.18906e+09
3.21283e+12
1.57388e+12
2.81035e+13
1.85202e+13
3.13205e+11
2.67963e+12
4.13931e+14
6.29765e+14
1.35886e+14
8.95608e+14
7.10195e+13
2.16397e+12
3.48797e+14
1.11731e+14
9.99987e+13
2.30927e+14
5.90194e+12
1.39352e+14
1.39332e+14
1.55802e+14
3.15382e+14
3.99355e+14
3.82891e+11
5.86866e+11
3.0412e+14
2.54013e+14
1.26905e+14
3.6749e+14
1.11009e+14
6.58176e+12
5.35973e+09
8.90295e+10
1.9593e+13
9.61679e+13
2.04358e+13
5.01401e+12
2.12387e+14
3.81002e+14
0
0
0
0
0
0
0
0
0
0
0
0
0
0
0
0
0
0
0
0
0
0
0
0
0
0
3.8286e+09
2.6323e+11
0
0
0
0
2.30193e+11
4.69118e+11
6.92345e+13
1.37441e+14
0
0
1.71562e+14
4.96385e+14
6.70948e+13
5.90954e+13
1.6563e+14
2.84621e+14
6.79712e+13
2.47365e+14
1.37591e+12
0
6.55822e+14
4.42255e+14
3.12535e+14
2.25076e+14
1.39299e+15
1.87925e+15
2.41169e+15
8.28156e+15
2.92798e+17
2.54452e+18
1.35568e+18
6.90046e+16
2.39353e+15
3.57096e+14
6.55556e+14
4.73214e+14
2.68442e+14
1.36021e+14
0
0
0
0
0
0
0
0
0
0
0
0
0
0
0
0
0
0
0
0
0
0
0
0
0
0
5.18664e+10
1.68389e+10
0
0
0
0
0
0
0
0
0
0
0
0
0
0
3.67775e+11
9.70849e+10
6.28548e+12
0
3.85304e+13
5.94729e+12
4.87241e+13
1.75099e+13
2.11296e+13
1.04408e+14
2.89162e+13
1.43373e+13
8.19228e+09
3.77609e+09
0
0
3.64305e+10
5.12331e+10
6.98269e+10
1.73604e+09
5.81729e+10
3.13976e+10
9.29663e+09
1.28428e+10
8.94894e+10
9.13132e+10
0
0
3.41866e+09
5.7322e+09
0
0
0
0
0
0
2.04604e+09
4.59129e+09
3.02986e+10
4.18451e+10
0
0
1.41766e+14
1.12159e+11
3.30739e+10
9.18415e+09
3.27165e+12
1.64586e+12
2.80574e+13
1.97959e+13
1.317e+12
4.47172e+12
4.98886e+14
6.9573e+14
2.76437e+14
1.00983e+15
2.84907e+14
8.72748e+13
3.47629e+14
1.12542e+14
1.85329e+14
2.75265e+14
1.23131e+13
1.48722e+14
1.35037e+14
2.29882e+14
4.12458e+14
5.46739e+14
1.65627e+14
1.38772e+14
3.08235e+14
3.47079e+14
3.08603e+14
3.04709e+14
2.26023e+14
6.24406e+12
1.06619e+11
9.07008e+10
1.75725e+13
9.86441e+13
2.014e+13
5.371e+12
2.08595e+14
3.85582e+14
0
0
1.15984e+12
5.18565e+11
0
0
0
0
0
0
0
0
0
0
0
0
0
0
0
0
3.82466e+11
1.83151e+12
2.29946e+10
0
0
0
0
0
0
0
0
0
1.71554e+10
3.12057e+11
1.07127e+14
1.01743e+14
0
0
0
0
1.00488e+14
1.32815e+14
2.51108e+14
3.72983e+14
6.75761e+13
1.17285e+14
2.95483e+14
5.75268e+14
7.85181e+14
3.13104e+14
5.40285e+14
8.67654e+13
1.68303e+15
1.36986e+15
3.10141e+15
6.84832e+15
3.46836e+17
2.80676e+18
1.34549e+18
7.56579e+16
4.94118e+15
2.21227e+15
7.11639e+14
4.79464e+14
0
0
0
0
0
0
0
0
0
0
0
0
0
0
0
0
0
0
0
0
0
0
0
0
0
0
0
0
6.0796e+10
9.60234e+09
0
0
0
0
0
0
0
0
0
0
0
0
2.40449e+10
1.02058e+11
1.99731e+12
1.59956e+13
2.2825e+13
9.61825e+11
4.07956e+13
2.45004e+13
3.26984e+13
6.00233e+13
2.94939e+13
9.73697e+13
5.44606e+13
1.3758e+13
5.53795e+10
3.57178e+09
1.418e+10
4.48405e+10
4.51068e+10
1.27112e+11
1.54927e+11
3.2771e+10
8.83047e+10
3.01594e+10
1.89488e+10
2.65015e+10
9.4457e+10
8.57345e+10
0
0
3.54095e+09
5.57158e+09
0
0
0
0
0
0
2.07656e+09
4.49252e+09
2.93988e+10
4.2176e+10
0
0
2.05397e+14
1.96774e+14
9.4239e+10
3.63075e+10
3.45424e+12
1.91348e+12
2.83145e+13
2.02367e+13
7.58148e+13
1.3343e+14
7.70401e+14
1.04713e+15
2.87155e+14
1.76043e+15
2.84803e+14
1.37167e+14
5.18827e+14
1.56444e+14
4.0492e+14
6.6472e+14
6.51285e+13
2.03906e+14
1.36982e+14
2.32073e+14
4.66452e+14
7.08035e+14
1.78094e+14
8.28264e+14
5.65401e+14
3.51236e+14
4.66186e+14
5.69615e+14
3.1306e+14
1.02199e+13
2.4407e+12
1.29675e+13
1.51792e+13
1.01585e+14
5.15945e+13
2.15343e+13
2.03958e+14
3.91209e+14
0
0
4.0626e+13
3.94873e+13
5.57399e+11
0
0
0
0
0
0
0
0
0
0
0
0
0
0
0
9.18489e+11
1.84107e+12
0
0
0
0
0
0
0
0
0
0
0
0
3.98966e+14
2.30286e+14
0
0
7.4962e+13
1.93194e+13
1.50821e+14
9.84728e+13
3.42659e+14
2.84804e+14
8.17665e+13
8.37487e+13
7.20759e+14
1.1126e+15
3.88214e+14
5.55165e+14
4.84864e+14
7.46248e+14
2.57927e+15
1.16232e+15
7.13008e+15
1.06044e+16
6.11307e+17
3.66761e+18
1.45704e+18
8.57653e+16
5.58937e+15
2.47361e+15
3.85596e+14
2.23649e+14
2.03005e+14
1.31621e+14
8.81227e+13
0
5.65959e+14
5.87812e+12
0
0
0
0
0
0
1.31289e+11
0
7.03776e+10
7.44604e+10
2.02036e+09
0
0
0
0
0
0
0
0
0
9.92744e+09
5.81046e+10
4.81857e+09
7.77226e+08
0
0
0
0
0
0
0
0
0
0
0
0
1.94956e+11
6.0816e+11
5.02069e+12
2.46337e+13
3.51162e+13
2.06781e+13
4.54568e+13
5.02007e+13
4.18921e+12
5.72021e+13
3.9049e+13
8.94235e+13
1.35923e+14
3.45772e+13
2.26725e+11
1.87426e+11
1.01298e+11
1.53479e+11
1.06934e+11
2.36355e+11
2.73851e+11
3.23313e+10
2.4634e+11
2.39994e+11
1.32762e+11
8.01536e+10
9.98438e+10
7.96817e+10
0
0
3.67158e+09
5.3993e+09
0
0
0
0
0
0
1.19928e+10
2.9769e+10
3.0586e+10
4.65473e+10
1.09396e+11
7.85357e+06
2.04466e+14
1.96887e+14
1.10645e+11
1.07434e+11
3.96377e+12
2.41764e+12
3.37226e+13
2.38888e+13
8.13256e+13
1.5924e+14
1.26307e+15
1.10114e+15
4.13927e+14
1.86745e+15
2.99748e+14
4.1685e+14
5.75814e+14
7.56107e+14
4.94925e+14
6.80718e+14
1.1449e+14
2.44894e+14
2.17215e+14
2.33224e+14
6.88271e+14
7.80048e+14
1.6944e+14
9.37176e+14
6.71356e+14
6.8997e+14
8.62505e+14
6.97237e+14
6.29259e+14
1.20663e+14
7.03674e+12
1.32191e+13
1.26036e+13
1.05465e+14
5.30535e+13
1.04168e+14
1.98459e+14
3.97916e+14
0
0
1.25993e+14
1.44229e+14
4.3057e+13
1.89367e+10
0
0
0
0
0
0
0
0
0
0
0
0
0
0
1.54362e+12
1.32367e+12
0
0
0
0
0
0
0
0
0
0
2.16149e+13
8.43323e+13
5.26554e+14
5.55331e+14
0
0
3.52869e+14
8.36539e+14
4.02997e+14
2.02581e+14
1.27234e+15
7.07061e+14
6.67234e+14
2.22368e+14
1.93517e+15
1.35755e+15
1.49606e+15
5.27284e+14
1.52166e+15
1.77228e+15
4.9539e+15
4.07981e+15
1.76832e+16
2.54149e+16
1.10082e+18
4.96358e+18
1.56879e+18
2.49233e+17
1.27625e+16
4.46064e+15
2.70341e+15
1.59198e+15
9.33349e+14
7.79155e+14
4.13093e+14
7.99712e+14
9.53019e+13
2.28789e+14
1.21216e+14
3.69619e+13
3.2865e+14
1.45952e+14
5.38861e+13
0
4.10135e+11
1.8595e+11
2.28352e+11
2.25122e+11
0
0
0
0
0
0
0
0
0
0
2.19436e+10
5.35417e+10
0
0
0
0
0
0
0
0
0
0
0
0
0
0
4.09363e+11
4.6203e+11
9.58085e+12
2.26475e+13
6.028e+13
1.69364e+13
5.09661e+13
4.67587e+13
5.32597e+12
4.92409e+13
5.015e+13
8.54997e+13
1.42671e+14
2.35797e+13
3.67082e+11
2.87669e+11
3.74674e+11
2.85941e+11
2.14343e+13
4.93011e+11
2.77386e+11
4.53244e+10
3.46098e+11
4.31553e+11
1.65865e+11
2.56574e+11
1.05532e+11
7.32881e+10
8.55754e+09
0
3.80752e+09
5.21962e+09
4.64421e+10
2.05111e+09
0
0
4.44778e+09
1.08134e+09
1.0891e+10
4.99642e+10
4.33805e+10
6.0737e+10
3.00519e+14
4.41557e+12
2.04021e+14
1.97264e+14
6.86641e+13
2.21411e+13
4.70107e+12
3.07767e+12
3.46253e+13
3.83855e+13
8.29124e+13
1.79969e+14
1.29913e+15
1.36924e+15
8.22315e+14
1.94822e+15
8.1418e+14
1.07965e+15
9.58049e+14
8.50688e+14
8.2954e+14
7.92609e+14
9.26536e+14
3.64644e+14
6.11449e+14
5.23129e+14
8.17592e+14
9.00796e+14
1.60517e+14
9.47022e+14
8.6951e+14
7.14536e+14
1.13103e+15
1.75142e+15
8.86426e+14
3.62568e+14
6.30292e+14
2.14955e+14
9.66286e+12
1.09271e+14
1.65677e+14
2.69334e+14
5.59715e+14
7.92953e+14
1.94759e+14
6.46948e+13
1.88376e+14
1.69924e+14
1.29133e+14
1.55199e+13
7.02269e+10
0
0
0
0
0
0
0
0
0
0
0
0
0
2.26667e+12
7.24317e+11
0
0
5.20204e+13
4.01222e+11
1.74754e+13
0
0
0
1.1103e+14
6.2549e+13
6.56983e+13
1.42323e+14
6.8242e+14
5.302e+14
0
0
6.01914e+14
6.95331e+14
8.60921e+14
9.60116e+14
2.49112e+15
1.96451e+15
2.97535e+15
2.38486e+15
4.153e+15
3.10378e+15
3.01755e+15
1.28241e+15
5.50036e+15
8.07621e+15
1.3892e+16
1.32989e+16
5.05778e+16
7.62073e+16
1.74113e+18
6.32761e+18
1.72432e+18
5.13469e+17
4.1851e+16
1.13319e+16
3.49926e+15
2.28478e+15
2.38764e+15
1.04987e+15
6.89274e+14
6.60929e+14
2.84792e+14
6.22793e+14
1.38255e+15
4.4399e+14
7.68638e+12
7.42251e+10
7.11982e+10
6.97072e+10
4.57476e+11
4.66283e+11
0
0
2.2536e+13
9.38462e+12
2.1048e+13
0
0
0
6.16214e+11
0
0
0
3.53823e+10
4.22919e+10
0
0
0
0
0
0
0
0
0
0
0
0
0
0
6.61869e+11
2.6995e+11
1.86657e+13
2.3845e+13
1.03724e+14
6.21136e+13
6.30583e+13
4.26737e+13
6.70629e+12
4.88606e+13
7.14711e+13
1.71914e+14
5.17547e+13
1.2308e+13
1.13814e+13
5.72662e+11
3.05499e+11
4.5585e+11
8.38964e+13
3.42189e+13
6.24213e+11
7.92419e+10
5.15396e+11
8.35478e+11
4.24709e+11
5.69355e+11
1.6451e+11
2.23987e+11
3.62258e+11
1.3682e+11
6.2216e+10
5.03646e+09
1.05291e+11
1.02847e+11
0
0
2.46586e+09
6.43719e+09
1.31423e+10
4.95328e+10
1.97749e+11
7.29295e+10
2.93833e+14
2.30098e+14
2.18125e+14
2.61722e+14
6.95518e+13
9.15134e+13
2.28449e+14
4.14508e+12
3.64695e+13
4.01863e+13
2.27075e+14
3.14356e+14
1.30757e+15
1.52501e+15
9.23673e+14
1.98228e+15
8.30719e+14
1.4567e+15
1.05027e+15
9.56522e+14
1.4525e+15
2.02025e+15
1.37115e+15
8.50654e+14
8.16872e+14
1.14952e+15
8.43272e+14
9.5717e+14
2.06045e+14
9.57707e+14
1.27923e+15
7.14574e+14
1.29258e+15
2.27743e+15
9.96159e+14
4.85708e+14
1.20048e+15
5.04599e+14
2.87401e+14
1.76878e+14
2.66143e+14
4.64841e+14
5.19068e+14
1.21381e+15
1.38344e+14
3.25118e+14
4.88261e+14
4.76975e+14
5.8873e+14
1.47749e+14
5.24992e+13
8.27765e+13
0
0
0
0
1.56874e+13
0
3.26274e+13
0
0
0
2.42833e+12
3.03822e+12
1.31433e+14
3.20027e+10
2.34733e+13
6.18655e+13
1.72077e+14
6.35647e+13
0
9.42011e+12
3.90798e+13
1.07098e+13
3.07071e+14
1.14169e+14
7.88002e+14
3.20972e+14
1.02376e+15
7.34022e+14
4.87841e+14
4.23764e+14
1.11541e+15
8.20748e+14
2.53272e+15
2.13551e+15
3.92336e+15
5.34311e+15
7.5219e+15
7.8362e+15
1.03982e+16
7.18029e+15
9.60859e+15
7.07755e+15
1.62669e+16
1.80742e+16
4.5377e+16
3.77595e+16
1.42881e+17
1.85385e+17
2.85447e+18
7.82376e+18
1.8793e+18
8.33185e+17
1.51706e+17
3.71847e+16
1.33761e+16
3.99985e+15
2.32475e+15
1.71179e+15
1.01666e+15
7.36896e+14
2.43041e+14
3.20037e+14
1.05374e+15
4.76012e+14
8.05342e+10
7.8066e+10
2.14507e+11
2.21138e+11
1.81265e+14
7.53774e+13
1.41956e+14
1.10152e+14
5.95203e+13
1.41323e+14
0
5.31454e+13
3.37185e+14
3.06111e+11
0
1.4909e+14
8.66984e+13
0
5.03997e+10
2.98293e+10
0
0
0
0
0
0
0
0
0
0
8.88788e+11
4.53986e+11
1.32502e+12
1.4705e+12
1.11372e+11
4.07023e+10
5.9578e+13
5.28952e+13
1.67312e+14
9.88183e+13
1.27977e+14
5.29945e+13
2.02368e+14
6.18952e+13
4.60337e+14
1.53834e+14
1.01662e+14
4.65976e+13
1.08302e+14
3.11961e+14
4.21028e+11
6.44596e+11
8.65207e+13
3.28169e+13
1.27753e+12
5.62012e+11
7.42712e+11
9.51723e+11
9.5931e+11
1.04537e+12
5.62562e+11
1.04255e+12
3.94051e+12
5.5818e+11
3.37632e+11
1.50441e+11
1.13308e+11
1.13888e+11
8.29778e+08
0
7.592e+08
7.71833e+09
3.11766e+10
1.52382e+11
5.33142e+11
3.37559e+11
2.865e+14
2.36448e+14
2.15462e+14
3.83874e+14
4.18191e+14
2.40271e+14
5.42922e+14
1.06936e+14
8.5801e+14
3.97651e+13
3.40941e+14
3.48556e+14
1.74449e+15
1.7213e+15
1.22524e+15
2.37099e+15
1.02565e+15
1.96305e+15
1.49757e+15
1.09585e+15
1.66048e+15
2.22769e+15
1.68299e+15
1.65781e+15
1.14051e+15
1.55837e+15
1.82913e+15
1.30906e+15
3.8176e+14
1.05715e+15
2.19197e+15
9.63106e+14
1.42666e+15
2.78503e+15
1.28748e+15
9.51752e+14
1.55276e+15
9.37965e+14
7.03588e+14
8.96974e+14
6.58607e+14
7.67034e+14
1.11073e+15
1.66417e+15
1.49864e+14
5.49916e+14
6.07855e+14
8.0631e+14
9.36879e+14
4.69758e+14
3.98517e+13
4.1622e+14
1.70444e+14
0
1.23298e+14
7.43587e+13
9.80442e+13
6.84788e+13
6.64238e+14
1.18514e+14
8.46513e+12
2.40426e+10
7.76224e+13
3.15626e+14
2.06806e+12
1.70958e+14
2.92095e+14
2.11457e+14
3.08594e+14
9.91364e+13
4.16258e+14
3.11874e+14
8.24988e+14
4.57186e+14
7.88527e+14
1.41366e+15
2.09852e+15
2.19937e+15
7.87338e+14
5.95426e+14
2.92737e+15
2.2022e+15
3.5561e+15
2.47656e+15
5.11102e+15
6.17191e+15
1.12274e+16
9.42657e+15
1.54173e+16
1.32471e+16
1.95101e+16
1.4685e+16
2.8513e+16
2.09475e+16
4.70556e+16
4.86976e+16
1.3363e+17
1.1516e+17
3.53281e+17
5.07874e+17
4.01466e+18
8.87664e+18
1.79105e+18
1.07272e+18
2.60832e+17
1.27009e+17
6.02022e+16
2.94992e+16
1.62337e+16
7.15291e+15
9.71713e+15
9.38329e+14
1.05746e+15
3.78376e+14
2.43423e+15
1.154e+15
1.36288e+15
9.34593e+14
1.33711e+15
4.10828e+14
1.53062e+14
1.96352e+14
2.35714e+11
2.67363e+13
2.92826e+14
1.20309e+14
7.21489e+11
9.42209e+11
5.36362e+14
8.09792e+13
1.24722e+14
1.11868e+13
2.38691e+14
1.82022e+13
6.69967e+10
1.59277e+10
0
0
0
0
0
0
1.87697e+13
8.40545e+12
4.4567e+13
4.5915e+12
4.55581e+13
1.71879e+12
0
0
1.24794e+13
3.42026e+13
8.80426e+13
1.87235e+14
8.97727e+13
2.28506e+14
1.27597e+14
1.7586e+14
4.71399e+14
1.68349e+14
9.89478e+14
5.87028e+14
1.09524e+14
4.63631e+13
1.22948e+14
3.24129e+14
1.08375e+12
8.55082e+11
8.91544e+13
3.22058e+13
2.12068e+12
1.11554e+12
1.85898e+12
1.45693e+12
2.87695e+12
1.87288e+12
9.01552e+11
1.7748e+12
1.33047e+13
3.73899e+12
8.22819e+11
3.41566e+11
2.11635e+11
2.06589e+11
8.81858e+10
2.4591e+10
9.08612e+10
1.82523e+10
1.43658e+11
2.60347e+11
1.36779e+12
1.37129e+12
2.80603e+14
2.41828e+14
2.12904e+14
3.86283e+14
4.05075e+14
1.54149e+15
1.64952e+14
1.10078e+14
1.27672e+15
8.89945e+14
3.57696e+14
4.77236e+14
2.25673e+15
2.12971e+15
1.56939e+15
2.70508e+15
1.29112e+15
2.05898e+15
1.90442e+15
1.62368e+15
2.23527e+15
2.50192e+15
2.71407e+15
2.19161e+15
1.17233e+15
1.60946e+15
2.22202e+15
2.6878e+15
1.47074e+15
1.66962e+15
2.27634e+15
1.82732e+15
2.1792e+15
3.12814e+15
1.96896e+15
2.05955e+15
1.69567e+15
1.21419e+15
1.22272e+15
1.30765e+15
1.05759e+15
1.5033e+15
1.36706e+15
2.37426e+15
6.65354e+14
1.14569e+15
1.8395e+15
1.24114e+15
1.90799e+15
1.24654e+15
4.6176e+14
3.06109e+14
2.06064e+15
1.20193e+15
6.574e+14
3.65511e+14
2.09696e+14
1.57712e+14
8.53146e+14
1.37228e+15
1.51611e+15
1.01153e+15
1.4239e+15
6.71222e+14
1.771e+15
3.55874e+14
1.76371e+15
1.5727e+15
1.24112e+15
7.12414e+14
7.39868e+14
1.01785e+15
2.99979e+15
2.57915e+15
3.11946e+15
3.2711e+15
5.10624e+15
3.81343e+15
2.85494e+15
3.83737e+15
7.61824e+15
5.26468e+15
7.4894e+15
7.21148e+15
1.81137e+16
1.23006e+16
2.47933e+16
2.20194e+16
3.61901e+16
3.32425e+16
5.33197e+16
4.64042e+16
1.06463e+17
6.2757e+16
1.72701e+17
1.54617e+17
3.10936e+17
3.28413e+17
8.29946e+17
1.02702e+18
5.41251e+18
9.45445e+18
1.50243e+18
1.0847e+18
3.50277e+17
2.21653e+17
1.09454e+17
6.37354e+16
3.54245e+16
2.63876e+16
1.10189e+16
8.27533e+15
9.05945e+15
4.9525e+15
2.97442e+15
2.9202e+15
2.19375e+15
2.60918e+15
1.95693e+15
1.24406e+15
5.43125e+14
6.24453e+14
1.38978e+15
1.11144e+15
1.01004e+15
1.34653e+15
2.51922e+14
4.60399e+14
2.8933e+14
1.56109e+14
2.6052e+14
1.71578e+14
1.86747e+14
8.1205e+13
2.2139e+09
5.1841e+08
1.06697e+11
2.972e+10
4.72131e+13
1.73e+13
4.60675e+13
4.18096e+13
3.86106e+13
4.86177e+13
8.53051e+13
6.55685e+13
2.77857e+13
4.38398e+13
0
0
9.51994e+13
2.03602e+14
2.70537e+14
2.42051e+14
1.80899e+14
3.48194e+14
7.63868e+14
2.51046e+14
6.50087e+14
2.76764e+14
1.44254e+15
5.99954e+14
2.42988e+14
5.39084e+13
1.23162e+14
3.63512e+14
2.42329e+12
2.13894e+12
1.97504e+14
3.13948e+13
2.64339e+12
2.00084e+12
1.49912e+13
7.18349e+13
3.45776e+12
2.98633e+12
1.86642e+13
1.86203e+13
1.51087e+13
4.26606e+12
1.77472e+12
1.42781e+12
6.3241e+11
9.59828e+11
5.31204e+10
1.06882e+10
4.92387e+13
6.81318e+10
3.73191e+11
8.52926e+11
2.67035e+12
1.96309e+12
2.73906e+14
2.47454e+14
3.23406e+14
3.8905e+14
7.33034e+14
1.65447e+15
2.71697e+14
1.46258e+14
2.05058e+15
2.17411e+15
9.26237e+14
5.01961e+14
2.64672e+15
2.41705e+15
2.47161e+15
3.67536e+15
2.07878e+15
2.84862e+15
2.33783e+15
2.44065e+15
2.53707e+15
4.47692e+15
3.54141e+15
2.69901e+15
1.29139e+15
1.65988e+15
3.29267e+15
3.5625e+15
1.90999e+15
1.87135e+15
2.42057e+15
2.31462e+15
2.39499e+15
3.62259e+15
2.16862e+15
2.78052e+15
2.82641e+15
1.66787e+15
3.40371e+15
3.42164e+15
2.34408e+15
2.79649e+15
2.83134e+15
3.08466e+15
1.17332e+15
1.25156e+15
4.2914e+15
2.73743e+15
3.86631e+15
2.72972e+15
2.7383e+15
9.62576e+14
3.30013e+15
3.19203e+15
2.29105e+15
8.9909e+14
7.0962e+14
3.57479e+14
3.97925e+15
3.0204e+15
4.04874e+15
3.47781e+15
1.8707e+15
1.43535e+15
4.29194e+15
2.64351e+15
3.95164e+15
3.3006e+15
4.55964e+15
2.36671e+15
3.47596e+15
4.0359e+15
5.19599e+15
3.73396e+15
1.21181e+16
8.8812e+15
7.35601e+15
5.98619e+15
2.00052e+16
1.30601e+16
2.12255e+16
1.92775e+16
3.32465e+16
1.85381e+16
4.94397e+16
3.06819e+16
6.65185e+16
4.62313e+16
9.29117e+16
7.71517e+16
1.31026e+17
1.21995e+17
2.7142e+17
2.13009e+17
3.49297e+17
3.55165e+17
6.82374e+17
6.50424e+17
1.52413e+18
1.92228e+18
6.65099e+18
9.49078e+18
1.3796e+18
1.10462e+18
4.7476e+17
2.65463e+17
1.25192e+17
8.82872e+16
5.10279e+16
3.14672e+16
2.30635e+16
1.23817e+16
1.35217e+16
6.44181e+15
8.61669e+15
6.77166e+15
2.83852e+15
3.23363e+15
3.89517e+15
2.00124e+15
1.65816e+15
1.38344e+15
3.81318e+14
2.51257e+14
2.9189e+12
1.41384e+12
1.387e+12
9.93007e+11
8.93802e+14
4.80118e+14
4.29483e+14
1.9202e+14
2.55199e+14
1.89403e+14
6.17135e+13
4.67974e+13
3.50102e+13
6.64339e+13
1.01749e+13
2.2136e+13
1.1135e+14
6.01039e+13
4.8695e+13
8.30775e+13
0
0
2.31623e+14
1.69258e+14
2.21381e+14
1.43113e+14
3.47596e+14
2.261e+14
1.27505e+15
2.48293e+14
5.41114e+14
1.30007e+15
1.51219e+15
1.13084e+15
7.20621e+14
2.58761e+14
2.37813e+15
8.50518e+14
6.15485e+14
2.87445e+14
6.00621e+14
1.27018e+15
8.21223e+13
1.3819e+14
1.09622e+14
3.17738e+13
3.94064e+12
3.17973e+12
2.42842e+13
3.70376e+14
5.2133e+12
5.07874e+12
2.552e+13
1.76523e+13
1.70688e+13
5.34548e+12
6.16011e+13
4.36683e+13
2.63243e+12
3.21423e+12
9.20334e+11
1.3428e+11
1.05917e+14
9.42777e+13
4.47987e+14
9.99753e+11
6.349e+14
1.01145e+15
3.77458e+14
7.04266e+14
3.88699e+14
4.36579e+14
7.41458e+14
1.8469e+15
6.02699e+14
5.99317e+14
2.32108e+15
1.72875e+15
1.86982e+15
1.06956e+15
3.3107e+15
2.81504e+15
2.82161e+15
4.79469e+15
2.25736e+15
3.98197e+15
2.6595e+15
2.59431e+15
3.13144e+15
4.88096e+15
4.13047e+15
3.1739e+15
1.35846e+15
1.74078e+15
4.55037e+15
5.06476e+15
2.22485e+15
2.01515e+15
2.6427e+15
2.99723e+15
3.06398e+15
3.83455e+15
2.39391e+15
3.23139e+15
3.19336e+15
2.21089e+15
5.26456e+15
4.66492e+15
3.84818e+15
3.29078e+15
4.24767e+15
4.34279e+15
2.37487e+15
2.60221e+15
6.93779e+15
5.42968e+15
8.29985e+15
7.72267e+15
7.74807e+15
2.56971e+15
7.21366e+15
5.73033e+15
8.1484e+15
4.68656e+15
5.08081e+15
5.33471e+15
6.81857e+15
4.9821e+15
8.67432e+15
6.56252e+15
6.67487e+15
5.65906e+15
6.69819e+15
4.39196e+15
9.53669e+15
6.57369e+15
1.11231e+16
8.22738e+15
1.33469e+16
8.61237e+15
2.22028e+16
1.39399e+16
2.91157e+16
1.84096e+16
2.55205e+16
2.05637e+16
4.3885e+16
4.46311e+16
5.89651e+16
5.46749e+16
8.95446e+16
5.48851e+16
1.24093e+17
9.76682e+16
1.62392e+17
1.14404e+17
2.1634e+17
1.8768e+17
2.94452e+17
2.7524e+17
4.82809e+17
4.70033e+17
7.24833e+17
6.78007e+17
1.25088e+18
1.27577e+18
2.41875e+18
3.11018e+18
7.47727e+18
9.68372e+18
1.133e+18
9.70012e+17
4.45401e+17
3.04494e+17
1.53122e+17
1.12609e+17
5.26597e+16
4.28317e+16
2.08824e+16
1.82482e+16
1.84639e+16
1.33461e+16
8.18159e+15
6.3477e+15
1.11668e+16
7.54402e+15
1.41904e+15
1.33861e+15
4.19546e+15
1.65835e+15
4.40722e+14
2.65253e+14
8.05342e+14
3.0205e+14
1.68822e+15
1.38586e+15
7.90593e+14
1.002e+15
3.23941e+14
3.00972e+14
2.22555e+14
4.5548e+14
1.14037e+14
2.15043e+13
1.34892e+14
6.70566e+13
1.78014e+14
1.51473e+14
1.15984e+15
1.85129e+12
5.67396e+12
2.21104e+12
4.18486e+14
3.07438e+14
8.53705e+14
6.91222e+14
1.25794e+15
1.46601e+15
1.37442e+15
5.43407e+14
2.23209e+15
7.41765e+14
1.45488e+15
1.9095e+15
2.11184e+15
2.20435e+15
8.73166e+14
4.94118e+14
3.44883e+15
1.18576e+15
6.3306e+14
2.77769e+14
9.75857e+14
2.0536e+15
1.6059e+14
2.20764e+14
9.90412e+13
3.06107e+13
6.12801e+12
4.37003e+12
2.0754e+14
4.31157e+14
7.22095e+12
7.77775e+12
6.34998e+13
9.37885e+13
2.8933e+13
7.47327e+12
1.39049e+14
3.19802e+14
6.42343e+12
1.51597e+13
1.94436e+12
8.31833e+11
7.23094e+13
1.16952e+14
7.15975e+14
1.13782e+14
4.2676e+14
1.40492e+15
6.60845e+14
5.26048e+14
7.5301e+14
4.48121e+14
1.28863e+15
2.58272e+15
9.20416e+14
6.30877e+14
2.91008e+15
2.44854e+15
2.17181e+15
1.2836e+15
3.38788e+15
2.93728e+15
3.76295e+15
6.74664e+15
4.76433e+15
4.67358e+15
2.82482e+15
2.82653e+15
3.68445e+15
5.5674e+15
4.35096e+15
4.45714e+15
1.70568e+15
2.04536e+15
5.902e+15
7.47379e+15
2.51849e+15
2.10839e+15
3.72455e+15
3.17683e+15
4.65111e+15
5.3434e+15
2.39266e+15
3.44887e+15
4.30057e+15
3.06269e+15
6.52509e+15
5.41519e+15
7.48541e+15
5.41258e+15
7.48713e+15
5.65324e+15
6.06039e+15
6.53986e+15
1.23509e+16
8.65817e+15
1.66753e+16
1.42647e+16
2.54706e+16
1.61475e+16
1.51756e+16
9.12178e+15
1.43754e+16
1.23934e+16
1.62356e+16
1.0511e+16
1.45454e+16
1.48482e+16
1.47006e+16
1.3957e+16
1.52305e+16
1.54865e+16
1.6527e+16
1.16466e+16
2.45931e+16
1.58966e+16
3.41532e+16
2.54183e+16
2.90854e+16
2.89909e+16
4.53654e+16
3.89088e+16
6.44669e+16
4.66118e+16
6.55833e+16
4.17686e+16
8.89865e+16
8.11845e+16
1.03498e+17
1.05551e+17
1.66788e+17
1.39203e+17
2.0766e+17
2.1078e+17
3.27248e+17
2.39258e+17
4.1778e+17
3.45803e+17
5.39308e+17
4.84008e+17
8.06419e+17
7.88962e+17
1.18353e+18
1.2011e+18
1.83835e+18
2.03415e+18
3.5647e+18
4.44007e+18
8.07308e+18
9.65306e+18
1.00318e+18
9.33939e+17
5.07854e+17
3.3214e+17
1.59207e+17
1.12457e+17
8.41013e+16
6.31401e+16
4.60585e+16
4.93179e+16
1.2039e+16
8.39208e+15
1.58138e+16
1.56346e+16
4.90256e+15
4.42444e+15
6.53294e+15
5.58714e+15
7.55137e+15
5.68623e+15
1.90603e+15
8.77996e+14
3.63736e+15
3.50562e+15
4.18351e+14
1.7988e+14
1.49061e+15
1.68656e+15
1.67063e+14
4.2156e+13
2.76103e+15
5.88059e+14
1.15722e+15
3.91867e+14
2.91742e+15
6.76795e+14
2.80701e+15
2.1724e+15
1.20522e+15
1.26878e+14
1.1133e+15
6.28304e+14
2.78569e+15
1.09902e+15
7.8353e+14
8.57401e+14
3.12568e+15
3.12618e+15
3.62295e+15
4.98065e+15
2.09343e+15
9.11158e+14
2.12055e+15
2.78467e+15
3.05034e+15
2.86998e+15
1.21417e+15
1.67369e+15
4.19217e+15
2.46004e+15
1.39498e+15
6.06333e+14
1.05595e+15
1.98989e+15
1.79566e+14
2.0842e+14
1.02656e+14
3.05777e+13
2.96946e+13
4.33325e+13
2.10209e+14
4.36946e+14
1.04346e+13
1.01632e+13
6.82206e+13
2.06551e+14
6.13882e+14
3.2165e+14
3.82535e+14
3.59565e+14
1.1702e+13
1.93665e+13
8.54406e+12
2.67445e+12
6.74046e+13
1.71158e+14
1.41116e+15
2.33846e+14
6.47056e+14
5.58049e+14
1.45856e+15
5.58914e+14
8.34471e+14
5.49053e+14
1.40806e+15
3.95078e+15
1.31041e+15
1.10595e+15
3.10998e+15
3.33595e+15
2.59359e+15
1.72065e+15
3.92159e+15
3.22149e+15
3.94223e+15
7.06376e+15
5.48707e+15
5.19406e+15
2.89379e+15
3.60043e+15
4.98578e+15
6.679e+15
4.40501e+15
4.3454e+15
2.1505e+15
3.48944e+15
6.46757e+15
6.85892e+15
3.43952e+15
2.38874e+15
4.31487e+15
3.48782e+15
6.7228e+15
6.60106e+15
2.86567e+15
3.27456e+15
6.66036e+15
3.80855e+15
9.99327e+15
7.26352e+15
1.04355e+16
9.263e+15
1.1694e+16
8.35579e+15
9.91761e+15
9.80029e+15
2.03664e+16
1.5039e+16
2.4098e+16
2.22147e+16
5.03667e+16
4.73088e+16
5.34512e+16
3.49317e+16
4.40187e+16
2.74157e+16
3.44545e+16
2.73146e+16
2.85862e+16
2.5562e+16
3.50192e+16
2.78184e+16
2.82646e+16
2.81687e+16
4.50638e+16
3.85572e+16
4.5991e+16
3.67963e+16
5.49459e+16
6.09741e+16
5.14713e+16
6.43403e+16
8.84954e+16
7.50982e+16
1.13463e+17
1.08102e+17
1.3065e+17
9.93793e+16
1.62882e+17
1.25691e+17
2.10222e+17
1.66259e+17
2.94493e+17
2.31343e+17
3.48209e+17
3.49453e+17
4.57957e+17
4.31611e+17
5.89748e+17
5.84738e+17
8.57922e+17
8.01844e+17
1.12855e+18
1.21127e+18
1.69917e+18
1.67798e+18
2.56055e+18
2.75776e+18
4.64693e+18
5.48784e+18
8.49567e+18
9.6689e+18
8.4783e+17
7.6643e+17
4.10021e+17
3.11014e+17
1.72924e+17
1.38821e+17
1.03512e+17
7.41773e+16
4.7027e+16
3.86464e+16
3.69008e+16
2.47058e+16
1.58974e+16
1.11414e+16
1.08852e+16
8.74238e+15
1.0102e+16
9.19677e+15
9.96332e+15
7.61547e+15
6.08908e+15
4.55501e+15
4.26778e+15
8.29609e+15
1.29513e+15
1.45187e+15
4.76186e+15
6.87547e+15
2.38103e+15
3.66789e+15
3.46682e+15
3.02127e+15
1.05945e+16
7.51193e+15
1.27169e+16
5.88737e+15
6.0546e+15
3.97177e+15
2.26904e+15
1.94625e+15
1.0528e+16
6.38515e+15
6.56992e+15
3.31953e+15
3.23211e+15
3.44225e+15
8.55228e+15
5.00843e+15
7.56353e+15
6.21955e+15
2.49944e+15
1.96877e+15
6.78177e+15
3.76496e+15
3.23349e+15
3.95958e+15
2.43194e+15
3.02554e+15
6.16547e+15
3.81733e+15
4.91826e+15
2.32251e+15
1.15859e+15
1.97717e+15
3.64046e+14
1.98778e+14
1.13924e+14
3.13286e+13
3.6182e+13
1.2721e+14
2.17977e+14
4.43033e+14
1.72451e+13
1.41775e+13
1.59229e+14
2.11798e+14
6.59618e+14
4.63493e+14
1.12036e+15
5.08341e+14
1.83894e+13
2.63783e+13
8.36689e+14
8.55163e+13
5.44918e+14
6.07949e+14
2.2895e+15
9.20383e+14
6.84347e+14
5.6265e+14
1.69425e+15
8.53448e+14
1.36302e+15
1.61127e+15
1.6928e+15
3.85318e+15
1.71435e+15
2.07616e+15
3.19152e+15
3.44877e+15
3.29927e+15
1.90339e+15
3.98715e+15
3.26715e+15
4.69107e+15
8.05316e+15
5.64848e+15
5.76822e+15
3.20492e+15
4.11346e+15
4.77369e+15
7.68168e+15
4.41794e+15
4.38735e+15
4.43464e+15
4.00647e+15
8.71918e+15
6.82748e+15
4.30531e+15
4.37098e+15
4.45832e+15
3.47039e+15
6.99355e+15
8.05157e+15
4.70252e+15
4.77616e+15
8.02444e+15
5.301e+15
1.62123e+16
1.23397e+16
1.30515e+16
1.36075e+16
1.45509e+16
1.12226e+16
1.50806e+16
1.48589e+16
3.03745e+16
2.7615e+16
3.34453e+16
3.09116e+16
6.6537e+16
9.41272e+16
1.23737e+17
9.58199e+16
9.78916e+16
8.33978e+16
1.10598e+17
7.53792e+16
9.63845e+16
4.86242e+16
8.42776e+16
5.05564e+16
7.04021e+16
5.31802e+16
9.93639e+16
8.33812e+16
8.64624e+16
7.52957e+16
9.65008e+16
7.33631e+16
9.36842e+16
9.64513e+16
1.53507e+17
1.801e+17
1.64192e+17
1.49847e+17
2.0581e+17
1.68484e+17
2.62604e+17
2.153e+17
3.46331e+17
2.93913e+17
4.14685e+17
3.82297e+17
4.86376e+17
5.29015e+17
6.46782e+17
6.20373e+17
8.27516e+17
8.50313e+17
1.18178e+18
1.16844e+18
1.59901e+18
1.54105e+18
2.28845e+18
2.2851e+18
3.24927e+18
3.61749e+18
5.47358e+18
6.21875e+18
8.64231e+18
9.62429e+18
7.50742e+17
6.31095e+17
3.02445e+17
2.37726e+17
1.27943e+17
1.22093e+17
6.36465e+16
6.66854e+16
3.31207e+16
2.9189e+16
2.79981e+16
2.57902e+16
1.79301e+16
1.67336e+16
1.48276e+16
1.20399e+16
1.58502e+16
1.33621e+16
7.52639e+15
7.98058e+15
8.27325e+15
6.32576e+15
5.87675e+15
8.58045e+15
4.0543e+15
5.05146e+15
4.74867e+15
5.13021e+15
8.96248e+15
6.23118e+15
1.09594e+16
1.24853e+16
1.86181e+16
1.66249e+16
7.93367e+15
7.01706e+15
7.29428e+15
5.24822e+15
6.51586e+15
6.21025e+15
1.07308e+16
1.54304e+16
4.53007e+15
3.97514e+15
1.60838e+16
1.61379e+16
1.33287e+16
9.32374e+15
1.05091e+16
7.98318e+15
6.52673e+15
9.28071e+15
8.08628e+15
5.31296e+15
5.33006e+15
5.56263e+15
2.99047e+15
5.25227e+15
7.62939e+15
5.34592e+15
7.3152e+15
3.65913e+15
2.68918e+15
2.44185e+15
1.67924e+15
6.92806e+14
6.66576e+14
1.88245e+14
4.22196e+13
1.26702e+14
6.87897e+14
7.10439e+14
2.48664e+13
2.29695e+13
4.06742e+14
2.70573e+14
6.60568e+14
6.97378e+14
2.42001e+15
7.17633e+14
9.52665e+13
3.74798e+13
2.09634e+15
7.45015e+14
1.5999e+15
1.25231e+15
4.64484e+15
2.71089e+15
1.94389e+15
8.91758e+14
1.70406e+15
1.22433e+15
1.66922e+15
3.84525e+15
1.82188e+15
3.76009e+15
1.73045e+15
2.14344e+15
3.23077e+15
3.67805e+15
5.35852e+15
4.35281e+15
4.30259e+15
3.44422e+15
4.87121e+15
8.51592e+15
5.84902e+15
5.95334e+15
4.03727e+15
6.29675e+15
4.88682e+15
9.00377e+15
5.2834e+15
4.73045e+15
6.47948e+15
5.54248e+15
1.15349e+16
8.58383e+15
4.8016e+15
5.46016e+15
5.03405e+15
3.5127e+15
7.07047e+15
8.63386e+15
5.869e+15
6.25112e+15
8.84079e+15
7.47268e+15
1.65259e+16
1.39172e+16
2.49322e+16
2.05348e+16
1.86124e+16
1.51582e+16
1.91225e+16
2.24198e+16
4.02171e+16
3.81134e+16
4.48018e+16
4.6478e+16
7.97613e+16
1.22799e+17
2.6502e+17
2.13612e+17
2.23842e+17
1.73702e+17
2.3595e+17
1.76893e+17
2.21553e+17
1.50716e+17
2.10736e+17
1.24376e+17
1.57429e+17
1.38275e+17
1.6449e+17
1.39549e+17
1.67114e+17
1.52365e+17
2.14094e+17
1.43339e+17
1.50029e+17
1.35112e+17
2.51417e+17
2.41157e+17
2.65781e+17
2.38134e+17
3.12885e+17
3.10703e+17
3.91524e+17
3.10423e+17
4.22755e+17
5.11328e+17
6.45849e+17
5.39434e+17
7.92656e+17
7.24749e+17
9.15698e+17
8.78088e+17
1.04954e+18
1.10939e+18
1.43019e+18
1.68099e+18
1.98162e+18
1.99323e+18
2.74674e+18
2.96913e+18
3.87079e+18
4.18712e+18
6.20526e+18
6.82457e+18
9.0835e+18
9.73139e+18
6.21712e+17
5.48717e+17
2.34433e+17
1.94149e+17
1.35732e+17
8.91311e+16
5.65483e+16
4.59834e+16
5.78607e+16
3.94881e+16
2.69813e+16
2.60957e+16
2.14397e+16
1.79716e+16
3.26689e+16
2.97521e+16
1.5833e+16
1.22055e+16
2.15978e+16
1.48052e+16
1.95446e+16
1.20892e+16
3.18688e+16
1.93419e+16
1.80307e+16
9.19877e+15
1.29088e+16
1.41747e+16
1.27721e+16
1.07298e+16
2.60983e+16
2.44044e+16
1.48298e+16
1.21264e+16
1.85825e+16
1.26551e+16
1.25589e+16
8.87741e+15
1.49223e+16
1.07536e+16
1.68371e+16
1.80804e+16
1.74804e+16
1.76641e+16
1.62596e+16
1.64212e+16
1.28836e+16
1.25682e+16
1.22408e+16
8.03438e+15
1.22883e+16
1.45343e+16
1.06302e+16
6.57382e+15
7.57831e+15
7.3808e+15
3.68842e+15
7.06011e+15
8.41036e+15
1.17531e+16
9.94925e+15
4.83976e+15
3.14856e+15
3.35416e+15
3.05575e+15
1.01128e+15
6.7495e+14
1.90042e+14
5.15734e+13
1.29266e+14
6.92492e+14
8.26369e+14
3.83168e+13
3.0941e+13
4.91544e+15
3.49697e+14
6.88016e+14
7.52731e+14
2.57293e+15
7.34532e+14
9.17358e+13
1.43205e+15
5.46105e+15
1.75795e+15
4.17676e+15
2.64306e+15
5.47161e+15
4.00981e+15
3.52802e+15
3.23041e+15
1.71767e+15
1.2261e+15
1.8254e+15
5.10845e+15
2.38069e+15
3.67601e+15
2.03402e+15
3.15787e+15
3.1986e+15
3.74512e+15
5.41999e+15
6.52286e+15
5.09931e+15
5.73478e+15
4.78259e+15
8.62524e+15
5.85776e+15
6.06202e+15
4.32654e+15
6.29867e+15
4.92856e+15
8.98767e+15
6.32367e+15
6.55184e+15
7.88992e+15
5.1365e+15
1.2889e+16
8.83613e+15
4.92379e+15
5.71109e+15
6.13882e+15
4.75947e+15
1.03808e+16
9.75318e+15
6.7985e+15
7.5195e+15
1.13073e+16
8.42372e+15
1.77379e+16
1.56775e+16
3.06376e+16
2.83005e+16
2.50879e+16
1.68271e+16
2.49235e+16
2.63575e+16
5.49699e+16
5.18337e+16
6.44222e+16
6.9875e+16
8.75405e+16
1.44134e+17
3.4746e+17
3.70955e+17
3.57063e+17
3.21682e+17
3.58164e+17
3.36707e+17
3.83772e+17
2.93242e+17
3.78213e+17
3.04977e+17
2.93964e+17
2.89687e+17
3.81829e+17
2.85033e+17
3.12314e+17
2.38921e+17
3.2493e+17
3.80519e+17
4.10335e+17
2.45265e+17
4.57869e+17
4.28691e+17
4.18384e+17
3.78613e+17
4.63444e+17
4.05333e+17
6.0843e+17
5.60565e+17
7.3291e+17
6.09798e+17
7.33898e+17
8.97816e+17
1.11364e+18
1.11453e+18
1.18783e+18
1.03924e+18
1.38018e+18
1.38557e+18
1.73783e+18
1.83183e+18
2.33494e+18
2.45585e+18
3.14553e+18
3.48544e+18
4.37841e+18
4.61203e+18
6.83e+18
7.39642e+18
9.49755e+18
9.89225e+18
4.19557e+17
4.1703e+17
2.82131e+17
1.82193e+17
1.32653e+17
7.20567e+16
5.22918e+16
4.69362e+16
7.85448e+16
4.34551e+16
2.30561e+16
1.98517e+16
3.69137e+16
2.97561e+16
3.27865e+16
3.19759e+16
4.03241e+16
3.78366e+16
4.34695e+16
3.35968e+16
2.24228e+16
2.84425e+16
2.71466e+16
2.08418e+16
1.9868e+16
1.2604e+16
2.37483e+16
2.29244e+16
2.3681e+16
2.62378e+16
2.91538e+16
2.16541e+16
2.70724e+16
2.30574e+16
1.46146e+16
1.08205e+16
2.56765e+16
2.25077e+16
1.61451e+16
1.46483e+16
3.16405e+16
2.93067e+16
2.32682e+16
2.10226e+16
1.93365e+16
1.70456e+16
1.70148e+16
1.6938e+16
1.27579e+16
1.1655e+16
1.53726e+16
1.56541e+16
8.20646e+15
6.24175e+15
1.00475e+16
7.68796e+15
5.38337e+15
7.06875e+15
9.80697e+15
1.28046e+16
1.78514e+16
7.33285e+15
4.86921e+15
3.37771e+15
5.17311e+15
2.03259e+15
2.9062e+15
9.78121e+14
3.31542e+15
6.5945e+15
7.6141e+14
8.46231e+14
5.74113e+13
4.63239e+13
3.96154e+15
1.56039e+15
3.81716e+14
1.30977e+15
1.14847e+15
6.84057e+14
1.19356e+14
9.96355e+14
3.93329e+15
5.37559e+15
3.10232e+15
3.83619e+15
6.13685e+15
4.62328e+15
4.50997e+15
3.34642e+15
2.11136e+15
1.2263e+15
2.17854e+15
2.71015e+15
4.16895e+15
4.18087e+15
2.85973e+15
4.48886e+15
4.14174e+15
3.77026e+15
6.82096e+15
6.60908e+15
6.80969e+15
6.09795e+15
5.91787e+15
8.90793e+15
6.64897e+15
6.10616e+15
6.28706e+15
6.50094e+15
6.77556e+15
1.0569e+16
7.99699e+15
7.18066e+15
7.28168e+15
5.25722e+15
1.06134e+16
8.70819e+15
4.29523e+15
7.37953e+15
3.107e+15
4.51743e+15
1.01899e+16
1.01901e+16
9.35447e+15
7.59597e+15
1.35676e+16
9.54245e+15
2.15132e+16
2.06869e+16
4.32212e+16
3.65177e+16
2.95883e+16
2.34583e+16
3.40195e+16
3.11633e+16
6.7469e+16
6.62613e+16
7.93374e+16
9.62024e+16
1.07594e+17
1.34274e+17
3.77719e+17
5.02479e+17
5.2718e+17
4.69643e+17
5.1585e+17
5.0438e+17
5.38723e+17
4.77685e+17
4.81699e+17
5.43815e+17
5.22029e+17
4.44806e+17
5.56633e+17
4.85486e+17
5.57979e+17
4.67396e+17
5.02578e+17
4.83577e+17
5.75272e+17
5.56547e+17
6.98508e+17
5.813e+17
8.93334e+17
5.89572e+17
7.24432e+17
7.23774e+17
8.7502e+17
6.96538e+17
9.5776e+17
1.03818e+18
1.10569e+18
1.07019e+18
1.40828e+18
1.54e+18
1.76239e+18
1.75434e+18
1.8756e+18
1.64192e+18
2.24271e+18
2.34216e+18
2.84114e+18
2.85891e+18
3.68605e+18
3.94541e+18
5.09552e+18
5.45082e+18
7.43181e+18
7.92349e+18
9.29365e+18
9.97004e+18
5.00564e+16
1.39649e+16
9.1565e+15
8.57427e+15
3.89442e+15
1.06123e+15
4.25873e+13
1.06545e+16
6.16982e+14
1.17878e+16
6.91429e+15
3.54833e+16
3.54736e+15
8.41996e+15
4.36803e+16
3.3811e+15
8.35601e+15
8.82067e+15
2.52838e+16
5.01314e+15
8.44601e+15
1.65408e+16
1.34837e+16
1.08133e+16
2.92295e+15
4.33844e+15
8.77572e+15
1.32787e+16
8.90456e+15
6.07457e+15
1.73632e+16
1.02452e+16
1.03706e+16
3.12948e+15
2.68508e+15
5.10222e+15
3.66283e+15
1.39057e+16
5.02982e+15
4.68638e+15
2.19968e+15
4.42344e+15
8.82937e+14
5.09506e+15
1.38328e+15
4.76443e+15
1.05275e+15
3.40402e+15
3.73587e+13
