3.64884e+16
5.38944e+16
1.51539e+16
1.28641e+16
3.56504e+16
3.40412e+16
4.22881e+16
1.08889e+16
9.78913e+15
3.35466e+16
2.92035e+16
2.63873e+16
2.85363e+16
1.88169e+16
2.3257e+16
2.25312e+16
3.0673e+16
1.92391e+16
4.10255e+16
2.19786e+16
1.88174e+16
2.69394e+16
2.32855e+16
1.92512e+16
1.41206e+16
1.91314e+16
1.3377e+16
1.64927e+16
1.98667e+16
2.9785e+16
2.11554e+16
1.04944e+16
1.6666e+16
1.63639e+16
9.74608e+17
8.85876e+17
1.11922e+18
7.65413e+17
1.50231e+18
7.01548e+17
1.69829e+18
3.5792e+16
6.04372e+17
1.89879e+18
5.83494e+17
2.95129e+16
5.49809e+17
4.97154e+17
4.07126e+16
2.43541e+16
5.80457e+18
7.74041e+17
8.88779e+17
1.33558e+16
7.6164e+17
4.28319e+17
1.06548e+18
6.55337e+17
1.01302e+18
5.99366e+17
4.95432e+16
4.64509e+16
6.47968e+16
1.30009e+18
3.50811e+16
7.69348e+16
3.99382e+17
5.22193e+17
3.44764e+16
9.60821e+16
1.48576e+18
3.83816e+16
1.23728e+17
4.9199e+17
3.3493e+16
3.53653e+17
1.43055e+17
2.26985e+16
1.20727e+17
2.09888e+16
2.75048e+17
1.67433e+16
1.90813e+16
9.12959e+16
1.8943e+16
2.7908e+17
2.00697e+16
8.60421e+16
1.49216e+18
9.17594e+17
1.38697e+18
1.83419e+18
1.28748e+18
1.03351e+18
2.92772e+18
1.85987e+16
2.886e+17
9.28644e+17
3.52253e+18
2.58715e+16
1.2917e+17
7.81612e+17
1.23101e+17
8.01535e+17
7.44313e+16
1.96517e+16
4.23456e+18
1.92856e+18
1.69907e+18
1.6568e+17
2.62559e+17
7.24106e+17
2.38633e+17
2.30836e+17
2.28223e+16
5.88826e+17
5.94991e+17
8.01222e+16
2.32772e+16
5.55204e+17
8.87261e+16
1.68379e+16
9.45159e+16
5.79655e+16
1.34579e+16
4.92971e+17
1.32879e+16
5.14425e+17
5.39426e+16
2.39131e+16
1.07881e+18
8.3021e+17
7.97212e+17
1.26846e+18
9.48416e+16
5.6347e+16
4.18351e+17
1.21618e+18
4.98252e+16
1.28411e+16
6.51471e+16
1.15088e+16
1.12935e+17
7.17178e+16
3.99994e+17
1.22958e+17
3.89532e+16
2.32968e+16
1.02348e+17
1.77977e+16
1.10907e+18
3.79295e+17
1.27225e+18
6.8785e+15
4.02324e+17
4.00981e+15
9.33391e+17
6.73024e+15
2.18736e+16
1.55619e+18
3.71072e+17
3.03661e+16
4.33499e+15
7.75699e+17
1.65094e+16
6.37774e+15
3.68247e+17
2.13179e+16
3.37361e+17
3.24779e+17
3.2954e+17
3.36573e+17
3.67783e+17
8.34911e+16
5.83058e+17
5.71053e+18
1.34699e+18
1.95761e+16
1.84265e+16
9.26906e+17
1.2297e+18
1.14576e+18
2.49567e+17
2.79418e+17
5.79988e+16
7.1848e+16
4.21322e+16
3.15224e+17
1.44896e+18
1.59988e+17
2.65609e+16
4.9537e+17
2.90669e+16
7.20152e+17
8.37194e+16
1.37163e+17
7.67375e+16
6.56686e+16
9.92836e+16
2.97906e+16
2.10603e+16
1.65775e+18
5.48387e+17
3.56745e+17
1.59059e+16
1.23431e+16
2.08907e+16
2.96662e+16
9.61782e+16
1.27928e+17
1.47955e+17
1.26371e+16
3.24321e+15
4.92887e+17
1.15184e+17
6.70139e+16
4.29638e+16
2.57446e+17
2.63843e+16
4.89122e+17
1.93875e+17
1.07487e+18
1.26533e+18
1.08256e+18
1.15884e+18
8.43222e+17
7.53211e+17
1.61091e+18
1.14393e+16
5.9784e+15
1.89387e+18
3.13527e+18
7.75004e+15
1.77446e+16
1.26827e+17
1.14914e+18
9.70902e+17
1.43323e+18
1.79693e+18
8.66374e+16
1.03424e+17
1.74567e+17
2.40176e+16
4.26319e+17
2.63392e+18
1.68077e+18
2.77326e+16
2.78914e+16
2.27805e+16
2.09325e+16
1.30895e+16
1.63407e+18
6.44149e+15
4.76685e+15
3.36445e+15
5.24099e+15
3.65106e+17
1.99263e+16
3.56607e+15
7.71107e+17
3.89422e+17
1.60291e+18
2.19913e+18
6.16699e+15
7.59767e+17
1.99035e+16
5.93184e+16
9.70506e+16
7.01e+16
7.27877e+15
6.98492e+15
9.93755e+17
7.56156e+15
1.89555e+16
6.27992e+17
2.37119e+16
7.69694e+16
5.12486e+16
4.33829e+16
4.11322e+16
3.8738e+16
3.62947e+16
3.38915e+16
3.23802e+16
3.28298e+17
1.99767e+17
1.82139e+16
4.94401e+17
4.22231e+16
3.92943e+17
4.24201e+15
4.85995e+15
3.28303e+17
3.9184e+15
2.49235e+16
2.43515e+16
1.62997e+17
2.56656e+17
2.48793e+17
4.56517e+17
1.64661e+16
1.25307e+16
3.56175e+16
3.01772e+16
1.73735e+16
1.88693e+16
9.68128e+15
1.2131e+16
1.19609e+16
1.05559e+16
9.70519e+15
2.27837e+16
1.29235e+16
1.34436e+16
1.22194e+16
1.15383e+16
1.34919e+16
3.30293e+16
2.17419e+16
1.75746e+16
1.19051e+16
3.07332e+17
5.19224e+15
4.63439e+15
7.64864e+15
7.64764e+15
7.44768e+15
1.92361e+15
3.74216e+15
1.41434e+15
3.28636e+15
1.92941e+15
7.76115e+15
6.27145e+15
4.28629e+15
6.63769e+15
7.45319e+15
2.93302e+15
4.53981e+14
8.06218e+14
5.23733e+15
3.97153e+15
3.96257e+15
8.4866e+15
5.77482e+15
2.66514e+15
2.28459e+15
2.68822e+15
2.37409e+15
2.3909e+15
4.03714e+15
3.64541e+15
5.32622e+15
1.61545e+15
1.68749e+15
6.35046e+15
4.73226e+15
2.35325e+15
7.21007e+15
1.43267e+16
1.33541e+16
1.26498e+16
1.21085e+16
1.50869e+16
8.71859e+15
1.21672e+16
6.79742e+15
6.27553e+15
4.05572e+15
1.08347e+16
6.40136e+15
7.73349e+15
1.13412e+16
1.04934e+16
1.17688e+16
1.34489e+16
1.24513e+16
2.20946e+16
1.59459e+16
1.34355e+16
1.16032e+16
1.4198e+16
1.45439e+16
1.45886e+16
2.413e+16
6.85508e+15
8.45762e+15
6.89161e+15
1.21661e+16
3.05818e+15
2.09004e+15
2.87974e+15
3.07676e+15
2.5648e+15
3.69587e+15
1.38834e+15
1.42238e+15
4.49392e+15
3.33194e+15
3.25243e+15
5.65653e+15
3.87533e+15
3.41541e+15
4.18679e+15
5.73295e+15
2.2656e+16
2.82136e+16
2.48631e+16
2.98704e+16
6.02382e+15
1.75653e+16
1.30934e+16
1.09961e+16
1.51561e+16
1.47923e+16
1.627e+16
1.24332e+16
1.48255e+16
1.28039e+16
1.24075e+16
1.16639e+16
1.21905e+16
1.12419e+16
1.37144e+16
1.35374e+16
1.26657e+16
6.58712e+15
8.53479e+15
1.0716e+16
1.10488e+16
9.98558e+15
1.44041e+16
1.26868e+16
1.22024e+16
1.1251e+16
1.36435e+16
8.14668e+15
5.8014e+15
7.82012e+15
1.11051e+16
1.12336e+16
1.06548e+16
2.55206e+16
1.9273e+16
2.18561e+16
5.41837e+15
3.74996e+15
3.40617e+15
1.5149e+16
1.4112e+16
9.28514e+15
2.50742e+16
6.83639e+15
5.17813e+15
6.60455e+15
6.7222e+15
4.17966e+15
1.97731e+16
1.5572e+16
1.84618e+16
1.5546e+15
5.48548e+16
6.12957e+16
5.78044e+16
2.50392e+17
1.96599e+17
8.11755e+16
9.63849e+16
8.85116e+15
6.87821e+15
6.96503e+15
4.17893e+15
1.15925e+15
1.55284e+16
1.91375e+16
1.7485e+16
1.9486e+16
1.06782e+16
9.72742e+15
1.66615e+17
5.44044e+15
8.94163e+15
9.54188e+15
2.00779e+16
1.95954e+16
2.50945e+16
5.30969e+16
8.98582e+15
1.02333e+16
1.9511e+16
2.96593e+15
3.76962e+15
2.306e+15
2.25773e+15
5.52242e+15
5.59142e+15
5.51296e+15
1.08146e+16
8.04645e+15
6.75234e+15
5.59992e+15
4.37949e+15
7.07769e+15
7.81821e+15
6.1759e+15
3.31198e+15
3.49455e+15
4.54031e+15
1.38452e+16
1.60467e+16
2.99978e+16
4.00592e+15
3.79249e+15
3.99209e+15
4.4952e+15
6.50208e+15
7.08163e+15
3.6801e+15
2.50271e+15
4.36221e+15
2.95465e+15
1.39829e+16
1.62788e+16
2.06417e+16
1.55136e+16
8.38899e+15
1.27418e+16
9.91319e+15
1.44654e+16
1.05587e+16
9.01759e+15
9.46027e+15
2.06125e+16
3.69843e+16
2.928e+16
1.69013e+16
2.43215e+16
2.38295e+16
3.16428e+16
2.07056e+16
4.37504e+15
3.07843e+15
1.17728e+16
9.98427e+15
3.26333e+15
1.34596e+15
3.22213e+16
3.74886e+16
3.07966e+16
3.70321e+16
3.89527e+16
4.23982e+15
5.93743e+15
7.99645e+15
1.59986e+16
1.87755e+16
1.7069e+16
4.52898e+15
2.68489e+15
2.46463e+15
2.8484e+15
2.12972e+15
3.1937e+15
2.27627e+15
1.63033e+15
6.61273e+14
2.13163e+15
2.11712e+16
1.93848e+16
6.13539e+15
2.1821e+16
1.42356e+15
2.04851e+15
1.02902e+16
9.31981e+15
9.68208e+15
8.79215e+15
1.03163e+16
8.38148e+15
8.93861e+15
9.76836e+15
7.82394e+15
8.50801e+15
6.46807e+15
6.61907e+15
8.30158e+15
9.4042e+15
4.11484e+15
4.11918e+15
4.00022e+15
2.20576e+15
4.29812e+15
2.39518e+15
5.64778e+15
2.97122e+15
4.1231e+15
1.77065e+15
2.62503e+16
3.12753e+15
1.52201e+15
2.29115e+16
4.50406e+15
3.76782e+15
5.20332e+15
3.68824e+15
2.93486e+15
3.45944e+15
5.15939e+15
5.48584e+15
3.26035e+15
4.34902e+15
4.14506e+15
3.55784e+15
6.59379e+15
5.14525e+15
6.20482e+15
9.86527e+15
6.1281e+15
7.87031e+15
8.12087e+15
7.62992e+15
6.1938e+15
7.52502e+15
7.78417e+15
9.03639e+15
8.28243e+15
9.80169e+15
8.16387e+15
5.96957e+15
2.51981e+15
3.83507e+15
4.59957e+15
2.64458e+15
1.91447e+16
3.34101e+15
1.4543e+16
1.45462e+16
1.07586e+16
3.64476e+15
4.22973e+15
8.27528e+15
4.85694e+15
4.74526e+15
8.74918e+15
6.44871e+15
7.65903e+15
8.53897e+15
9.33481e+15
4.0976e+15
6.95265e+15
1.39896e+15
1.85837e+15
4.69445e+15
7.87798e+15
7.92788e+15
3.22985e+15
5.28809e+15
4.20196e+15
6.40347e+15
7.40652e+15
7.417e+15
8.79281e+15
4.62968e+15
6.01294e+15
7.31765e+15
5.1082e+15
5.5443e+15
6.78779e+15
6.5488e+15
6.08828e+15
9.0697e+15
4.85335e+15
3.87752e+15
6.3622e+15
4.58329e+15
6.66338e+15
6.99507e+15
8.63656e+15
6.91856e+15
5.84115e+15
3.24808e+15
4.57885e+15
4.1192e+15
5.14859e+15
5.92981e+15
5.48708e+15
4.63148e+15
6.14553e+15
7.75728e+15
6.4315e+15
6.14109e+15
5.54721e+15
5.50793e+15
7.78826e+15
8.55705e+15
7.73836e+15
6.84107e+15
4.76333e+15
5.27933e+15
3.07688e+15
5.09648e+15
5.02539e+15
4.14915e+15
5.40868e+15
6.69478e+15
6.4186e+15
4.41182e+15
3.44065e+15
3.88915e+15
5.31349e+15
3.93198e+15
7.23114e+15
8.21828e+15
8.42914e+15
5.00312e+15
2.53786e+15
7.08963e+15
5.10524e+15
4.23113e+15
4.03312e+15
8.63743e+15
7.23149e+15
2.79165e+15
4.45256e+15
2.90351e+15
2.81921e+15
6.95417e+15
5.53888e+15
5.85484e+15
2.94506e+15
5.51298e+15
6.9338e+15
8.01446e+15
5.48812e+15
3.5479e+15
6.07625e+15
5.19904e+15
8.18869e+15
5.03936e+15
5.04599e+15
7.5347e+15
5.79734e+15
1.37506e+15
2.38935e+15
7.38181e+15
5.18524e+15
3.04121e+15
6.01476e+15
6.484e+15
5.77296e+15
5.7257e+15
6.99143e+15
3.49637e+15
5.16996e+15
5.50078e+15
4.81564e+15
6.15647e+15
4.82973e+15
6.78783e+15
7.68281e+15
5.39803e+15
6.9148e+15
5.84886e+15
8.40642e+15
8.344e+15
7.72935e+15
8.99214e+15
1.0571e+15
2.73943e+15
8.41467e+14
2.38747e+15
3.36815e+15
3.77321e+15
3.20439e+15
3.18177e+15
6.98395e+15
4.6882e+15
5.14339e+15
5.79673e+15
4.62245e+15
6.79837e+15
5.86716e+15
3.06563e+15
3.04167e+15
3.44185e+15
3.76339e+15
4.39291e+15
4.47222e+15
6.305e+15
5.03637e+15
2.45611e+15
4.38087e+15
4.92529e+15
5.16185e+15
2.88067e+15
5.1077e+15
6.62283e+15
6.75304e+15
3.95774e+15
5.17909e+15
6.76701e+15
8.60086e+15
7.7112e+15
6.74946e+15
3.88139e+15
4.09117e+15
4.3053e+15
3.71549e+15
2.55008e+15
4.23869e+15
2.64616e+15
2.38504e+15
3.87171e+15
4.44592e+15
4.60109e+15
4.83853e+15
5.97203e+15
6.82547e+15
6.96831e+15
5.08168e+15
6.30269e+15
5.68049e+15
6.88083e+15
8.0938e+15
7.41208e+15
5.73267e+15
4.88392e+15
6.87481e+15
7.40984e+15
7.09173e+15
1.14322e+16
1.07752e+16
5.60034e+15
5.50957e+15
6.57598e+15
1.02939e+16
9.13035e+15
6.40241e+15
9.04761e+15
8.76309e+15
9.95766e+15
8.66868e+15
6.79709e+15
5.89285e+15
5.67775e+15
6.67673e+15
4.08039e+15
5.09985e+15
7.53157e+15
6.82204e+15
8.44263e+15
7.10471e+15
1.03492e+16
1.12039e+16
1.03558e+16
8.34697e+15
6.48034e+15
6.75193e+15
5.84026e+15
5.06673e+15
5.74235e+15
1.8433e+15
1.4586e+15
7.53093e+15
5.99835e+15
9.15398e+15
7.63735e+15
7.16517e+15
9.07574e+15
8.13921e+15
9.22799e+15
9.22743e+15
9.35403e+15
1.16001e+16
1.06984e+16
1.15789e+16
8.99279e+15
8.81612e+15
8.84944e+15
7.70372e+15
5.69516e+15
5.99875e+15
8.35262e+15
8.09558e+15
5.53403e+15
7.56311e+15
6.52772e+15
7.49985e+15
7.62209e+15
1.00611e+16
9.63977e+15
7.71215e+15
9.46365e+15
6.62648e+15
7.29328e+15
6.69292e+15
6.99872e+15
9.16844e+15
5.24033e+15
7.79254e+15
9.10541e+15
6.64117e+15
7.54824e+15
7.13129e+15
4.84987e+15
5.10934e+15
7.52774e+15
5.35374e+15
6.1831e+15
5.58751e+15
7.27718e+15
5.51501e+15
5.06765e+15
6.928e+15
9.53259e+15
6.74236e+15
6.65052e+15
3.78622e+15
8.12884e+15
4.02819e+15
6.41334e+15
5.21214e+15
5.44314e+15
7.91931e+15
4.38716e+15
6.39069e+15
4.88648e+15
5.2844e+15
5.84139e+15
5.10072e+15
6.69886e+15
7.36576e+15
7.11449e+15
6.36904e+15
6.56048e+15
3.58692e+16
4.58931e+15
7.27537e+15
6.053e+15
7.57552e+15
5.37333e+15
7.97933e+15
1.83856e+16
1.8789e+16
1.89569e+16
2.2909e+15
2.06732e+15
2.1611e+15
2.82626e+15
2.1194e+15
7.59126e+15
5.7289e+15
7.09847e+15
6.36545e+15
6.97803e+15
4.33863e+15
4.78956e+15
6.37901e+15
3.29826e+15
2.9992e+15
3.56599e+15
3.63338e+15
4.17947e+15
9.14568e+15
7.80941e+15
2.17564e+15
8.19166e+15
7.16657e+15
4.5658e+15
5.1254e+15
3.75366e+15
2.26878e+15
1.4945e+15
1.46383e+15
4.04535e+15
4.1412e+15
7.57104e+15
2.8568e+15
2.47423e+15
2.83151e+15
5.4821e+15
5.77171e+15
5.37267e+15
6.35436e+15
8.14989e+15
7.17234e+15
4.62746e+15
4.82844e+15
5.21475e+15
8.68475e+15
6.76202e+15
8.77692e+15
6.29997e+15
6.20841e+15
3.05256e+15
2.95444e+15
2.57979e+15
4.07919e+15
3.38874e+15
1.22538e+16
8.49942e+15
9.41082e+15
3.34106e+15
4.13314e+15
5.0764e+15
7.77311e+15
5.87506e+15
8.19667e+15
5.14543e+15
5.32954e+15
4.22252e+15
1.69479e+15
5.37261e+15
5.62035e+15
7.19758e+15
1.06476e+16
6.75963e+15
6.35684e+15
5.42747e+15
6.65477e+15
4.59768e+15
7.31752e+15
1.85355e+16
5.82736e+15
6.24275e+15
4.14304e+15
5.03322e+15
3.19234e+15
5.60977e+15
6.91503e+15
5.95504e+15
7.38364e+15
9.46192e+15
5.84133e+15
5.72628e+15
6.40418e+15
4.29305e+15
4.14607e+15
4.07397e+15
5.14525e+15
2.56765e+15
4.6399e+15
4.90798e+15
3.6927e+15
6.43162e+15
7.08515e+15
6.05869e+15
5.27316e+15
7.62015e+15
2.41146e+18
2.36552e+18
1.89447e+18
1.80889e+18
1.36109e+18
1.32374e+18
9.88908e+17
9.50596e+17
8.82811e+17
8.67458e+17
5.80738e+17
6.52014e+17
6.16131e+17
6.95635e+17
4.51625e+17
5.57605e+17
4.55182e+17
4.71122e+17
5.14953e+17
4.69738e+17
4.50444e+17
4.55578e+17
4.00728e+17
2.90716e+17
2.96572e+17
3.05177e+17
3.4245e+17
2.94852e+17
2.3989e+17
3.05637e+17
3.19392e+17
2.26256e+17
2.12369e+17
2.21718e+17
1.96985e+17
1.99787e+17
1.77827e+17
2.09366e+17
1.72661e+17
1.6685e+17
1.60928e+17
2.05682e+17
1.64378e+17
1.47339e+17
1.42214e+17
1.44361e+17
8.57026e+16
1.10797e+17
0
0
0
0
0
0
1.28661e+12
1.058e+12
6.46034e+08
6.63769e+08
0
0
0
0
0
0
0
0
0
0
0
0
0
0
0
0
0
0
0
0
0
0
0
0
0
0
0
0
0
0
0
0
0
0
0
0
0
0
0
0
0
0
0
0
0
0
0
0
0
0
0
0
1.75476e+08
4.64424e+08
0
0
0
0
0
0
4.26744e+09
1.37533e+09
1.96144e+07
3.50465e+08
0
0
0
0
0
0
0
0
0
0
0
0
0
0
0
0
0
0
0
0
0
0
8.75078e+16
6.57558e+16
7.25073e+16
7.64541e+16
8.76333e+16
9.538e+16
7.9786e+16
9.84005e+16
9.80373e+16
1.23134e+17
7.67055e+16
8.64017e+16
5.45324e+16
5.76825e+16
4.04896e+16
4.24388e+16
6.49651e+16
8.16285e+16
5.37987e+16
5.26465e+16
4.8959e+16
6.04263e+16
6.87273e+16
8.23847e+16
1.37536e+17
2.17613e+17
3.41774e+17
3.89076e+17
4.14432e+17
4.36719e+17
4.59428e+17
4.97809e+17
4.97427e+17
4.84283e+17
5.72017e+17
5.95973e+17
6.65148e+17
7.53726e+17
7.25699e+17
7.46544e+17
7.52812e+17
8.70602e+17
8.08973e+17
9.53864e+17
1.10688e+18
1.23174e+18
1.91838e+18
2.27979e+18
2.50757e+18
2.46425e+18
1.9581e+18
1.67715e+18
1.20702e+18
1.15754e+18
8.5371e+17
8.96104e+17
7.45074e+17
7.16824e+17
4.87883e+17
4.61821e+17
5.16415e+17
5.89521e+17
4.05835e+17
4.20483e+17
3.77137e+17
3.88221e+17
3.96754e+17
4.06276e+17
3.04741e+17
3.83525e+17
2.64229e+17
2.66217e+17
2.11426e+17
2.2807e+17
2.07408e+17
2.34188e+17
1.99134e+17
1.76457e+17
1.88854e+17
2.08741e+17
1.55169e+17
1.77825e+17
1.1021e+17
1.68287e+17
1.17066e+17
1.1839e+17
1.25232e+17
1.34644e+17
9.59648e+16
1.05104e+17
9.37807e+16
9.05285e+16
8.9178e+16
9.78286e+16
6.99312e+16
5.95375e+16
0
0
0
0
0
0
1.32839e+12
9.97762e+11
6.7284e+08
6.33558e+08
0
0
0
0
0
0
0
0
0
0
0
0
0
0
0
0
0
0
0
0
0
0
0
0
0
0
0
0
0
0
0
0
0
0
0
0
0
0
0
0
0
0
0
0
0
0
0
0
0
0
0
0
1.83785e+08
4.61166e+08
0
0
0
0
0
0
4.4406e+09
1.16638e+09
2.37508e+07
3.44358e+08
0
0
0
0
0
0
0
0
0
0
0
0
0
0
0
0
0
0
0
0
0
0
6.97463e+16
4.96353e+16
4.73063e+16
6.03153e+16
5.34222e+16
6.6333e+16
5.94287e+16
7.94367e+16
6.84962e+16
8.24593e+16
8.39366e+16
6.86643e+16
4.97633e+16
5.00349e+16
2.58197e+16
2.61338e+16
3.48975e+16
4.08901e+16
3.06467e+16
3.31826e+16
3.79608e+16
3.60705e+16
6.64633e+16
7.7305e+16
1.60648e+17
2.29895e+17
2.51901e+17
3.12507e+17
3.76914e+17
3.53471e+17
3.51055e+17
4.02564e+17
4.48547e+17
4.7663e+17
5.07601e+17
5.1771e+17
5.50557e+17
6.6262e+17
6.66562e+17
7.19619e+17
6.91706e+17
7.10612e+17
7.62395e+17
8.86841e+17
1.09779e+18
1.26828e+18
2.0335e+18
2.38605e+18
2.69051e+18
2.69115e+18
1.7925e+18
1.63882e+18
1.12737e+18
1.00833e+18
8.1601e+17
7.76749e+17
6.41191e+17
6.03089e+17
4.01969e+17
4.1212e+17
4.22926e+17
4.53264e+17
3.19101e+17
3.56227e+17
3.55505e+17
3.31312e+17
2.62568e+17
3.44634e+17
2.50411e+17
2.53482e+17
2.22225e+17
1.98176e+17
1.49975e+17
1.90141e+17
1.44824e+17
1.50021e+17
1.31293e+17
1.45745e+17
9.53466e+16
1.43286e+17
9.64078e+16
1.19709e+17
8.5268e+16
8.69653e+16
9.05643e+16
7.85549e+16
7.69e+16
1.06037e+17
6.43613e+16
6.4687e+16
4.69445e+16
6.39258e+16
4.08777e+16
5.73598e+16
5.63986e+16
3.61704e+16
0
0
0
0
0
0
1.37175e+12
9.37604e+11
7.00295e+08
6.03229e+08
0
0
0
0
0
0
0
0
0
0
0
0
0
0
0
0
0
0
0
0
0
0
0
0
0
0
0
0
0
0
0
0
0
0
0
0
0
0
0
0
0
0
0
0
0
0
0
0
0
0
0
0
7.28932e+08
4.83174e+08
0
0
0
0
0
0
4.60988e+09
9.62087e+08
2.77851e+07
3.38393e+08
0
0
0
0
0
0
0
0
0
0
0
0
0
0
0
0
0
0
0
0
0
0
4.72349e+16
5.14987e+16
3.2027e+16
3.62199e+16
2.68987e+16
4.49009e+16
2.67949e+16
4.41229e+16
5.18217e+16
5.98853e+16
5.42379e+16
5.95726e+16
4.21477e+16
2.83676e+16
1.87913e+16
1.73239e+16
2.06918e+16
2.07242e+16
1.93503e+16
2.39922e+16
3.23204e+16
3.99675e+16
4.87979e+16
6.23683e+16
1.61378e+17
1.97385e+17
1.99887e+17
2.51024e+17
2.92812e+17
2.83407e+17
2.84687e+17
3.46008e+17
3.69644e+17
4.29464e+17
4.22825e+17
4.40176e+17
4.76932e+17
5.97816e+17
6.63502e+17
6.55023e+17
6.28232e+17
6.8632e+17
7.30938e+17
7.65058e+17
1.03474e+18
1.25906e+18
2.24089e+18
2.72862e+18
2.8408e+18
2.7893e+18
1.77764e+18
1.47264e+18
9.699e+17
8.58903e+17
6.12667e+17
6.07031e+17
4.85116e+17
5.11765e+17
3.56236e+17
3.17931e+17
3.29654e+17
3.64397e+17
2.81814e+17
2.85516e+17
2.70288e+17
2.81952e+17
2.08938e+17
2.16784e+17
1.9833e+17
2.23578e+17
1.37702e+17
1.46748e+17
1.00891e+17
1.24109e+17
9.42925e+16
1.17646e+17
7.98487e+16
9.19307e+16
7.32288e+16
8.39159e+16
5.59034e+16
6.46238e+16
5.9195e+16
5.72515e+16
3.47059e+16
5.67309e+16
5.07606e+16
5.01289e+16
5.25666e+16
3.12474e+16
1.89837e+16
4.02844e+16
2.27677e+16
1.96716e+16
3.42356e+16
2.50621e+16
0
0
0
0
0
0
1.41692e+12
8.77275e+11
7.28503e+08
5.72698e+08
0
0
0
0
0
0
0
0
0
0
0
0
0
0
0
0
0
0
0
0
0
0
0
0
0
0
0
0
0
0
0
0
0
0
0
0
0
0
0
0
0
0
0
0
0
0
0
0
0
0
0
0
7.37965e+08
4.67987e+08
0
0
0
0
0
0
4.77451e+09
7.6305e+08
3.17122e+07
3.32549e+08
0
0
0
0
0
0
0
0
0
0
0
0
0
0
0
0
0
0
0
0
0
0
1.73164e+16
3.39786e+16
1.84914e+16
1.90065e+16
1.89373e+16
2.717e+16
1.57089e+16
2.42759e+16
3.57774e+16
3.76412e+16
3.14465e+16
3.6558e+16
2.98287e+16
2.15323e+16
1.32744e+16
1.09395e+16
1.40711e+16
1.79258e+16
1.37447e+16
1.66841e+16
2.55211e+16
2.40739e+16
4.78662e+16
7.2878e+16
1.20804e+17
1.49463e+17
1.51906e+17
1.8916e+17
1.99489e+17
1.98643e+17
2.17012e+17
2.83811e+17
2.96593e+17
3.38251e+17
3.65621e+17
4.0164e+17
4.02238e+17
5.38436e+17
4.89837e+17
5.58897e+17
5.4281e+17
6.12125e+17
6.84772e+17
7.61893e+17
1.05624e+18
1.30318e+18
2.44412e+18
2.95759e+18
2.92396e+18
2.66386e+18
1.77608e+18
1.34452e+18
8.7751e+17
7.3041e+17
5.24903e+17
4.7642e+17
3.79391e+17
3.73474e+17
2.93002e+17
2.6791e+17
2.54864e+17
2.6767e+17
2.13021e+17
2.08611e+17
2.0171e+17
2.05585e+17
1.78648e+17
1.79063e+17
1.48993e+17
1.45433e+17
1.1689e+17
1.22415e+17
5.63274e+16
7.04163e+16
6.7243e+16
6.70364e+16
5.57948e+16
5.10585e+16
3.50318e+16
4.81242e+16
4.0646e+16
4.50992e+16
2.84977e+16
3.33322e+16
1.30967e+16
2.86893e+16
1.95325e+16
2.66832e+16
2.10613e+16
2.08958e+16
1.05252e+16
9.66106e+15
1.18532e+16
1.17434e+16
9.98202e+15
1.39844e+16
0
0
0
0
0
0
1.46427e+12
8.16555e+11
7.57552e+08
5.41901e+08
0
0
0
0
0
0
0
0
0
0
0
0
0
0
0
0
0
0
0
0
0
0
0
0
0
0
0
0
0
0
0
0
0
0
0
0
0
0
0
0
0
0
0
0
0
0
0
0
0
0
8.57121e+06
4.52838e+08
2.43524e+08
4.53055e+08
0
0
0
0
0
0
4.94185e+09
5.68246e+08
3.55372e+07
3.26841e+08
0
0
0
0
0
0
0
0
0
0
0
0
0
0
0
0
0
0
0
0
0
0
6.73202e+15
1.18523e+16
7.11763e+15
8.04853e+15
6.38083e+15
1.84241e+16
7.6299e+15
1.6261e+16
1.79988e+16
2.46358e+16
1.47835e+16
2.09541e+16
2.4425e+16
1.79425e+16
1.05777e+16
1.00221e+16
9.0397e+15
1.16782e+16
9.9695e+15
9.76879e+15
1.24064e+16
1.5537e+16
4.37745e+16
7.16346e+16
8.3918e+16
9.45155e+16
1.14221e+17
1.51409e+17
1.22286e+17
1.30882e+17
1.76435e+17
2.08691e+17
2.27591e+17
2.78575e+17
3.21462e+17
3.28846e+17
3.49715e+17
4.41205e+17
3.78226e+17
4.54361e+17
4.93116e+17
4.91921e+17
5.72182e+17
6.65328e+17
9.51915e+17
1.28065e+18
2.52379e+18
3.11659e+18
2.79416e+18
2.63321e+18
1.58255e+18
1.29869e+18
7.62735e+17
6.58806e+17
4.11854e+17
4.1502e+17
2.76518e+17
2.66747e+17
2.08291e+17
2.19872e+17
2.17201e+17
1.89191e+17
1.47094e+17
1.51849e+17
1.43438e+17
1.38302e+17
1.22194e+17
1.35467e+17
8.84463e+16
8.95389e+16
6.55054e+16
8.21502e+16
3.87339e+16
3.77426e+16
4.53616e+16
4.16237e+16
3.12367e+16
3.59128e+16
1.85079e+16
2.08845e+16
1.92393e+16
2.70291e+16
1.47282e+16
1.47114e+16
5.53912e+15
1.07886e+16
9.78889e+15
1.16798e+16
8.1017e+15
1.57274e+16
9.06977e+15
5.24142e+15
4.0402e+15
3.69724e+15
4.58165e+15
4.29178e+15
0
0
0
0
0
0
1.51409e+12
7.55218e+11
7.87526e+08
5.10783e+08
0
0
0
0
0
0
0
0
0
0
0
0
0
0
0
0
0
0
0
0
0
0
0
0
0
0
0
0
0
0
0
0
0
0
0
0
0
0
0
0
6.26325e+08
2.70156e+07
0
0
0
0
0
0
0
0
1.82017e+07
5.04589e+08
1.75146e+08
4.48527e+08
0
0
0
0
0
0
5.43046e+09
2.31883e+09
3.92754e+07
3.21256e+08
1.39493e+08
0
0
0
0
0
0
0
0
0
0
0
0
0
0
0
0
0
0
0
0
0
3.70393e+15
3.0755e+15
3.08934e+15
4.97993e+15
1.12351e+15
5.8213e+15
7.13864e+15
7.56879e+15
8.77492e+15
1.33653e+16
6.14828e+15
9.76825e+15
1.68881e+16
1.3273e+16
7.06929e+15
6.33106e+15
4.13433e+15
4.83173e+15
5.88659e+15
8.83563e+15
8.53775e+15
1.28224e+16
3.08307e+16
4.82327e+16
4.27892e+16
6.04992e+16
8.96772e+16
1.01863e+17
7.71535e+16
8.52484e+16
1.47333e+17
1.66885e+17
1.65537e+17
1.86838e+17
2.77773e+17
2.76672e+17
2.82386e+17
3.17825e+17
3.3435e+17
3.86006e+17
4.11893e+17
4.45495e+17
4.81824e+17
5.7485e+17
9.52992e+17
1.20576e+18
2.53065e+18
3.24388e+18
2.82723e+18
2.62059e+18
1.42523e+18
9.73786e+17
5.91012e+17
4.91694e+17
2.94509e+17
3.14467e+17
2.14607e+17
1.87436e+17
1.64544e+17
1.60507e+17
1.50304e+17
1.31035e+17
1.01406e+17
1.01923e+17
9.9186e+16
8.98811e+16
7.82737e+16
8.18034e+16
5.76764e+16
5.74974e+16
3.03311e+16
3.98891e+16
1.82395e+16
2.00398e+16
2.59522e+16
2.73232e+16
1.66509e+16
1.94064e+16
1.05323e+16
1.1383e+16
8.33099e+15
1.23907e+16
5.77988e+15
7.03502e+15
2.62099e+15
3.58735e+15
6.71595e+15
4.4695e+15
5.09713e+15
5.84238e+15
2.46698e+15
3.39681e+15
1.55995e+15
6.55242e+14
1.74718e+15
4.00789e+15
0
0
0
0
0
0
1.56683e+12
6.92981e+11
8.18519e+08
4.79232e+08
0
0
0
0
0
0
0
0
0
0
0
0
0
0
0
0
0
0
0
0
0
0
0
0
0
0
0
0
0
0
0
0
0
0
0
0
0
0
0
0
6.59105e+08
6.6539e+08
0
0
0
0
0
0
0
0
2.76434e+07
4.9259e+08
1.75071e+08
4.45455e+08
0
0
0
0
0
0
5.5519e+09
2.15586e+09
4.29105e+07
3.15792e+08
1.99413e+09
1.73373e+08
6.9128e+08
2.00308e+08
2.04105e+08
0
0
0
0
0
0
0
0
0
0
0
0
0
0
0
0
0
5.59026e+14
1.90127e+15
2.2016e+15
2.38041e+15
1.75582e+14
2.75813e+14
2.36843e+15
5.84591e+15
3.15651e+15
4.94706e+15
3.04615e+15
3.1851e+15
7.79484e+15
8.24713e+15
4.34806e+15
4.05173e+15
1.09974e+15
9.25565e+14
5.12926e+15
5.31829e+15
4.14014e+15
7.61928e+15
1.8536e+16
2.76855e+16
2.99425e+16
5.05596e+16
5.13229e+16
5.96174e+16
5.56445e+16
6.64964e+16
9.6446e+16
1.0998e+17
1.1831e+17
1.5368e+17
1.86855e+17
2.21215e+17
2.04126e+17
2.51672e+17
2.49813e+17
3.12036e+17
3.31601e+17
3.61281e+17
4.22744e+17
4.97692e+17
8.12362e+17
1.13517e+18
2.57866e+18
3.41367e+18
2.92046e+18
2.63506e+18
1.28284e+18
9.61996e+17
4.47094e+17
3.88542e+17
2.08214e+17
2.29486e+17
1.63141e+17
1.36151e+17
1.08655e+17
1.29894e+17
9.81175e+16
8.96927e+16
6.21376e+16
7.60069e+16
6.12478e+16
5.62387e+16
5.7811e+16
4.93643e+16
2.88104e+16
3.38342e+16
1.0556e+16
1.47599e+16
1.06301e+16
5.44743e+15
1.47835e+16
1.16466e+16
8.03106e+15
1.06464e+16
5.20199e+15
9.32664e+15
4.2811e+15
8.21226e+15
2e+15
2.33308e+15
2.2245e+15
3.27743e+15
1.45408e+15
9.00966e+14
1.76845e+15
3.071e+15
1.48792e+15
1.18976e+15
8.94749e+14
7.08253e+14
8.57721e+14
1.46799e+15
0
0
0
0
0
0
1.62292e+12
6.29539e+11
8.50631e+08
4.47177e+08
0
0
0
0
0
0
0
0
0
0
0
0
0
0
0
0
0
0
0
0
0
0
0
0
0
0
0
0
0
0
0
0
0
0
0
0
0
0
0
0
1.51366e+09
6.71807e+08
0
0
0
0
4.67874e+07
1.81055e+09
0
0
3.69584e+07
4.80792e+08
1.74994e+08
4.42418e+08
0
0
0
0
1.32795e+08
4.41225e+09
5.17568e+08
1.99604e+09
4.64583e+07
3.10447e+08
1.90812e+09
2.55173e+08
3.55649e+08
2.38635e+09
3.94597e+09
1.45104e+09
0
0
0
0
0
0
0
0
0
0
0
0
0
0
0
0
4.46801e+14
5.39845e+14
8.68356e+14
1.35843e+15
7.35989e+14
5.94449e+13
7.30683e+14
3.02331e+15
1.5328e+15
2.35471e+15
1.98087e+15
2.95517e+15
2.90355e+15
5.32306e+15
2.67166e+15
2.82076e+15
7.87849e+14
1.37578e+15
2.97871e+15
4.97962e+15
2.41422e+15
8.18696e+15
1.04497e+16
1.39995e+16
2.08563e+16
3.57247e+16
2.89505e+16
4.35853e+16
3.87038e+16
4.79375e+16
4.98093e+16
6.72533e+16
8.31312e+16
1.06593e+17
1.3289e+17
1.61009e+17
1.4387e+17
1.84621e+17
1.91607e+17
2.30451e+17
2.43573e+17
2.73343e+17
3.66916e+17
4.53348e+17
6.82593e+17
1.0947e+18
2.66729e+18
3.76228e+18
3.09477e+18
2.50991e+18
1.10001e+18
7.60737e+17
3.40848e+17
2.57237e+17
1.72008e+17
1.47749e+17
1.08525e+17
1.04259e+17
6.86607e+16
9.55325e+16
5.53173e+16
5.71472e+16
4.45405e+16
5.71832e+16
3.48204e+16
3.46273e+16
3.53807e+16
2.30772e+16
1.52943e+16
1.67673e+16
4.63629e+15
5.15858e+15
4.1143e+15
4.39047e+15
6.14106e+15
5.72341e+15
2.93837e+15
2.98448e+15
1.8924e+15
3.05118e+15
1.89318e+15
3.96399e+15
3.26866e+14
1.17775e+15
8.92734e+14
7.89367e+14
1.1386e+14
1.76415e+14
9.84874e+14
1.84987e+15
4.91226e+14
6.39832e+14
5.60195e+14
6.88393e+14
7.77602e+14
5.31096e+14
0
0
0
0
0
0
1.68283e+12
5.64531e+11
8.83981e+08
4.14529e+08
0
0
0
0
0
0
0
0
0
0
0
0
0
0
0
0
7.32967e+06
0
0
0
0
0
0
0
0
0
0
0
0
0
0
0
0
0
0
0
0
0
0
0
1.49389e+09
6.79723e+08
1.7865e+09
2.76979e+07
0
0
0
7.70169e+08
5.91494e+09
0
4.61074e+07
4.69128e+08
1.74911e+08
4.39412e+08
0
0
0
0
2.69402e+08
4.47276e+09
2.41658e+08
2.01042e+09
8.1361e+07
3.0521e+08
1.82275e+09
7.97416e+08
2.0333e+09
2.74044e+09
4.53412e+09
7.37042e+08
0
0
0
0
0
0
0
0
0
0
0
0
0
0
0
0
4.33459e+13
3.24283e+14
3.82603e+14
3.61387e+14
5.66301e+14
1.65456e+14
2.15277e+14
6.23757e+14
6.44638e+14
1.82488e+14
1.45176e+15
1.92383e+15
7.78833e+14
2.19748e+15
1.82102e+15
3.16749e+15
3.90599e+14
3.59135e+14
1.86786e+15
3.07411e+15
3.17288e+15
7.28698e+15
4.48242e+15
4.71435e+15
1.54279e+16
2.20869e+16
1.29156e+16
2.33881e+16
2.58561e+16
3.27369e+16
3.32057e+16
3.74543e+16
5.83548e+16
7.09507e+16
9.86282e+16
1.09892e+17
1.08987e+17
1.25821e+17
1.52166e+17
1.62241e+17
1.91879e+17
2.30213e+17
2.73891e+17
3.42915e+17
5.58013e+17
9.04058e+17
2.51295e+18
3.77694e+18
3.11687e+18
2.43696e+18
8.79564e+17
5.56386e+17
2.33304e+17
1.67226e+17
1.09811e+17
1.29819e+17
7.02808e+16
5.38789e+16
4.75127e+16
6.14907e+16
3.30037e+16
2.90328e+16
3.3591e+16
3.79742e+16
1.75605e+16
2.63667e+16
1.43693e+16
1.59181e+16
8.19567e+15
9.27921e+15
1.6897e+15
1.30166e+15
1.16016e+15
3.50221e+15
3.00369e+15
3.50108e+15
1.24157e+15
1.45916e+15
8.95949e+14
1.10053e+15
2.08977e+15
7.80783e+14
3.20548e+13
4.16112e+14
6.8772e+14
7.70519e+14
6.813e+13
1.34877e+14
3.89903e+14
3.89124e+14
2.67563e+14
6.56363e+14
4.04464e+14
6.49595e+14
3.57624e+14
3.34816e+14
0
0
0
0
0
0
1.74719e+12
4.97565e+11
9.18688e+08
3.81187e+08
0
0
3.27812e+08
3.70493e+06
0
0
0
0
3.29274e+08
4.09512e+07
0
0
0
0
0
0
2.44902e+08
2.42732e+08
0
0
0
0
0
0
0
0
0
0
0
0
0
0
0
0
0
0
0
0
0
0
1.47479e+09
6.87179e+08
1.53067e+12
2.28086e+09
0
0
0
0
6.21725e+09
2.84913e+08
5.51142e+07
4.57645e+08
1.30325e+09
1.25528e+09
6.42615e+08
9.21787e+07
0
0
4.03502e+08
4.31324e+09
2.10254e+08
2.03292e+09
1.73262e+09
1.67481e+09
1.8595e+09
5.01946e+08
6.44906e+09
3.54095e+09
2.77245e+09
7.50918e+07
0
0
0
0
0
0
0
0
0
0
0
0
0
0
0
0
1.02999e+14
8.58544e+12
5.31653e+14
3.74476e+14
1.59012e+14
3.91069e+14
2.17042e+14
6.28393e+14
1.3416e+14
2.1324e+14
1.03087e+15
9.03456e+14
5.93118e+14
1.11323e+15
3.65355e+14
3.03401e+15
1.79911e+14
2.52905e+14
1.07989e+15
2.434e+15
1.60979e+15
3.88043e+15
1.98493e+15
3.01572e+15
6.91065e+15
8.41086e+15
6.71256e+15
1.17233e+16
1.457e+16
1.6932e+16
1.91789e+16
2.8286e+16
3.62375e+16
4.76235e+16
6.0383e+16
7.76621e+16
7.25962e+16
9.6943e+16
1.00425e+17
1.15608e+17
1.36385e+17
1.77513e+17
2.00131e+17
2.44358e+17
4.52246e+17
7.40803e+17
2.42974e+18
3.71777e+18
3.02544e+18
2.14825e+18
6.18143e+17
4.05309e+17
1.26962e+17
1.06692e+17
6.69387e+16
6.92053e+16
3.2673e+16
2.98736e+16
3.36253e+16
3.7946e+16
1.13496e+16
1.38224e+16
2.01816e+16
1.94681e+16
1.06115e+16
1.7551e+16
5.87193e+15
7.93273e+15
3.40888e+15
4.36541e+15
5.95291e+14
1.18239e+15
4.76586e+14
8.15568e+14
1.56676e+15
2.32291e+15
6.1688e+13
6.54302e+14
3.41118e+14
1.95247e+14
5.16196e+14
4.95471e+14
0
1.58363e+14
5.33683e+14
8.16128e+14
1.31835e+14
0
0
8.4967e+12
1.80819e+14
7.36515e+14
3.06906e+14
5.50312e+14
4.58538e+14
2.59883e+14
0
0
0
0
0
0
1.81677e+12
4.28155e+11
9.54842e+08
3.47046e+08
0
0
3.88529e+08
4.60584e+08
0
0
0
0
3.4046e+08
1.14338e+09
0
0
0
0
0
0
2.5212e+08
2.33453e+08
0
0
0
0
0
0
0
0
0
0
0
0
0
0
0
0
0
0
0
0
0
0
1.45635e+09
6.94197e+08
2.83247e+12
2.21472e+13
0
0
0
0
5.87099e+09
5.93424e+08
6.39918e+07
4.46324e+08
1.93263e+11
5.30399e+09
7.17442e+08
1.56196e+09
0
0
5.35351e+08
4.15599e+09
1.7915e+08
2.05512e+09
1.80712e+09
1.58085e+09
1.7707e+09
5.86126e+08
6.04011e+09
4.28494e+09
2.11048e+09
2.33592e+08
0
0
0
0
0
0
0
0
0
0
0
0
0
0
0
0
6.74026e+13
4.07945e+13
4.78447e+14
1.8497e+14
2.33612e+14
1.8217e+14
3.98681e+14
5.01482e+14
4.59472e+13
1.93135e+14
1.35582e+15
4.93383e+14
4.95659e+14
1.23151e+15
1.44936e+14
1.21588e+15
6.9119e+14
3.63792e+14
1.1151e+14
6.7427e+14
1.82838e+15
6.784e+14
5.45885e+14
1.82357e+15
1.46781e+15
3.42418e+15
3.60064e+15
7.27854e+15
1.07651e+16
1.0393e+16
8.70483e+15
1.64225e+16
2.29171e+16
3.01962e+16
3.21363e+16
5.06435e+16
4.59439e+16
6.66884e+16
6.33446e+16
7.35055e+16
8.81788e+16
1.11333e+17
1.49951e+17
1.86925e+17
3.46051e+17
6.16942e+17
2.33404e+18
3.79301e+18
2.86843e+18
1.96944e+18
4.25979e+17
2.57072e+17
8.46516e+16
6.25976e+16
5.06921e+16
4.24733e+16
1.90248e+16
2.16397e+16
1.61463e+16
2.25686e+16
8.79653e+15
7.18563e+15
1.30856e+16
1.06542e+16
3.23191e+15
7.95898e+15
2.7413e+15
2.84317e+15
2.61513e+14
7.90894e+14
1.74648e+15
5.95441e+14
4.91988e+14
7.86663e+14
4.57296e+14
7.19908e+14
1.93204e+14
4.88972e+14
1.77721e+14
9.57599e+12
4.48793e+14
1.05927e+14
0
9.92623e+08
1.07745e+14
1.8604e+14
4.01481e+14
3.01187e+12
0
0
8.18912e+13
8.29661e+14
4.73886e+13
5.58e+14
2.25112e+14
4.57097e+14
0
0
0
0
0
0
2.42991e+12
3.55722e+11
9.9263e+08
3.12013e+08
0
0
4.50413e+08
4.02677e+08
0
0
0
0
3.51604e+08
1.13243e+09
0
0
0
0
0
0
2.59078e+08
2.24528e+08
0
0
0
0
0
0
0
0
0
0
0
0
0
0
0
0
0
0
1.0422e+08
0
0
0
1.43856e+09
7.0076e+08
1.90074e+09
1.25716e+13
7.31621e+12
0
0
0
5.53146e+09
8.9577e+08
8.78964e+07
4.35181e+08
3.93322e+12
8.17899e+11
7.90965e+08
1.47685e+09
0
0
6.64532e+08
4.00151e+09
1.48439e+08
2.07697e+09
1.87992e+09
1.48882e+09
1.68245e+09
6.69812e+08
5.59566e+09
4.70623e+09
1.874e+09
4.83182e+08
0
0
0
0
0
0
0
0
0
0
0
0
0
0
0
0
2.12708e+13
8.92123e+13
3.28804e+14
2.39283e+14
1.73407e+14
6.68839e+13
2.35569e+14
4.66878e+14
1.50293e+14
6.00096e+14
1.56072e+14
3.13602e+14
2.66236e+14
6.28913e+14
3.65559e+14
1.96233e+14
2.35889e+14
2.58411e+14
3.13124e+14
1.21573e+14
1.11743e+14
1.22748e+14
3.5072e+14
1.04275e+15
9.29388e+14
2.07666e+15
1.71331e+15
3.12505e+15
6.39722e+15
6.01195e+15
6.65234e+15
8.59601e+15
1.28722e+16
2.535e+16
1.35129e+16
2.81698e+16
2.21131e+16
3.47215e+16
3.78166e+16
4.78064e+16
5.18572e+16
6.48728e+16
9.13487e+16
1.23543e+17
2.66459e+17
4.71342e+17
2.08578e+18
3.78868e+18
2.68552e+18
1.68279e+18
2.68947e+17
1.68691e+17
4.26817e+16
3.34064e+16
2.63903e+16
2.79609e+16
1.5364e+16
1.08393e+16
7.27704e+15
8.90034e+15
4.98946e+15
7.7102e+15
3.02945e+15
4.66695e+15
2.07002e+15
2.54867e+15
1.04106e+15
2.0931e+15
6.26721e+14
6.25878e+14
9.54705e+13
1.0496e+15
1.83888e+14
3.5374e+14
4.13867e+14
3.42923e+14
4.09435e+13
6.74561e+12
7.30899e+12
4.46396e+13
3.59626e+14
1.2952e+14
0
0
0
0
3.63268e+14
4.72364e+13
0
0
0
1.11578e+13
0
0
0
2.11027e+14
0
0
0
0
0
0
6.66321e+12
4.01464e+12
1.03223e+09
2.75907e+08
0
0
5.13518e+08
3.4371e+08
0
0
0
0
3.62682e+08
1.12164e+09
0
0
0
0
0
0
2.65782e+08
2.15955e+08
0
0
0
0
0
0
0
0
0
0
0
0
2.34035e+09
0
0
0
1.39276e+08
0
5.06334e+09
1.6534e+09
0
0
1.42134e+09
7.06919e+08
1.79932e+09
2.81545e+09
1.39349e+13
8.9891e+11
2.3026e+08
0
5.21623e+09
2.57085e+09
5.36626e+08
4.29922e+08
3.90679e+12
8.21002e+11
8.63285e+08
1.39317e+09
0
0
7.91229e+08
3.84985e+09
1.18059e+08
2.09858e+09
1.951e+09
1.3986e+09
1.61266e+12
7.5325e+08
5.11677e+09
5.16424e+09
1.6317e+09
7.3897e+08
0
0
0
0
0
0
0
0
0
0
0
0
0
0
0
0
0
3.98887e+13
3.03148e+14
1.98827e+14
1.1763e+14
1.15793e+14
1.08003e+14
2.04116e+14
1.36169e+13
4.77817e+14
8.15713e+13
6.12836e+13
1.98501e+14
1.65779e+14
5.37446e+14
3.03016e+14
2.90093e+13
5.35488e+13
2.33262e+14
1.67355e+14
3.57349e+13
1.52841e+14
2.27532e+14
9.21176e+14
5.05923e+14
9.71487e+14
8.90532e+14
1.35498e+15
4.32853e+15
2.80202e+15
2.77845e+15
4.33638e+15
5.32742e+15
8.91609e+15
7.58457e+15
1.6037e+16
9.87852e+15
1.4514e+16
1.76473e+16
2.80954e+16
2.5065e+16
3.35604e+16
5.64331e+16
6.99864e+16
1.66479e+17
3.62811e+17
1.90913e+18
3.74345e+18
2.58126e+18
1.32867e+18
1.3785e+17
9.48368e+16
1.45761e+16
1.33011e+16
1.71366e+16
1.58171e+16
7.96128e+15
9.7708e+15
3.3987e+15
3.8755e+15
2.14781e+15
5.86061e+15
2.3273e+15
3.10337e+15
5.75934e+14
1.23822e+15
2.91722e+14
2.56731e+14
3.79476e+14
1.07814e+14
8.30893e+13
1.33407e+14
1.45462e+14
2.36196e+14
3.09126e+14
2.0505e+14
2.84925e+10
3.24113e+09
0
0
9.16869e+10
8.56447e+13
6.84151e+12
0
0
0
9.71125e+13
3.22234e+13
0
0
0
0
0
0
0
0
0
0
0
0
0
0
7.48299e+12
3.32078e+12
1.07377e+09
2.38623e+08
0
0
7.86548e+08
2.8366e+08
7.82431e+08
4.01236e+08
0
0
3.73738e+08
1.11098e+09
6.33258e+08
8.78621e+06
3.46779e+07
0
0
0
3.41698e+08
2.07724e+08
0
0
0
0
0
0
0
0
0
9.7672e+08
1.40833e+08
0
6.96375e+09
1.00458e+09
0
0
1.89859e+09
1.21699e+08
4.35657e+09
2.24647e+09
0
0
3.80928e+09
7.23215e+08
1.70094e+09
2.88647e+09
1.20052e+13
2.69007e+12
3.41548e+09
1.27743e+08
4.91129e+09
3.26827e+09
8.98018e+07
4.1332e+08
3.88069e+12
8.24008e+11
9.344e+08
1.31073e+09
0
0
2.80064e+09
3.70097e+09
2.31527e+09
2.11997e+09
2.02052e+09
1.31024e+09
1.2471e+13
4.89548e+12
4.8515e+09
5.71951e+09
1.39454e+09
1.00166e+09
0
0
0
0
0
0
0
0
0
0
0
0
0
0
0
0
0
0
2.42183e+14
2.69909e+14
6.90204e+13
1.56642e+14
6.68436e+13
1.34489e+14
0
0
4.50121e+13
4.05789e+13
1.74572e+14
1.72011e+14
0
1.07323e+13
1.55799e+14
1.54944e+13
2.3421e+14
7.77596e+13
7.0119e+13
1.3365e+14
4.13955e+13
1.71373e+14
2.6002e+14
6.88573e+14
2.94973e+14
6.54683e+14
2.98639e+15
2.39453e+15
5.5535e+14
1.63124e+15
3.08762e+15
5.16189e+15
2.62102e+15
6.60244e+15
4.24498e+15
6.51952e+15
5.77922e+15
1.36508e+16
1.29009e+16
1.51243e+16
2.79196e+16
3.52914e+16
1.02289e+17
2.24928e+17
1.74463e+18
3.55565e+18
2.23774e+18
9.55493e+17
5.37145e+16
4.55572e+16
6.24797e+15
1.01899e+16
1.22468e+16
8.17465e+15
2.08023e+15
4.33566e+15
3.97928e+15
2.37395e+15
9.98048e+14
9.65214e+14
1.61756e+15
2.61835e+15
3.07005e+14
1.35417e+14
3.47584e+14
1.93378e+14
6.1781e+11
6.33411e+10
4.09864e+13
2.3289e+13
1.83159e+14
1.84633e+14
1.56374e+14
1.3212e+14
5.87913e+08
2.95527e+09
0
0
0
0
0
0
0
0
0
0
0
0
0
0
0
0
0
0
0
0
0
0
0
0
1.18181e+13
2.95234e+12
1.09497e+10
2.03034e+08
7.96895e+11
6.70993e+10
3.21142e+09
1.64696e+09
8.77588e+08
6.70196e+09
0
0
3.84757e+08
1.10046e+09
5.90421e+08
6.78829e+08
1.48508e+09
3.83507e+08
0
0
1.39693e+09
1.14367e+09
8.51113e+08
3.09231e+08
2.84902e+08
0
0
0
0
0
0
0
1.04951e+09
4.66021e+07
7.96121e+09
1.27779e+09
3.63418e+07
9.07559e+08
9.84917e+08
4.40716e+07
5.89488e+09
2.79588e+09
0
0
7.16477e+09
5.64235e+09
1.60546e+09
2.95485e+09
1.01484e+13
4.41435e+12
3.32925e+09
1.95191e+08
1.26778e+10
3.52247e+09
1.05856e+10
2.03465e+09
3.85803e+12
8.27882e+11
1.00425e+09
1.22954e+09
0
0
1.53835e+10
8.33833e+09
1.67113e+10
1.98604e+10
6.08358e+10
5.2394e+11
1.38968e+13
2.32648e+12
2.29239e+10
1.57219e+10
2.44444e+09
1.91403e+09
0
0
0
0
4.58471e+09
3.27208e+07
0
0
0
0
0
0
0
0
0
0
0
0
1.56323e+14
3.30187e+14
0
5.97536e+13
6.02923e+13
5.06397e+13
1.40721e+13
0
1.48797e+13
6.92943e+13
1.52764e+14
1.94314e+14
0
0
6.28336e+13
4.67858e+13
1.18224e+14
1.07785e+14
6.38846e+13
1.84111e+14
0
0
4.20524e+13
3.31392e+14
2.07118e+14
5.29921e+14
1.03314e+15
1.5264e+15
4.39327e+14
5.48065e+14
1.2014e+15
1.81961e+15
1.98472e+15
2.93292e+15
2.70089e+15
3.98351e+15
2.91862e+15
3.4003e+15
4.60701e+15
8.1863e+15
1.54299e+16
1.77869e+16
5.29907e+16
1.2216e+17
1.44903e+18
3.36543e+18
1.86067e+18
6.29851e+17
2.60573e+16
2.18975e+16
6.0628e+15
5.27803e+15
4.50074e+15
6.73496e+15
3.19406e+15
2.20221e+15
1.43868e+15
1.47639e+15
1.68477e+15
7.94781e+14
1.14728e+15
2.06834e+15
3.17371e+14
2.74807e+14
3.11397e+14
1.80556e+14
0
0
4.18706e+13
2.2281e+13
8.54039e+12
3.60777e+13
1.3765e+14
7.61129e+13
0
0
0
0
0
0
0
0
0
0
0
0
0
0
0
0
0
0
0
0
0
0
0
0
1.10548e+12
2.18092e+12
1.1689e+13
4.65275e+12
6.00729e+10
1.0872e+10
1.36019e+12
4.16006e+12
3.4504e+09
1.85029e+09
2.74807e+09
6.78538e+09
6.82629e+12
1.80064e+13
3.95739e+08
1.09007e+09
5.47338e+08
7.2374e+08
1.49595e+09
3.71883e+08
5.11749e+08
1.92983e+06
1.54763e+09
9.6878e+08
1.16115e+09
1.27745e+09
5.85471e+09
2.38854e+09
0
0
0
0
2.23757e+09
6.79937e+08
6.5106e+08
3.77163e+08
7.71761e+09
1.35401e+09
1.11618e+08
1.80383e+09
0
0
5.55114e+09
3.56883e+09
0
0
8.43139e+09
6.63146e+09
1.51265e+09
3.02088e+09
8.35444e+12
6.07353e+12
5.68349e+09
2.10269e+09
3.61698e+10
3.8087e+10
1.64528e+10
1.70194e+10
3.85599e+12
8.37097e+11
3.34374e+13
8.84794e+12
6.98787e+10
1.45058e+10
4.64307e+10
1.23452e+10
2.73345e+10
2.23067e+10
1.55436e+13
1.03595e+13
7.45153e+09
1.52965e+09
3.03013e+10
7.63064e+10
5.5767e+09
2.28427e+09
0
0
9.23229e+08
0
4.3383e+09
2.47978e+09
4.53884e+10
2.90578e+10
0
0
0
0
0
0
0
0
0
0
1.1026e+13
2.99563e+14
0
0
6.18009e+13
3.29225e+13
0
0
0
4.49378e+13
1.35374e+14
2.14065e+14
0
0
3.23262e+13
7.52829e+13
5.94309e+13
9.96367e+13
1.03288e+13
1.91256e+14
0
0
7.48679e+12
1.1992e+14
1.40893e+14
3.87544e+14
8.28395e+14
5.0238e+14
3.93322e+14
2.22256e+14
4.46288e+14
5.86379e+14
6.95179e+14
7.58976e+14
1.57796e+15
2.02326e+15
2.58456e+15
1.78014e+15
2.35927e+15
4.55508e+15
8.79639e+15
1.22347e+16
2.33929e+16
6.17696e+16
1.15686e+18
3.09664e+18
1.48579e+18
3.98604e+17
1.36169e+16
9.94622e+15
4.247e+15
3.33813e+15
3.57171e+15
3.54392e+15
1.8493e+15
1.21575e+15
6.73999e+14
1.83333e+15
6.86181e+14
6.11102e+14
7.68662e+14
4.12395e+14
0
1.34292e+14
3.9108e+14
9.87566e+13
0
0
0
1.33281e+12
2.14913e+13
2.72376e+13
1.26189e+14
7.48117e+13
0
0
0
0
0
0
0
0
0
0
0
0
0
0
0
0
0
0
0
0
0
0
1.42508e+09
1.49751e+09
1.69732e+12
6.41104e+12
1.45681e+13
4.1512e+12
7.19138e+12
1.10063e+13
9.06415e+12
1.59859e+13
3.75657e+09
3.54999e+09
1.42273e+09
6.7359e+09
9.52008e+12
4.71288e+13
2.45156e+09
1.07983e+09
5.03978e+08
7.69092e+08
5.72994e+09
3.65176e+08
5.34496e+08
5.58954e+08
1.69175e+09
8.01409e+08
1.44209e+09
9.32372e+08
6.76582e+09
1.133e+09
0
0
0
0
2.3256e+09
3.22476e+09
3.57248e+08
6.01599e+08
7.51035e+09
1.40638e+09
1.88723e+08
1.72742e+09
0
0
1.81708e+10
4.85019e+09
0
0
3.01453e+10
8.41734e+09
2.38113e+11
2.07134e+11
6.62786e+12
7.67529e+12
6.54094e+10
4.79677e+09
8.21866e+13
5.47971e+10
1.13583e+11
3.3809e+10
4.08578e+12
8.92848e+11
3.35803e+13
4.97048e+13
4.90426e+13
1.06687e+13
1.70533e+12
4.42883e+10
7.32626e+10
3.00766e+10
3.12861e+13
2.63296e+13
5.13416e+10
1.02145e+10
4.50168e+10
3.82943e+10
1.20102e+11
3.96592e+09
0
9.50211e+09
2.2273e+11
1.08847e+09
5.07514e+09
3.02194e+09
6.5816e+09
2.02379e+11
5.08316e+11
0
0
0
0
0
0
0
0
0
0
0
0
0
6.72861e+13
2.90072e+13
0
0
0
0
1.11443e+14
1.69728e+14
0
0
4.37406e+10
6.79746e+12
2.25542e+13
1.35484e+14
2.07231e+10
1.35931e+13
5.19561e+13
0
1.14347e+12
6.54918e+13
8.35668e+13
3.53601e+14
4.53221e+14
5.28743e+14
3.512e+14
2.32446e+14
1.21158e+13
1.11807e+14
7.57431e+14
4.76865e+14
5.62821e+14
8.29878e+14
1.54108e+15
1.79116e+15
1.27057e+15
3.09387e+15
6.04629e+15
8.6834e+15
1.23109e+16
3.36594e+16
8.57003e+17
2.81225e+18
1.10904e+18
2.47421e+17
7.51062e+15
7.74039e+15
2.86442e+15
2.76762e+15
3.11185e+15
1.65093e+15
1.54327e+15
7.01332e+14
7.65482e+14
4.83655e+14
8.98808e+14
5.85382e+14
6.55403e+14
2.78039e+14
0
0
1.20878e+14
9.38708e+13
0
0
0
0
3.44417e+13
1.44662e+13
1.2197e+14
8.44286e+13
0
0
0
0
0
0
0
0
0
0
0
0
0
0
0
0
0
0
0
0
0
0
1.1049e+13
5.65997e+09
1.02978e+13
1.21885e+13
2.6399e+13
2.17948e+13
2.63268e+13
2.8211e+13
3.23826e+13
3.1119e+13
1.4892e+14
4.70289e+09
1.11123e+13
2.91684e+10
1.22903e+13
4.45092e+13
4.74559e+12
9.75972e+09
2.43029e+10
3.48575e+09
2.89469e+10
1.49445e+09
6.03201e+09
3.25087e+09
1.28029e+10
6.41045e+08
9.36064e+09
1.08544e+10
9.88539e+08
4.14295e+07
1.46908e+07
0
0
0
8.67755e+09
4.27964e+09
3.79798e+12
6.17447e+11
2.88981e+10
2.14343e+10
1.45845e+09
2.22718e+09
1.934e+10
1.74204e+10
9.82805e+10
7.01062e+10
5.19926e+12
2.04045e+10
1.76247e+11
1.17915e+11
3.3729e+14
3.61617e+11
1.00729e+14
1.23078e+13
5.29257e+13
6.18493e+13
1.83286e+14
1.15337e+14
1.78165e+14
1.6308e+14
1.27244e+14
6.37018e+13
3.7143e+14
1.50069e+14
1.23902e+14
2.68446e+14
1.02777e+14
1.69654e+13
1.17605e+14
7.15771e+13
1.65645e+14
2.61745e+13
3.62997e+13
6.00292e+13
4.89502e+13
5.235e+12
4.75441e+13
1.76043e+13
1.24373e+11
3.38598e+10
6.85835e+13
1.03201e+13
1.37743e+10
3.42839e+09
0
3.31793e+10
1.59261e+13
3.24679e+12
7.58381e+12
0
0
0
0
0
0
0
0
0
0
0
1.24374e+13
2.14299e+13
0
0
0
0
1.15293e+14
1.66676e+14
0
0
3.05643e+10
1.10266e+11
0
1.1046e+14
4.9635e+13
0
4.5434e+13
2.04187e+13
0
1.26469e+13
4.20934e+13
3.19983e+14
2.9839e+14
2.37555e+14
2.53599e+14
2.58778e+14
8.29792e+12
1.1042e+13
4.07677e+14
3.48861e+14
3.04113e+14
4.92381e+14
9.16995e+14
8.40586e+14
1.12406e+15
1.25934e+15
3.71556e+15
5.22701e+15
8.97336e+15
1.94675e+16
5.69178e+17
2.53719e+18
8.93627e+17
1.91443e+17
6.34776e+15
3.85622e+15
1.95587e+15
2.3684e+15
1.51736e+15
6.50303e+14
5.99772e+14
2.25236e+14
3.99477e+14
5.5542e+14
3.94938e+14
6.96705e+14
4.78038e+14
3.37776e+14
1.59315e+14
1.2818e+14
1.18253e+14
7.35589e+13
0
0
0
0
4.6556e+13
2.5564e+12
0
3.41158e+13
0
0
0
0
0
0
0
0
0
0
0
0
0
0
0
0
0
0
0
0
3.35004e+08
5.64819e+09
2.50867e+13
6.16101e+12
2.09119e+13
1.50262e+13
2.89295e+13
2.63589e+13
1.30713e+14
2.92312e+14
6.88641e+13
1.2331e+14
3.96952e+14
7.91457e+13
2.86583e+13
7.39151e+11
1.33359e+13
4.3759e+13
1.32667e+13
2.28349e+12
6.57174e+10
6.57549e+10
1.1101e+11
3.68361e+10
2.04356e+10
1.49937e+10
3.94058e+10
3.35472e+10
1.01066e+10
6.64368e+10
1.20512e+10
1.12292e+10
1.45837e+09
2.01225e+09
0
0
5.99147e+09
6.54657e+09
2.22718e+12
2.32606e+13
2.77104e+10
2.27701e+11
1.45887e+09
8.71609e+09
6.23609e+10
3.02943e+11
4.3913e+11
4.21026e+11
6.88809e+13
5.74424e+13
3.2566e+11
4.18474e+11
5.2437e+14
1.21248e+14
2.42621e+14
1.29507e+14
2.0465e+14
1.55251e+14
2.54401e+14
3.75873e+14
2.34982e+14
6.44187e+14
2.13806e+14
3.09588e+14
4.72904e+14
6.74517e+14
2.06765e+14
3.36287e+14
4.77569e+14
1.58815e+14
1.18901e+14
4.6078e+14
3.44448e+14
3.07955e+14
1.74442e+14
1.30391e+14
6.32301e+13
2.89827e+13
1.48558e+14
5.39799e+13
2.56674e+13
4.79229e+11
5.7549e+13
9.55759e+13
3.05457e+12
5.09609e+10
0
0
8.25281e+13
9.93808e+12
1.84071e+13
6.06007e+12
0
0
0
0
0
0
0
0
0
0
0
0
0
0
0
0
1.46361e+14
1.39578e+14
0
0
4.1961e+10
9.97964e+10
4.50257e+12
5.58766e+13
9.36958e+13
7.89869e+12
3.35785e+13
3.19797e+13
0
0
1.97696e+13
1.5369e+14
2.83399e+14
2.35051e+14
1.71481e+14
1.6562e+14
1.67464e+13
4.12175e+13
3.90353e+14
4.97358e+14
3.2276e+14
4.64947e+14
8.08428e+14
7.78722e+14
9.01401e+14
8.07479e+14
1.88514e+15
2.94236e+15
7.40106e+15
1.5914e+16
4.2134e+17
2.20475e+18
8.32924e+17
1.29956e+17
3.60992e+15
3.60539e+15
1.5845e+15
1.32397e+15
1.15247e+15
1.31539e+15
6.9246e+14
3.84363e+14
3.83487e+14
6.55808e+14
1.41478e+14
2.92051e+14
6.79575e+14
3.01338e+14
4.49043e+13
0
0
1.97853e+13
0
0
3.87634e+12
3.34305e+13
1.19847e+13
1.33197e+12
0
0
0
0
0
0
0
0
0
0
0
0
0
0
0
0
0
0
0
0
0
0
3.95537e+11
6.96486e+12
2.6273e+13
1.01946e+13
2.25737e+13
1.78864e+13
3.08881e+13
2.49992e+13
1.3972e+14
2.89083e+14
7.16927e+13
1.21085e+14
3.98178e+14
9.31298e+13
2.86604e+13
8.45716e+11
1.39637e+13
4.31924e+13
1.32709e+13
2.35764e+12
7.76891e+12
1.24965e+11
1.28357e+11
1.01774e+11
1.20605e+11
4.42472e+10
9.21651e+10
5.88981e+10
4.05314e+10
6.61746e+10
1.54738e+10
1.05906e+10
1.65365e+09
1.7522e+09
0
0
5.41548e+09
6.93876e+09
1.38433e+12
2.37838e+13
2.78631e+10
2.27504e+11
1.21472e+11
5.84068e+10
8.37211e+10
3.36401e+11
5.97324e+11
4.75219e+11
7.63062e+13
1.22422e+14
2.69558e+12
6.74395e+12
5.66899e+14
3.60941e+14
3.43567e+14
1.67035e+14
2.76627e+14
3.81449e+14
2.79494e+14
5.1742e+14
2.6986e+14
6.86409e+14
3.72417e+14
3.37567e+14
5.41094e+14
6.87909e+14
4.78748e+14
4.70872e+14
4.7773e+14
2.00641e+14
1.39218e+14
4.79852e+14
3.60901e+14
3.05559e+14
1.75637e+14
2.86405e+14
6.85095e+13
2.92226e+13
1.5269e+14
5.54146e+13
1.33905e+14
2.51454e+13
5.27549e+13
1.01188e+14
6.10298e+13
5.08397e+12
0
0
1.06775e+14
2.90841e+13
1.78854e+13
7.02506e+12
0
0
0
0
0
0
0
0
0
0
0
0
0
0
0
0
2.01479e+14
8.95107e+13
0
0
6.11791e+10
8.07572e+10
1.60521e+13
1.4141e+14
2.47462e+12
1.67994e+13
3.63166e+13
3.15733e+13
0
0
4.20209e+13
7.49145e+13
7.88556e+13
2.36453e+14
8.65266e+13
3.32008e+13
1.47641e+14
1.28637e+13
5.17798e+14
4.94648e+14
4.71001e+14
7.17173e+14
4.21527e+14
4.89782e+14
1.00827e+15
6.24703e+14
1.59404e+15
2.17293e+15
6.71425e+15
1.38818e+16
3.45671e+17
1.98561e+18
8.26812e+17
1.32055e+17
2.99204e+15
1.66311e+15
8.78073e+14
1.13616e+15
7.77502e+14
5.10937e+14
1.48354e+14
2.87791e+14
1.13667e+15
3.79906e+14
2.12258e+14
2.95006e+13
3.73372e+14
3.26694e+14
1.65018e+14
3.5611e+13
0
0
0
0
1.15329e+13
3.97979e+13
0
0
0
0
0
0
0
0
0
0
0
0
0
0
0
0
0
0
0
0
0
0
0
0
2.9675e+12
3.09692e+13
1.42888e+13
2.73867e+13
2.12827e+13
1.65642e+13
3.35892e+13
2.31271e+13
1.99964e+14
2.87532e+14
7.56851e+13
1.18096e+14
4.03848e+14
1.02538e+14
2.87011e+13
8.65911e+11
1.48452e+13
4.25127e+13
1.32749e+13
2.501e+12
1.42604e+14
5.70511e+12
1.90471e+11
1.21745e+11
2.18016e+11
9.31671e+10
1.18867e+11
1.27156e+11
8.7535e+10
7.50726e+10
1.86289e+10
1.26899e+10
3.2408e+09
1.44562e+09
0
0
4.68661e+09
7.43334e+09
3.26755e+11
2.42909e+13
4.29473e+10
2.35073e+11
1.13339e+13
4.69208e+12
2.20851e+11
3.34464e+11
9.30494e+11
5.65863e+11
7.37827e+13
1.97821e+14
1.70199e+13
3.02899e+13
7.35347e+14
4.55412e+14
4.04441e+14
2.35374e+14
3.62855e+14
4.24965e+14
2.79448e+14
5.97404e+14
3.17493e+14
7.9243e+14
4.34785e+14
5.52876e+14
5.5768e+14
7.65345e+14
5.06813e+14
6.80729e+14
5.17933e+14
2.02678e+14
2.22652e+14
5.94658e+14
4.08729e+14
3.14472e+14
1.77232e+14
2.84766e+14
1.82804e+14
4.401e+13
2.90253e+14
1.54462e+14
3.22062e+14
3.03604e+14
2.01681e+14
1.25126e+14
7.27436e+13
5.57029e+12
0
0
1.09395e+14
5.70733e+13
1.70069e+13
8.47968e+12
4.45927e+12
5.27169e+12
0
0
0
0
0
0
0
0
0
0
0
0
4.34044e+13
1.32963e+14
8.58669e+13
2.79442e+13
0
0
8.31606e+10
5.98384e+10
2.70461e+13
1.30045e+14
1.1246e+13
5.33306e+13
4.78244e+13
3.4703e+13
0
0
6.69455e+13
5.16595e+13
6.55023e+13
1.2526e+14
2.26814e+13
1.20111e+14
1.9715e+14
2.59196e+14
5.27196e+14
3.60254e+14
4.91074e+14
7.04087e+14
4.0547e+14
6.18591e+14
5.13447e+14
6.76463e+14
1.3874e+15
1.93208e+15
6.46743e+15
1.07367e+16
3.2998e+17
2.04549e+18
9.06858e+17
1.612e+17
2.29158e+15
2.15805e+15
8.27129e+14
5.43547e+14
4.23637e+14
2.82342e+14
8.9568e+14
8.38157e+14
2.57729e+14
1.8161e+14
1.78909e+13
0
5.64182e+13
2.79298e+14
4.33307e+14
2.06436e+14
1.53489e+14
5.00759e+13
4.65086e+13
1.50523e+13
3.41942e+13
4.0705e+13
1.02934e+13
1.1618e+13
7.37298e+12
1.29405e+13
4.68991e+12
1.99792e+12
0
0
0
0
0
0
0
0
0
0
0
0
0
0
1.06398e+09
0
4.14207e+09
2.93164e+09
9.1591e+12
3.12445e+13
2.76813e+13
5.76371e+13
2.10957e+13
3.12861e+13
4.51536e+13
2.11052e+13
4.04505e+14
4.62833e+14
7.09195e+13
1.43835e+14
4.332e+14
1.01733e+14
2.89357e+13
9.70434e+11
4.15712e+13
7.54995e+13
2.47044e+13
1.21711e+13
3.73896e+14
6.17555e+13
2.35643e+11
1.59529e+11
3.45553e+11
2.43705e+11
1.9289e+11
1.36994e+11
2.25403e+11
1.36663e+11
4.10527e+10
1.22954e+10
1.88512e+10
3.42221e+10
6.48527e+09
2.57442e+10
5.32776e+10
7.98937e+09
6.94348e+10
5.35952e+12
1.37996e+13
2.47211e+11
2.0627e+13
4.73946e+12
2.96948e+13
3.55331e+11
1.99341e+13
6.64029e+11
2.3931e+14
2.12598e+14
1.71013e+13
5.61693e+13
1.10361e+15
7.73119e+14
4.03872e+14
3.29386e+14
5.84108e+14
5.61228e+14
2.79178e+14
5.96894e+14
4.006e+14
8.91125e+14
4.36417e+14
6.73236e+14
7.20243e+14
8.52602e+14
7.42327e+14
8.69114e+14
5.98299e+14
3.14085e+14
2.83299e+14
6.66942e+14
4.61078e+14
3.12424e+14
1.79987e+14
2.83314e+14
5.42315e+14
1.99382e+14
2.87302e+14
1.72589e+14
3.21601e+14
4.84524e+14
2.02788e+14
1.83381e+14
1.72407e+14
3.88926e+13
2.40037e+11
1.25952e+09
1.08496e+14
9.30016e+13
1.6248e+13
1.04741e+13
3.90398e+12
2.96298e+13
2.70036e+13
0
0
0
0
0
0
0
0
0
0
0
0
2.21692e+13
0
0
0
0
1.18413e+09
3.69513e+10
0
1.61017e+13
2.06299e+13
4.44208e+13
6.25162e+13
7.41966e+13
2.61252e+12
8.44703e+12
8.31859e+13
2.58075e+13
1.47419e+14
1.94231e+14
5.81205e+13
1.15174e+14
3.66334e+14
4.82682e+14
3.89448e+14
3.80133e+14
5.86926e+14
4.40851e+14
5.39343e+14
6.32961e+14
6.55729e+14
9.01773e+14
1.56832e+15
2.14396e+15
6.95647e+15
1.22986e+16
4.07362e+17
2.36624e+18
9.93084e+17
2.44129e+17
6.666e+15
2.7671e+15
1.5516e+15
1.36073e+15
1.34361e+15
1.08929e+15
3.79126e+14
2.78561e+14
9.3778e+14
6.65415e+14
2.15293e+14
3.36848e+14
3.99548e+13
1.88144e+14
1.07194e+14
3.57431e+14
8.08094e+12
1.41886e+14
0
0
3.11509e+13
2.03366e+13
0
0
0
0
0
0
0
0
0
0
0
0
0
0
0
0
0
0
1.11983e+14
7.15243e+13
9.40423e+13
1.3608e+14
1.48082e+14
2.52437e+13
2.0988e+13
3.59293e+13
4.14145e+13
7.18328e+13
3.56093e+13
3.08999e+13
1.9182e+14
6.81478e+13
4.89967e+14
5.60435e+14
1.61861e+14
1.80352e+14
9.65605e+14
3.35019e+14
4.4369e+13
1.37514e+12
5.18856e+13
1.51452e+14
4.85647e+13
6.79479e+13
3.79765e+14
5.64262e+13
3.24943e+11
3.38388e+11
5.57026e+13
3.84552e+13
3.92204e+11
2.02796e+11
2.7706e+14
2.45942e+12
1.36276e+11
3.18458e+10
2.72544e+10
3.2908e+10
1.30929e+10
5.19544e+09
3.26705e+11
1.07571e+10
6.98684e+10
1.45898e+11
1.69844e+13
7.61829e+11
7.50644e+13
4.88847e+13
1.76315e+14
6.8365e+13
2.138e+14
8.77124e+12
2.47848e+14
3.70292e+14
1.72536e+13
5.65393e+13
1.27273e+15
1.16339e+15
5.17041e+14
4.55186e+14
8.19506e+14
5.95092e+14
3.02494e+14
6.06912e+14
6.31708e+14
7.8845e+14
7.15217e+14
8.79352e+14
8.18007e+14
9.21753e+14
9.5921e+14
1.05168e+15
7.70333e+14
5.38101e+14
3.60691e+14
8.53442e+14
5.43437e+14
3.3039e+14
3.39751e+14
2.96031e+14
8.54411e+14
4.18187e+14
2.96107e+14
1.76536e+14
6.74177e+14
6.5635e+14
2.62446e+14
2.55601e+14
3.11783e+14
1.67298e+14
1.69924e+13
7.769e+11
9.68769e+13
9.90806e+13
4.1102e+13
1.99504e+13
2.98052e+12
2.69577e+13
1.1132e+14
2.86304e+12
0
0
0
0
0
0
0
0
0
0
0
0
0
0
0
0
0
0
0
0
3.31596e+13
4.14293e+13
6.85384e+13
5.99404e+13
6.03716e+13
1.69971e+14
1.44766e+13
0
2.35705e+14
2.37278e+14
1.33716e+14
1.55263e+14
5.66269e+14
5.11206e+14
4.93852e+14
2.62497e+14
6.99633e+14
7.39569e+14
9.85558e+14
7.35699e+14
1.58075e+15
2.60684e+15
2.56764e+15
3.28134e+15
1.01623e+16
1.69956e+16
6.56999e+17
2.978e+18
1.10615e+18
3.90857e+17
2.92694e+16
7.36953e+15
6.97433e+15
2.5451e+15
2.01935e+15
1.12542e+15
1.44645e+15
1.22269e+15
5.35033e+14
4.64928e+14
1.15754e+14
8.14987e+13
1.34984e+14
1.11821e+14
9.57807e+13
5.37503e+13
4.54379e+14
5.88018e+09
3.33705e+12
1.03383e+13
2.93477e+13
9.03181e+12
0
0
0
0
0
0
1.19004e+14
4.09661e+13
2.40839e+12
0
6.90696e+12
0
0
0
5.83329e+13
3.27462e+13
1.49855e+14
1.38748e+14
5.11047e+13
6.39321e+13
1.02835e+14
1.50395e+14
9.38949e+13
7.29482e+13
5.4703e+13
5.46757e+13
1.18809e+14
7.22013e+13
1.23171e+14
8.43658e+13
6.03776e+14
4.72146e+14
1.06229e+15
6.93599e+14
5.26068e+14
2.3082e+14
1.50028e+15
8.83202e+14
1.36495e+14
2.20582e+13
5.24699e+14
4.92561e+14
1.74332e+14
2.90312e+14
3.86392e+14
5.07082e+13
6.75282e+11
5.99363e+11
6.17659e+13
7.71165e+13
5.22029e+11
5.2545e+11
3.23437e+14
1.59758e+14
3.98499e+11
1.73202e+11
1.27314e+11
7.64069e+10
2.57996e+10
2.58218e+10
2.99946e+11
2.75057e+10
1.08821e+11
2.75451e+11
3.72558e+13
3.06649e+13
1.42994e+14
2.94327e+14
1.73222e+14
7.09945e+13
2.12246e+14
1.03887e+13
3.01505e+14
5.68023e+14
3.51903e+13
1.31785e+14
1.31741e+15
1.223e+15
7.84357e+14
6.81428e+14
8.81194e+14
6.61898e+14
3.32654e+14
7.0775e+14
7.08213e+14
1.02152e+15
8.47389e+14
9.02377e+14
8.41926e+14
9.82796e+14
1.04001e+15
1.2669e+15
1.00809e+15
6.66803e+14
4.17155e+14
1.25462e+15
4.68638e+14
4.18403e+14
5.29271e+14
5.60438e+14
1.08825e+15
5.46991e+14
6.91605e+14
2.90181e+14
7.4426e+14
1.10045e+15
4.45869e+14
2.91808e+14
4.85477e+14
4.31625e+14
1.18133e+14
2.1902e+14
1.07271e+14
1.40288e+14
7.24071e+13
1.04989e+14
1.61756e+12
2.8943e+13
1.00084e+14
1.87618e+13
0
0
0
0
0
0
0
0
0
0
0
0
1.47975e+08
0
5.61001e+12
1.65434e+13
3.37154e+13
6.09433e+12
8.13409e+10
0
6.58005e+13
7.38066e+13
1.45822e+14
1.36304e+12
2.24264e+14
1.47501e+14
4.82199e+14
1.68526e+14
4.30669e+14
1.87932e+14
5.12729e+14
7.29952e+14
1.16693e+15
1.21261e+15
1.30386e+15
8.01037e+14
1.49569e+15
1.02708e+15
1.78441e+15
1.88634e+15
2.73604e+15
2.74222e+15
6.03114e+15
7.0901e+15
2.06752e+16
2.98787e+16
1.02407e+18
3.80571e+18
1.10394e+18
5.51072e+17
1.00227e+17
3.95299e+16
2.47055e+16
1.3107e+16
1.07011e+16
4.2134e+15
5.26376e+15
2.42595e+15
1.11797e+15
5.56579e+14
5.04974e+14
4.01485e+14
2.24371e+15
5.85275e+14
2.20865e+14
2.13379e+14
1.83776e+14
1.25627e+14
4.40789e+14
5.00499e+13
1.43865e+14
9.15141e+13
1.42966e+14
5.53495e+13
9.4601e+13
9.46202e+13
4.62166e+13
1.27248e+14
4.46951e+12
1.27984e+13
2.90163e+13
3.42842e+13
3.5181e+13
2.07367e+13
2.05999e+14
1.25436e+14
9.32087e+13
1.42097e+14
7.43584e+12
1.50617e+13
3.54006e+14
2.42247e+14
1.42715e+14
1.43414e+14
1.87958e+10
2.93778e+10
9.14878e+13
5.86822e+13
4.75223e+14
2.71006e+14
3.24711e+14
2.66156e+14
7.2102e+14
7.46552e+14
1.5163e+15
9.29488e+14
7.51285e+14
2.93409e+14
1.82213e+15
1.41346e+15
1.82786e+14
6.67149e+13
9.63911e+14
9.44755e+14
1.82735e+14
2.82708e+14
3.93859e+14
4.41434e+13
9.15836e+11
9.8925e+11
6.80632e+13
7.06989e+13
7.45513e+11
6.89138e+11
3.1854e+14
1.65507e+14
5.26646e+11
3.74242e+11
2.96368e+11
2.95615e+11
4.43507e+10
2.58533e+10
2.74941e+11
4.42046e+10
3.70366e+13
9.58013e+13
5.85049e+13
1.2183e+14
1.5221e+14
2.88745e+14
1.69896e+14
7.37206e+13
2.10822e+14
1.22405e+13
5.45144e+14
6.6935e+14
3.55135e+14
5.07859e+14
1.5201e+15
1.51264e+15
8.94487e+14
8.55056e+14
1.08025e+15
7.66116e+14
4.2372e+14
7.85308e+14
7.06588e+14
1.21125e+15
1.02204e+15
1.1913e+15
1.18785e+15
1.14219e+15
1.52412e+15
1.6131e+15
1.36367e+15
1.01349e+15
4.58947e+14
1.42082e+15
7.3968e+14
4.33254e+14
5.32372e+14
7.31771e+14
1.25776e+15
5.87498e+14
1.09964e+15
5.32845e+14
7.96184e+14
1.19065e+15
6.76737e+14
9.02139e+14
9.72054e+14
6.64164e+14
2.88317e+14
2.98421e+14
1.34138e+14
1.43998e+14
2.18127e+14
1.16693e+14
1.10001e+14
1.05172e+14
8.84017e+13
4.01904e+13
0
0
0
0
0
0
0
0
0
0
1.00408e+09
2.65982e+09
3.88242e+09
1.3962e+09
8.78045e+13
9.13502e+13
2.07381e+13
5.61544e+13
2.72906e+11
1.93181e+10
1.46981e+14
1.17396e+14
4.18695e+14
1.7435e+14
6.42483e+14
3.7269e+14
6.4183e+14
5.5366e+14
4.425e+14
2.60406e+14
1.00471e+15
6.91181e+14
2.18716e+15
1.62972e+15
2.64069e+15
2.06692e+15
2.02745e+15
2.05065e+15
3.52834e+15
3.22373e+15
6.541e+15
6.2334e+15
1.43451e+16
1.5356e+16
5.27348e+16
6.74903e+16
1.6609e+18
4.49809e+18
1.06173e+18
6.67498e+17
1.97501e+17
1.02108e+17
6.52321e+16
3.27844e+16
2.60825e+16
1.51171e+16
1.29636e+16
6.13059e+15
2.90984e+15
2.5913e+15
4.0059e+15
9.72528e+14
3.66647e+15
1.20201e+15
1.21786e+15
2.00206e+14
8.94988e+14
5.31072e+14
5.17145e+14
3.46101e+14
9.44163e+14
2.64544e+14
3.90195e+14
1.08543e+14
7.06573e+13
4.31324e+13
2.02044e+14
8.43854e+13
8.20975e+13
4.80135e+13
2.71425e+14
1.60877e+14
1.13879e+14
2.14251e+14
5.62716e+12
1.34009e+13
9.38615e+13
4.61953e+13
3.95239e+14
3.49571e+14
2.01539e+14
1.99532e+14
2.05279e+13
1.09657e+13
4.90591e+14
5.39773e+14
2.63484e+14
1.99202e+14
7.65886e+14
5.38693e+14
5.71099e+14
5.99833e+14
1.13502e+15
9.94288e+14
1.93328e+15
9.6786e+14
9.23024e+14
4.50971e+14
2.16958e+15
1.45556e+15
3.06105e+14
7.9837e+13
1.11863e+15
1.09241e+15
1.91906e+14
2.74918e+14
4.01547e+14
3.74316e+13
1.18664e+12
1.57319e+12
7.60634e+13
6.41515e+13
1.6138e+14
1.40974e+14
3.15628e+14
1.71826e+14
8.54393e+11
5.95534e+11
4.04361e+11
6.22082e+11
2.38163e+11
3.90885e+10
2.66371e+11
7.42125e+10
3.29314e+13
2.00676e+14
6.36818e+13
1.25076e+14
3.16564e+14
4.57613e+14
1.66542e+14
7.70282e+13
3.02289e+14
2.3871e+13
6.88926e+14
6.05931e+14
4.6839e+14
5.85051e+14
1.76447e+15
1.75253e+15
1.37596e+15
1.23888e+15
1.35302e+15
7.82894e+14
5.55045e+14
1.12268e+15
7.34919e+14
1.20221e+15
1.03688e+15
1.38448e+15
1.48945e+15
1.548e+15
1.68168e+15
1.4698e+15
1.88082e+15
1.11963e+15
7.29762e+14
1.61533e+15
1.28407e+15
8.47749e+14
6.06981e+14
8.19903e+14
1.56436e+15
1.00624e+15
1.22611e+15
1.20821e+15
1.2265e+15
1.572e+15
7.40413e+14
1.59978e+15
1.33763e+15
1.09745e+15
6.93112e+14
4.95095e+14
4.0015e+14
3.09943e+14
2.91786e+14
1.06876e+14
2.31243e+14
1.59926e+14
1.4286e+14
6.72936e+13
0
0
0
0
4.0232e+13
0
0
0
8.14423e+08
1.95997e+09
7.80269e+09
5.63773e+09
2.98397e+13
0
1.91039e+14
2.5362e+14
2.01146e+14
1.2968e+14
2.17709e+14
1.77986e+14
1.61852e+14
2.64341e+14
8.64446e+14
6.83894e+14
1.11331e+15
9.72646e+14
1.22178e+15
1.01064e+15
6.78057e+14
1.01767e+15
2.66521e+15
1.70755e+15
3.50831e+15
2.43301e+15
6.76481e+15
5.20422e+15
5.78777e+15
4.06629e+15
7.63083e+15
6.32171e+15
2.00273e+16
1.4195e+16
5.12731e+16
4.1435e+16
1.37605e+17
1.86542e+17
2.452e+18
5.20891e+18
9.86878e+17
7.38408e+17
2.9693e+17
1.84368e+17
1.20953e+17
7.12378e+16
4.86357e+16
3.29552e+16
1.96959e+16
1.13784e+16
9.89085e+15
1.30778e+16
5.11972e+15
6.35894e+15
2.1529e+15
2.02263e+15
3.63279e+15
2.32593e+15
5.47838e+15
5.00389e+15
3.24325e+15
2.54667e+15
6.62676e+14
4.78988e+14
6.85502e+14
8.18801e+14
1.67516e+15
2.86401e+14
2.88366e+14
2.96229e+14
4.14685e+14
3.62552e+14
2.96713e+14
2.36442e+14
5.94187e+14
1.69419e+14
2.13986e+14
1.75926e+14
3.25247e+14
3.73334e+14
1.80495e+14
1.96558e+14
1.48461e+14
8.71306e+13
7.93303e+14
5.77914e+14
1.15802e+15
8.23039e+14
4.04869e+14
4.50899e+14
1.30381e+15
9.31837e+14
7.2058e+14
6.79427e+14
1.56482e+15
1.65173e+15
1.84746e+15
1.32435e+15
1.59101e+15
9.1559e+14
2.42403e+15
1.6129e+15
4.08142e+14
8.30594e+13
1.15354e+15
1.06261e+15
2.01686e+14
2.66824e+14
4.09745e+14
3.01948e+13
1.92632e+12
2.30305e+12
1.13889e+14
8.38859e+13
1.55485e+14
6.34258e+14
3.79849e+14
2.54556e+14
1.33515e+12
1.07192e+12
5.43057e+11
7.83412e+11
4.90718e+11
9.64123e+10
1.08215e+13
3.2068e+13
2.93619e+13
1.98697e+14
6.26076e+13
1.60235e+14
3.49775e+14
6.90208e+14
1.72405e+14
8.00601e+13
2.96641e+14
8.15709e+13
6.70735e+14
5.17302e+14
6.6959e+14
6.3387e+14
1.81507e+15
1.80586e+15
1.4526e+15
1.6255e+15
1.41634e+15
8.83746e+14
6.67651e+14
1.20939e+15
1.15832e+15
1.36495e+15
1.39133e+15
1.58935e+15
1.66518e+15
1.90247e+15
1.9265e+15
1.42214e+15
2.27375e+15
1.26189e+15
1.19099e+15
1.8774e+15
1.41913e+15
8.89736e+14
1.02024e+15
1.5099e+15
2.05079e+15
1.34635e+15
1.28604e+15
1.43126e+15
1.54636e+15
2.4056e+15
1.29043e+15
1.5135e+15
3.13874e+15
1.55537e+15
1.62487e+15
8.84711e+14
1.04755e+15
9.43017e+14
7.37964e+14
2.97553e+14
3.30911e+14
2.59817e+14
1.87114e+14
1.13844e+14
0
0
6.88002e+13
1.18735e+14
2.94716e+14
2.15697e+13
5.78964e+13
3.17937e+13
5.97442e+13
5.46679e+09
9.41486e+13
4.18904e+14
5.01955e+14
1.25548e+14
2.61398e+14
5.82521e+14
3.1261e+14
1.81697e+14
5.66346e+14
3.83214e+14
3.4415e+14
4.38179e+14
1.54032e+15
2.13651e+15
1.31233e+15
1.3129e+15
3.22265e+15
1.73672e+15
3.78328e+15
4.37742e+15
7.34705e+15
5.17709e+15
8.62618e+15
6.36029e+15
2.0079e+16
1.58835e+16
2.2082e+16
1.35016e+16
3.81624e+16
2.72093e+16
6.78167e+16
5.79047e+16
1.23294e+17
1.15294e+17
3.42511e+17
4.77229e+17
3.3327e+18
5.62897e+18
8.66539e+17
7.5961e+17
3.63615e+17
2.49186e+17
1.43512e+17
1.0409e+17
8.12054e+16
4.99006e+16
3.93168e+16
2.00901e+16
2.0363e+16
1.68431e+16
1.30135e+16
1.03276e+16
8.54762e+15
6.4243e+15
1.28937e+16
1.02801e+16
6.5184e+15
7.02299e+15
2.05512e+15
1.36447e+15
3.78535e+15
2.13267e+15
2.19026e+15
2.60468e+15
1.60365e+15
1.47427e+15
1.92716e+15
1.51745e+15
1.18773e+15
7.41824e+14
7.25091e+14
7.41073e+14
3.03575e+14
2.01741e+14
7.51005e+14
7.41287e+14
3.73038e+14
2.79626e+14
2.42317e+14
2.38735e+14
6.56313e+14
7.52758e+14
1.62094e+15
1.20136e+15
9.74428e+14
3.25568e+14
5.60756e+14
4.70087e+14
2.03875e+15
1.48446e+15
1.93865e+15
1.64113e+15
2.03785e+15
1.99131e+15
2.55107e+15
1.50888e+15
2.56654e+15
1.84661e+15
2.70779e+15
2.38779e+15
6.84298e+14
1.19414e+14
1.19069e+15
1.03162e+15
2.12196e+14
3.04536e+14
3.73754e+14
2.25306e+13
2.62713e+12
2.38169e+12
1.2196e+14
7.69938e+13
3.32801e+14
6.8231e+14
3.92576e+14
3.35578e+14
5.18877e+14
7.65356e+13
6.2081e+13
1.21947e+12
6.30439e+12
2.34966e+11
1.42555e+13
1.92738e+14
4.86491e+13
2.00848e+14
1.21054e+14
1.60919e+14
3.90529e+14
7.03336e+14
4.43067e+14
1.14235e+14
2.91653e+14
8.66333e+13
6.76528e+14
3.65331e+14
1.00486e+15
8.44279e+14
2.32933e+15
2.22025e+15
1.50347e+15
1.79227e+15
1.58284e+15
9.03096e+14
7.83488e+14
1.27461e+15
1.39313e+15
1.55245e+15
2.05848e+15
2.18618e+15
1.746e+15
1.90884e+15
2.46343e+15
1.56473e+15
3.18068e+15
1.40082e+15
1.46647e+15
2.1232e+15
1.90027e+15
1.18276e+15
1.18052e+15
2.0497e+15
2.83196e+15
2.09101e+15
1.32402e+15
1.78222e+15
2.32829e+15
3.44537e+15
1.95703e+15
2.20733e+15
3.74431e+15
2.22358e+15
2.23425e+15
1.26244e+15
1.52974e+15
1.35963e+15
1.73269e+15
6.07887e+14
7.75615e+14
4.8258e+14
2.33089e+14
3.137e+14
1.63843e+10
0
2.53016e+14
3.38636e+14
2.60464e+14
8.12703e+13
4.18771e+14
1.6896e+14
1.84009e+14
2.23544e+14
1.35548e+15
7.25287e+14
7.78542e+14
1.3836e+15
8.32627e+14
8.38071e+14
1.51873e+15
4.42233e+14
1.35396e+15
1.07615e+15
1.65452e+15
1.86475e+15
4.97627e+15
2.725e+15
2.78085e+15
3.57707e+15
8.71809e+15
5.41485e+15
1.47619e+16
1.37826e+16
2.30547e+16
1.61197e+16
2.50326e+16
2.49294e+16
3.87659e+16
3.36608e+16
5.58324e+16
4.32383e+16
9.9295e+16
9.35182e+16
1.68755e+17
1.70925e+17
2.84249e+17
2.65889e+17
6.72385e+17
9.96805e+17
4.04613e+18
5.67923e+18
7.61646e+17
6.76085e+17
3.88722e+17
3.0076e+17
1.88726e+17
1.46177e+17
8.2322e+16
6.01326e+16
5.55495e+16
4.33256e+16
2.79299e+16
2.58255e+16
1.87726e+16
1.47217e+16
1.915e+16
1.70304e+16
1.45136e+16
9.50008e+15
8.61843e+15
5.06733e+15
4.47941e+15
3.87482e+15
1.3753e+15
1.2364e+15
4.46235e+15
3.14882e+15
3.20883e+15
2.68214e+15
3.82341e+15
2.90959e+15
2.08583e+15
7.38463e+14
1.93364e+14
1.03623e+14
9.39423e+14
7.87783e+14
5.43714e+14
5.86964e+14
6.57632e+14
3.77854e+14
8.70524e+14
7.75531e+14
2.12216e+15
1.93011e+15
3.25733e+15
3.22589e+15
4.57538e+14
4.48758e+14
2.00347e+15
1.58645e+15
3.55568e+15
2.24164e+15
3.0599e+15
2.21487e+15
2.97668e+15
3.074e+15
3.94274e+15
2.23494e+15
2.76963e+15
2.6599e+15
2.86354e+15
2.76164e+15
6.72069e+14
3.76002e+14
1.22906e+15
9.99804e+14
2.23127e+14
3.13918e+14
3.94712e+14
2.10347e+13
3.29176e+12
3.13255e+12
1.29534e+14
7.01297e+13
3.06047e+14
8.33509e+14
3.91102e+14
4.39986e+14
7.29359e+14
3.72939e+14
1.12271e+14
1.26858e+14
9.0483e+13
2.50691e+13
5.5132e+13
1.90874e+14
7.25646e+13
3.73837e+14
1.08244e+14
1.64117e+14
4.33776e+14
7.1855e+14
9.99721e+14
3.29115e+14
4.44539e+14
9.17303e+13
9.62746e+14
7.22508e+14
1.09174e+15
9.95242e+14
3.16197e+15
2.86288e+15
1.75322e+15
2.07731e+15
1.73321e+15
1.3145e+15
1.09676e+15
1.35301e+15
1.67288e+15
1.68019e+15
2.51842e+15
2.52663e+15
1.89471e+15
2.15275e+15
2.88011e+15
1.81911e+15
3.17958e+15
1.80033e+15
1.72523e+15
2.18538e+15
1.93782e+15
2.20986e+15
1.89398e+15
2.29639e+15
3.14461e+15
2.46707e+15
1.64885e+15
1.84145e+15
2.7269e+15
3.74489e+15
3.20595e+15
3.27562e+15
4.53487e+15
3.12376e+15
3.46008e+15
2.96948e+15
2.0009e+15
1.96543e+15
2.8762e+15
1.9379e+15
2.48448e+15
1.14535e+15
1.16685e+15
8.56432e+14
4.76291e+14
1.72449e+14
3.93967e+14
7.04878e+14
8.09754e+14
5.82406e+14
1.41511e+15
1.00526e+15
9.36019e+14
5.3503e+14
2.25631e+15
2.19277e+15
3.35796e+15
1.65947e+15
3.3685e+15
1.81673e+15
2.34847e+15
1.56166e+15
3.32176e+15
4.49477e+15
6.95383e+15
5.12905e+15
1.04297e+16
7.70075e+15
1.18187e+16
9.82396e+15
2.46358e+16
1.82309e+16
3.4211e+16
3.76394e+16
4.94018e+16
4.44087e+16
5.58316e+16
5.72903e+16
8.65391e+16
7.81325e+16
1.13154e+17
1.1165e+17
1.90899e+17
1.92622e+17
3.28641e+17
3.39206e+17
5.4378e+17
5.15532e+17
1.21733e+18
1.62226e+18
4.50084e+18
5.47429e+18
6.98199e+17
6.4707e+17
3.39247e+17
2.79412e+17
1.72685e+17
1.27158e+17
9.85766e+16
7.50794e+16
5.02925e+16
4.22746e+16
2.57467e+16
2.88667e+16
3.76172e+16
2.67506e+16
2.02985e+16
2.03101e+16
1.29548e+16
1.22037e+16
1.10498e+16
7.06154e+15
2.52354e+15
1.80458e+15
6.36139e+15
3.95824e+15
1.2456e+16
6.51523e+15
9.80911e+15
6.1778e+15
3.5553e+15
3.12826e+15
2.70975e+15
1.72183e+15
1.37277e+15
1.29852e+15
1.40173e+15
7.69312e+14
1.48141e+15
1.18401e+15
2.67328e+15
1.431e+15
4.6613e+15
4.30747e+15
3.21214e+15
3.21278e+15
1.30828e+15
9.99512e+14
1.95959e+15
3.00906e+15
4.60894e+15
4.31752e+15
5.6718e+15
4.2347e+15
4.59713e+15
2.96376e+15
4.39779e+15
4.12416e+15
4.74997e+15
3.06917e+15
3.72985e+15
3.40537e+15
3.93204e+15
4.67425e+15
7.13609e+14
8.19493e+14
1.32621e+15
9.67124e+14
2.35909e+14
3.96977e+14
3.0736e+14
1.2695e+13
3.90747e+12
3.60741e+12
1.37115e+14
6.38766e+13
2.79187e+14
8.64917e+14
6.13769e+14
4.46197e+14
9.79539e+14
8.92493e+14
1.23419e+14
1.46666e+14
8.89744e+13
2.56318e+13
8.60986e+13
2.63911e+14
2.09852e+14
4.6308e+14
2.94964e+14
2.46643e+14
6.76736e+14
9.00624e+14
9.92222e+14
3.35691e+14
1.08067e+15
4.30554e+14
1.35203e+15
1.30985e+15
1.69181e+15
1.5118e+15
3.52715e+15
3.02872e+15
1.83989e+15
2.11255e+15
1.92485e+15
1.46584e+15
1.62139e+15
1.65696e+15
1.89901e+15
2.15758e+15
2.56568e+15
2.48276e+15
2.87372e+15
2.47624e+15
2.89959e+15
1.97102e+15
3.29765e+15
1.79846e+15
1.84556e+15
2.36581e+15
2.08636e+15
2.31896e+15
1.99619e+15
3.69583e+15
3.7432e+15
2.6719e+15
1.93457e+15
2.08544e+15
2.7123e+15
4.08338e+15
5.12614e+15
4.17213e+15
5.78867e+15
4.48234e+15
5.4911e+15
4.06291e+15
3.5752e+15
2.77547e+15
4.88062e+15
4.1708e+15
9.01905e+15
4.23794e+15
3.75757e+15
2.30026e+15
4.04554e+15
1.43421e+15
1.90207e+15
1.5922e+15
2.81466e+15
2.16557e+15
1.58139e+15
2.01118e+15
3.94808e+15
2.57931e+15
4.75417e+15
3.68341e+15
5.04743e+15
5.29894e+15
5.74302e+15
3.12595e+15
7.69615e+15
7.80982e+15
1.48792e+16
1.17471e+16
1.93587e+16
1.72014e+16
2.01972e+16
1.8079e+16
2.05998e+16
2.49339e+16
5.57328e+16
3.78905e+16
6.66695e+16
6.13023e+16
8.76655e+16
8.37908e+16
1.17257e+17
1.03632e+17
1.52157e+17
1.57757e+17
2.29875e+17
1.94754e+17
3.36589e+17
3.32824e+17
5.01158e+17
5.22053e+17
8.89695e+17
8.94709e+17
1.83732e+18
2.297e+18
4.77768e+18
5.52412e+18
5.55852e+17
5.57245e+17
3.67762e+17
2.54882e+17
1.7034e+17
1.74578e+17
8.49412e+16
9.62965e+16
5.92812e+16
4.53686e+16
3.894e+16
5.1411e+16
2.35912e+16
2.54369e+16
1.78509e+16
1.99335e+16
1.76277e+16
1.92862e+16
1.4993e+16
1.04942e+16
1.1255e+16
1.3691e+16
9.07258e+15
1.23991e+16
1.13643e+16
8.93775e+15
5.02083e+15
4.89846e+15
4.78247e+15
4.44656e+15
2.1183e+15
2.29779e+15
2.78328e+15
2.27941e+15
3.23896e+15
4.03507e+15
5.46632e+15
4.79195e+15
6.22655e+15
5.66181e+15
5.06856e+15
4.55855e+15
3.00838e+15
2.376e+15
2.70544e+15
2.64727e+15
5.08833e+15
5.40537e+15
7.56081e+15
7.14486e+15
5.70933e+15
4.97199e+15
6.44259e+15
3.8179e+15
5.74287e+15
6.1773e+15
5.64471e+15
4.23714e+15
4.62627e+15
4.16259e+15
4.208e+15
5.28328e+15
1.48152e+15
2.69458e+15
1.28777e+15
9.88972e+14
2.69638e+14
6.4562e+14
4.28952e+13
6.68899e+12
4.86632e+12
4.26941e+12
1.44448e+14
5.79056e+13
2.60194e+14
8.95682e+14
6.15689e+14
5.08298e+14
1.09727e+15
1.3175e+15
2.1717e+14
2.8916e+14
2.18891e+14
2.49586e+14
1.57638e+14
3.2922e+14
4.67475e+14
8.22919e+14
7.83163e+14
5.76139e+14
9.51215e+14
9.09334e+14
1.07273e+15
3.4206e+14
9.94455e+14
7.60995e+14
1.63073e+15
1.68741e+15
2.87007e+15
2.39028e+15
3.68624e+15
3.12602e+15
1.83057e+15
2.21896e+15
1.96684e+15
2.08629e+15
1.79922e+15
2.4503e+15
2.00153e+15
3.16298e+15
2.97833e+15
2.42435e+15
3.0086e+15
2.60619e+15
3.13949e+15
2.01e+15
3.2985e+15
1.90044e+15
1.99851e+15
2.56612e+15
2.08686e+15
2.34413e+15
2.0076e+15
4.2144e+15
4.3059e+15
3.14257e+15
2.55911e+15
3.25818e+15
2.79935e+15
4.02233e+15
6.25052e+15
4.44338e+15
7.26825e+15
5.50793e+15
6.6844e+15
6.03067e+15
6.35714e+15
5.92543e+15
7.31689e+15
7.49288e+15
2.2563e+16
1.83455e+16
1.6052e+16
9.97529e+15
6.86e+15
7.65952e+15
7.69318e+15
6.10741e+15
6.77948e+15
7.8133e+15
4.4487e+15
3.73779e+15
8.20209e+15
7.40966e+15
1.13823e+16
6.67509e+15
1.06945e+16
1.05683e+16
1.37659e+16
6.20455e+15
1.96816e+16
1.67644e+16
2.4295e+16
2.90021e+16
4.17725e+16
3.64375e+16
4.55197e+16
4.58919e+16
4.62657e+16
5.33043e+16
8.85523e+16
8.84824e+16
1.25124e+17
1.04615e+17
1.36415e+17
1.19656e+17
1.89824e+17
1.79785e+17
2.57339e+17
2.42056e+17
3.37226e+17
3.46427e+17
5.17332e+17
5.22905e+17
7.1364e+17
7.56279e+17
1.26944e+18
1.40689e+18
2.36849e+18
2.9258e+18
4.71601e+18
5.31233e+18
5.13955e+17
5.26632e+17
2.93623e+17
2.26283e+17
1.49996e+17
1.33675e+17
8.05993e+16
7.34245e+16
5.32312e+16
4.24152e+16
3.79534e+16
4.25683e+16
3.77164e+16
2.87909e+16
1.91837e+16
2.2815e+16
1.53116e+16
1.65893e+16
1.32575e+16
1.25161e+16
1.39152e+16
1.04861e+16
9.58362e+15
9.77289e+15
1.10959e+16
7.13819e+15
6.50353e+15
5.83496e+15
2.94224e+15
2.61984e+15
3.97095e+15
3.41482e+15
4.54843e+15
3.68129e+15
6.23351e+15
5.50084e+15
5.35089e+15
5.10307e+15
9.39826e+15
6.31315e+15
4.24937e+15
3.89126e+15
4.13704e+15
3.42565e+15
7.54417e+15
6.42758e+15
7.35582e+15
7.72427e+15
9.08096e+15
9.19859e+15
7.24382e+15
8.2418e+15
6.7931e+15
5.61374e+15
6.51569e+15
8.40258e+15
5.35777e+15
4.78005e+15
5.73647e+15
5.24865e+15
4.23582e+15
5.50549e+15
2.49518e+15
3.76566e+15
1.52627e+15
9.34974e+14
3.91907e+14
7.18838e+14
1.22382e+13
6.16096e+12
1.51315e+14
1.19688e+14
1.5228e+14
5.18166e+13
3.03808e+14
1.07658e+15
6.49763e+14
5.41844e+14
1.33231e+15
1.60554e+15
2.47095e+14
3.1027e+14
7.94013e+14
7.04236e+14
2.9588e+14
7.12552e+14
1.02664e+15
8.9638e+14
8.93382e+14
5.53637e+14
1.1332e+15
9.35926e+14
1.09212e+15
3.48804e+14
1.21006e+15
8.63899e+14
1.61102e+15
1.74223e+15
3.17962e+15
2.77374e+15
3.88127e+15
3.31068e+15
1.83832e+15
2.22178e+15
2.22581e+15
2.01533e+15
3.32527e+15
2.45335e+15
2.04341e+15
3.35551e+15
3.32733e+15
2.83613e+15
2.92137e+15
3.10369e+15
3.43668e+15
2.50622e+15
3.28349e+15
2.00672e+15
2.19765e+15
3.01557e+15
2.06936e+15
2.39171e+15
2.30412e+15
5.02793e+15
4.47956e+15
4.15719e+15
2.62621e+15
3.14566e+15
3.54128e+15
4.98159e+15
8.24904e+15
6.31076e+15
7.4878e+15
6.71487e+15
9.07647e+15
7.42884e+15
8.93376e+15
8.88503e+15
1.31427e+16
1.21122e+16
3.46097e+16
4.51338e+16
4.92778e+16
3.28894e+16
3.51774e+16
2.13122e+16
2.92548e+16
1.55497e+16
1.73781e+16
1.93227e+16
2.34057e+16
1.35216e+16
2.17372e+16
2.6227e+16
2.13019e+16
1.36295e+16
2.18173e+16
2.42094e+16
3.54369e+16
1.84367e+16
3.41083e+16
3.15526e+16
5.06244e+16
4.9352e+16
7.29767e+16
6.50525e+16
9.1009e+16
8.19135e+16
1.0351e+17
9.56419e+16
1.46528e+17
1.37021e+17
1.89317e+17
1.70988e+17
2.08454e+17
1.84741e+17
2.55558e+17
2.81927e+17
4.1529e+17
3.52618e+17
4.95478e+17
4.98287e+17
6.9906e+17
7.36924e+17
9.9015e+17
1.07107e+18
1.57239e+18
1.73277e+18
2.77806e+18
3.29171e+18
4.93439e+18
5.24439e+18
4.34168e+17
4.33144e+17
2.3711e+17
2.14256e+17
1.47075e+17
1.48751e+17
9.66373e+16
9.31902e+16
6.1809e+16
5.02977e+16
5.65946e+16
5.34535e+16
4.12831e+16
2.6106e+16
2.72033e+16
2.34004e+16
2.08008e+16
1.88262e+16
1.90089e+16
1.81597e+16
7.90454e+15
5.79248e+15
1.4313e+16
1.37052e+16
9.60389e+15
7.42246e+15
7.8899e+15
3.69452e+15
6.22542e+15
5.14516e+15
8.93434e+15
6.1632e+15
9.65277e+15
7.89369e+15
5.54446e+15
5.62716e+15
5.88826e+15
7.64372e+15
1.23857e+16
7.51866e+15
8.24623e+15
6.69072e+15
1.08059e+16
1.06663e+16
1.00215e+16
9.44441e+15
8.92017e+15
9.40472e+15
1.22845e+16
9.64269e+15
8.72347e+15
1.08554e+16
8.75262e+15
8.53373e+15
9.58149e+15
9.91769e+15
5.55633e+15
5.67979e+15
7.08221e+15
6.81612e+15
5.24871e+15
5.48903e+15
3.36095e+15
4.21385e+15
2.53184e+15
1.51872e+15
9.80292e+14
8.34979e+14
6.34322e+12
6.81948e+12
1.70397e+14
4.36986e+14
1.59288e+14
4.70425e+13
4.14833e+14
1.16456e+15
9.06211e+14
7.93813e+14
1.29924e+15
2.11004e+15
4.13927e+14
6.49257e+14
1.37781e+15
1.20231e+15
8.19875e+14
1.24995e+15
1.31827e+15
1.46459e+15
1.01466e+15
5.77034e+14
1.17807e+15
9.6766e+14
1.08735e+15
3.54281e+14
1.26791e+15
1.3345e+15
1.94168e+15
2.05605e+15
3.15249e+15
2.83369e+15
3.9084e+15
3.31828e+15
1.96433e+15
2.23049e+15
2.6891e+15
2.29942e+15
3.28724e+15
2.7002e+15
2.03682e+15
3.45247e+15
3.88704e+15
3.15062e+15
3.13398e+15
3.44391e+15
3.23038e+15
2.72634e+15
3.16279e+15
2.11333e+15
3.68527e+15
3.74598e+15
2.17003e+15
2.51685e+15
2.68662e+15
6.3111e+15
6.28781e+15
5.01442e+15
2.93116e+15
3.35381e+15
4.7307e+15
6.95546e+15
1.16006e+16
6.63904e+15
8.20401e+15
8.34861e+15
1.19586e+16
1.04742e+16
1.27766e+16
1.33154e+16
1.70204e+16
1.7835e+16
3.71038e+16
7.13339e+16
1.02611e+17
7.58274e+16
7.52915e+16
7.38398e+16
6.78198e+16
6.08005e+16
6.5722e+16
3.89568e+16
6.08208e+16
5.06735e+16
6.26959e+16
4.63158e+16
5.12954e+16
3.6014e+16
4.74269e+16
5.13062e+16
6.52121e+16
4.75685e+16
8.17132e+16
5.95185e+16
6.88862e+16
7.58383e+16
1.00428e+17
1.10554e+17
1.45606e+17
1.25046e+17
1.50254e+17
1.30552e+17
2.21783e+17
1.97163e+17
2.44097e+17
2.44591e+17
3.15866e+17
2.75562e+17
3.40907e+17
3.70455e+17
5.28727e+17
5.49253e+17
7.06968e+17
6.65631e+17
8.77129e+17
9.35872e+17
1.25589e+18
1.35602e+18
1.92846e+18
2.13125e+18
3.17832e+18
3.62273e+18
4.81174e+18
5.26902e+18
3.65098e+17
3.58161e+17
1.75165e+17
1.73013e+17
1.13174e+17
1.09773e+17
8.76207e+16
6.10201e+16
6.32954e+16
4.79117e+16
5.09319e+16
6.34507e+16
2.23594e+16
2.39584e+16
2.77614e+16
3.09835e+16
1.60275e+16
2.13085e+16
1.2493e+16
1.03273e+16
1.37631e+16
1.21738e+16
1.54698e+16
1.53674e+16
1.34491e+16
9.93849e+15
1.28522e+16
1.23233e+16
1.28282e+16
9.97445e+15
1.30133e+16
1.40803e+16
8.78594e+15
7.24178e+15
5.90638e+15
5.41876e+15
1.30453e+16
1.48544e+16
1.03567e+16
1.06621e+16
1.41919e+16
1.14018e+16
1.37131e+16
1.37066e+16
8.2961e+15
9.31163e+15
1.42136e+16
1.34259e+16
1.53699e+16
1.0339e+16
1.25256e+16
1.35791e+16
1.09586e+16
1.29659e+16
1.27567e+16
1.18076e+16
8.27557e+15
7.75728e+15
7.82673e+15
6.99906e+15
6.69274e+15
5.69938e+15
6.24638e+15
4.12089e+15
2.8022e+15
3.14404e+15
7.82939e+14
1.19215e+15
7.93217e+12
7.84525e+12
1.88038e+14
4.22991e+14
1.66474e+14
4.31631e+13
3.78818e+14
1.20892e+15
9.08145e+14
8.50499e+14
1.27325e+15
2.35084e+15
3.66327e+14
7.13432e+14
1.54246e+15
1.51706e+15
1.77663e+15
2.23691e+15
1.37583e+15
1.98139e+15
1.51399e+15
7.99356e+14
1.27369e+15
9.84958e+14
1.28603e+15
7.05912e+14
1.28183e+15
2.05122e+15
2.08919e+15
2.31613e+15
3.06274e+15
2.9115e+15
4.20902e+15
3.80835e+15
1.96772e+15
2.23165e+15
2.87234e+15
2.68121e+15
3.80675e+15
3.13722e+15
2.03688e+15
3.46275e+15
3.93218e+15
3.63389e+15
3.06676e+15
3.6442e+15
3.17767e+15
2.79142e+15
3.18685e+15
2.33424e+15
4.57189e+15
3.56854e+15
2.49223e+15
2.78291e+15
3.80332e+15
5.0171e+15
9.52052e+15
5.60483e+15
3.91354e+15
4.00536e+15
6.34128e+15
9.1156e+15
1.56252e+16
1.01419e+16
1.0596e+16
1.02834e+16
1.41124e+16
1.50142e+16
1.64466e+16
1.87178e+16
1.86899e+16
2.41071e+16
4.60946e+16
6.78012e+16
1.75739e+17
1.42982e+17
1.54927e+17
1.10649e+17
1.64224e+17
1.02443e+17
1.35227e+17
1.15396e+17
1.29009e+17
9.31103e+16
1.17636e+17
1.12747e+17
1.07212e+17
8.60912e+16
1.09514e+17
8.26669e+16
1.17018e+17
8.94427e+16
1.22357e+17
1.20326e+17
1.79304e+17
1.22521e+17
1.43711e+17
1.52981e+17
2.23761e+17
2.05738e+17
2.27412e+17
2.15916e+17
3.09012e+17
2.93025e+17
3.41676e+17
3.25605e+17
4.19471e+17
3.71478e+17
5.06737e+17
4.62825e+17
6.68955e+17
6.9616e+17
8.79908e+17
8.59066e+17
1.11444e+18
1.14959e+18
1.43495e+18
1.64642e+18
2.28521e+18
2.51922e+18
3.50088e+18
3.90455e+18
4.85706e+18
5.25524e+18
2.86586e+17
3.42072e+17
1.80166e+17
1.39843e+17
1.1996e+17
1.04678e+17
7.7195e+16
8.32072e+16
6.4122e+16
5.65325e+16
7.71315e+16
5.54647e+16
3.01219e+16
2.58321e+16
2.64635e+16
2.4277e+16
1.82713e+16
2.08816e+16
1.23614e+16
1.58275e+16
1.55448e+16
1.25252e+16
2.73381e+16
2.42551e+16
1.77109e+16
1.95643e+16
1.20801e+16
1.41588e+16
1.341e+16
1.10902e+16
1.4191e+16
1.32561e+16
1.26869e+16
9.95573e+15
1.66113e+16
1.6189e+16
1.37537e+16
1.4484e+16
1.94452e+16
1.69332e+16
1.71569e+16
1.59299e+16
7.56149e+15
7.40413e+15
1.89099e+16
1.93391e+16
2.06938e+16
1.90901e+16
1.36985e+16
1.31032e+16
1.47126e+16
1.31283e+16
1.63032e+16
1.71872e+16
1.35915e+16
1.38577e+16
9.56441e+15
9.30649e+15
9.58818e+15
7.52314e+15
8.72195e+15
7.86479e+15
6.40369e+15
4.82658e+15
3.07386e+15
2.92068e+15
3.55016e+15
2.04467e+15
8.40021e+12
8.46478e+12
2.03097e+14
4.12191e+14
1.72733e+14
3.91975e+13
9.63024e+14
1.27654e+15
9.02757e+14
9.817e+14
1.25031e+15
1.94155e+15
7.60128e+14
7.75173e+14
1.8552e+15
1.29665e+15
1.83399e+15
2.42902e+15
1.43174e+15
2.0306e+15
1.65166e+15
1.00301e+15
1.29829e+15
1.01383e+15
1.62054e+15
7.46885e+14
1.20603e+15
2.23082e+15
2.12367e+15
2.74652e+15
3.15723e+15
2.97778e+15
4.63613e+15
4.82237e+15
2.21539e+15
2.33902e+15
3.10745e+15
2.6677e+15
3.73643e+15
3.26875e+15
2.0287e+15
3.46591e+15
4.88738e+15
4.28668e+15
3.07998e+15
3.63062e+15
3.28884e+15
3.05586e+15
3.1117e+15
3.12229e+15
3.89968e+15
3.84004e+15
4.40391e+15
3.78998e+15
3.8862e+15
5.17863e+15
1.28754e+16
6.21107e+15
4.1761e+15
5.62583e+15
8.5739e+15
1.25179e+16
1.52479e+16
1.20182e+16
1.02742e+16
1.22857e+16
1.40528e+16
1.83893e+16
1.70278e+16
2.19657e+16
2.12257e+16
2.36349e+16
5.31891e+16
6.7028e+16
1.93738e+17
2.09588e+17
2.12088e+17
1.94128e+17
2.27655e+17
2.11729e+17
1.89078e+17
1.82819e+17
2.15074e+17
1.81065e+17
2.17475e+17
1.49618e+17
2.01416e+17
1.61968e+17
1.99545e+17
1.80361e+17
2.41972e+17
1.69587e+17
2.08266e+17
2.10103e+17
2.47292e+17
2.62417e+17
2.653e+17
2.58456e+17
2.93069e+17
2.98339e+17
3.95913e+17
3.40843e+17
4.00993e+17
4.45653e+17
4.4979e+17
4.3171e+17
5.38291e+17
5.08928e+17
6.4145e+17
6.64549e+17
8.14354e+17
8.01207e+17
1.03828e+18
1.07368e+18
1.30814e+18
1.40298e+18
1.70078e+18
1.8725e+18
2.51537e+18
2.72192e+18
3.80537e+18
4.13901e+18
4.95182e+18
5.38541e+18
1.99432e+17
2.17986e+17
1.52301e+17
1.21852e+17
1.36055e+17
1.02427e+17
6.81814e+16
6.789e+16
7.29812e+16
7.82723e+16
6.77346e+16
4.28595e+16
4.88384e+16
5.95641e+16
4.28148e+16
3.12994e+16
2.50825e+16
2.18395e+16
2.56252e+16
2.76056e+16
2.91645e+16
2.43958e+16
2.88904e+16
2.45691e+16
1.72614e+16
1.44805e+16
1.36803e+16
1.69207e+16
1.49003e+16
1.42351e+16
2.27664e+16
1.90209e+16
1.68151e+16
1.86384e+16
1.3422e+16
1.27453e+16
2.18813e+16
2.33752e+16
1.88777e+16
1.77954e+16
1.23276e+16
2.2938e+16
1.42547e+16
1.70936e+16
2.71835e+16
2.71243e+16
9.35555e+15
8.80738e+15
1.65619e+16
1.63305e+16
1.53089e+16
1.43879e+16
2.59434e+16
2.19037e+16
1.5738e+16
1.43039e+16
1.00199e+16
1.05411e+16
9.81034e+15
9.72025e+15
7.30554e+15
8.60222e+15
5.83183e+15
5.00488e+15
3.48427e+15
4.78832e+15
3.85756e+15
3.19242e+15
1.64772e+13
1.00457e+13
4.19295e+14
4.01012e+14
6.43653e+13
3.87661e+13
1.30492e+15
1.65004e+15
7.23015e+14
9.96861e+14
1.42768e+15
1.68806e+15
5.65411e+14
8.51172e+14
2.94484e+15
2.08293e+15
2.34541e+15
2.47256e+15
2.1528e+15
2.11527e+15
2.18046e+15
1.16867e+15
1.25572e+15
1.1235e+15
9.96322e+14
7.18861e+14
1.86338e+15
2.3499e+15
2.55906e+15
3.26856e+15
2.9893e+15
3.02653e+15
4.45209e+15
4.94244e+15
2.77063e+15
2.34987e+15
4.30359e+15
3.42978e+15
3.95046e+15
3.34857e+15
2.31419e+15
3.46898e+15
5.21494e+15
4.51848e+15
3.64976e+15
3.72485e+15
3.70907e+15
3.19098e+15
3.40763e+15
3.05752e+15
3.49883e+15
4.07649e+15
5.64382e+15
4.11914e+15
4.07094e+15
5.01412e+15
1.19298e+16
9.50172e+15
6.21993e+15
6.28077e+15
1.29276e+16
1.42197e+16
1.60248e+16
1.46412e+16
1.32327e+16
1.28604e+16
1.59094e+16
1.88614e+16
2.11368e+16
2.34485e+16
2.52763e+16
2.52016e+16
5.1249e+16
6.73165e+16
1.70765e+17
2.7049e+17
2.72894e+17
2.58256e+17
2.80665e+17
2.72041e+17
2.74333e+17
2.43416e+17
3.13303e+17
2.69905e+17
2.8926e+17
2.97366e+17
2.52748e+17
2.33262e+17
2.58489e+17
2.57801e+17
2.83257e+17
3.1439e+17
3.0057e+17
2.91775e+17
3.70896e+17
4.07012e+17
4.08278e+17
3.63835e+17
4.59672e+17
3.92601e+17
4.76196e+17
4.32329e+17
6.18301e+17
5.67035e+17
6.59813e+17
6.22216e+17
6.71204e+17
6.59887e+17
8.19026e+17
8.80236e+17
1.04989e+18
1.01099e+18
1.18524e+18
1.31177e+18
1.52907e+18
1.66627e+18
1.95108e+18
2.08049e+18
2.78129e+18
2.90389e+18
3.94642e+18
4.17989e+18
4.94927e+18
5.34097e+18
2.19211e+16
1.19458e+16
2.04522e+15
1.61252e+15
6.55841e+14
8.08916e+15
2.98784e+14
1.09143e+13
1.20629e+13
1.03338e+16
5.35872e+15
1.45673e+16
1.05976e+16
7.90053e+15
7.78586e+15
3.42351e+15
2.91547e+15
2.12561e+15
2.52857e+16
2.26376e+15
1.27765e+16
8.19483e+15
3.79409e+15
3.13224e+16
2.36488e+15
2.25728e+15
1.68558e+15
3.55928e+15
6.79815e+15
4.22227e+15
2.74065e+15
2.77198e+15
2.73108e+15
4.57367e+15
1.7795e+15
3.49109e+15
2.86345e+15
9.30651e+15
1.6316e+15
6.11994e+15
3.00941e+15
1.65941e+15
1.79149e+15
7.88572e+14
2.00749e+15
1.38806e+15
1.07275e+15
9.88729e+14
1.36971e+15
