2.0891e+16
3.22544e+16
2.20555e+16
2.55588e+16
5.55283e+16
3.29282e+16
2.86549e+16
2.44237e+16
2.5235e+16
1.82273e+16
1.92333e+16
3.47742e+16
3.28097e+16
2.84241e+16
3.58472e+16
3.26656e+16
3.53994e+16
2.24775e+16
3.09819e+16
1.75373e+16
1.54043e+16
3.60292e+16
4.93788e+16
1.99919e+16
2.19344e+16
1.86187e+16
5.0579e+16
2.47059e+16
3.58317e+16
2.59747e+16
2.67623e+16
2.1071e+16
2.31822e+16
2.07615e+16
8.25869e+17
7.46189e+17
9.55477e+17
5.82867e+17
3.42246e+18
5.08431e+17
5.31731e+18
2.53152e+16
4.65487e+17
9.16168e+18
4.51952e+17
2.5015e+16
3.79542e+17
4.12176e+17
3.08531e+16
3.73455e+16
1.21314e+19
7.81956e+17
8.43744e+17
2.28367e+16
7.03454e+17
2.94922e+17
1.06569e+18
6.00557e+17
1.2776e+18
4.41746e+17
8.59758e+16
8.03419e+16
9.47102e+16
1.64728e+18
6.80042e+16
1.07391e+17
2.7366e+17
3.09095e+17
6.2018e+16
1.09683e+17
1.90935e+18
5.18433e+16
1.34479e+17
2.21333e+17
4.95495e+16
2.61256e+17
1.6637e+17
4.4907e+16
1.89867e+17
4.43656e+16
2.34888e+17
2.11762e+16
2.023e+16
1.76416e+17
4.02695e+16
1.36838e+17
3.91398e+16
1.70079e+17
2.04264e+18
6.76134e+17
1.80117e+18
2.38897e+18
1.02576e+18
1.41324e+18
3.52559e+18
3.56637e+16
1.25836e+17
1.28485e+18
4.09302e+18
2.85351e+16
1.49899e+17
5.16328e+17
1.36834e+17
1.06212e+18
1.59746e+17
3.31596e+16
5.45383e+18
1.12242e+18
3.75936e+18
1.32389e+17
1.18841e+17
9.96891e+17
1.29458e+17
1.36138e+17
3.04751e+16
4.19761e+17
8.53706e+17
1.6229e+17
2.93902e+16
8.04854e+17
1.38947e+17
3.05298e+16
1.46044e+17
1.54787e+17
3.0632e+16
6.89447e+17
2.19523e+16
3.45449e+17
1.00181e+17
3.27393e+16
9.75222e+17
7.09197e+17
5.30935e+17
6.95378e+17
1.78369e+17
1.56149e+17
6.44487e+17
1.37471e+18
7.91912e+16
3.20556e+16
1.00711e+17
1.37496e+15
1.88125e+17
1.60902e+17
5.89901e+17
1.7446e+17
6.05685e+16
2.8824e+16
1.16955e+17
7.32572e+14
6.65956e+17
2.87804e+17
7.84838e+17
4.95413e+15
5.45883e+17
4.93028e+15
5.20911e+17
4.39253e+15
4.86297e+16
5.74538e+18
4.93955e+17
2.71669e+16
5.51078e+15
4.58884e+17
3.35966e+16
6.58067e+14
4.99202e+17
4.19874e+16
4.1615e+17
1.71813e+17
3.76707e+17
3.21341e+17
2.92192e+17
1.89271e+17
3.44331e+17
9.00238e+18
1.65191e+18
3.70754e+16
2.8136e+16
1.23597e+18
1.00572e+18
8.60253e+17
1.36186e+17
1.35595e+17
8.00089e+16
8.37828e+16
6.79946e+16
2.62773e+17
1.28737e+18
1.41277e+17
3.24855e+16
3.0304e+17
5.69485e+16
9.71729e+17
1.11827e+17
1.23577e+17
9.07015e+16
1.30426e+17
1.26711e+17
5.19812e+16
3.38339e+16
1.35427e+18
7.79094e+17
1.75114e+17
2.24594e+16
1.74359e+16
3.31384e+16
4.60032e+16
1.61385e+17
1.64778e+17
1.46909e+17
2.53694e+15
4.81503e+15
6.4213e+17
1.52001e+17
1.20524e+17
7.52831e+16
1.64697e+17
4.2294e+16
5.1309e+17
1.69061e+17
5.45253e+17
5.22255e+17
5.11689e+17
4.34579e+17
4.80459e+17
4.05277e+17
5.93434e+17
1.83996e+16
6.15773e+15
1.81502e+18
2.51212e+18
3.1862e+15
1.91466e+16
1.75899e+17
1.22816e+18
1.03104e+18
1.17587e+18
2.70099e+18
1.15749e+17
1.52949e+17
2.47108e+17
3.80432e+16
5.24636e+17
2.90014e+18
1.16469e+18
2.59758e+16
3.17641e+16
2.91982e+16
3.03628e+16
3.41152e+16
1.47698e+18
1.2934e+15
1.22783e+15
1.81987e+15
1.27675e+14
4.44038e+17
3.57508e+16
1.24259e+15
8.3869e+17
3.38002e+17
7.94479e+17
3.76562e+18
1.95496e+15
7.16361e+17
2.71409e+16
8.2769e+16
1.99483e+17
1.26931e+17
3.77015e+14
3.72139e+14
9.68351e+17
3.10832e+15
3.12391e+16
6.54334e+17
3.18778e+16
7.66379e+16
7.01396e+16
6.438e+16
6.26062e+16
6.07411e+16
5.73669e+16
5.38135e+16
5.41414e+16
2.87135e+17
2.48082e+17
3.19211e+16
5.25245e+17
6.45404e+16
3.79275e+17
4.02581e+14
4.15186e+15
3.24482e+17
8.26795e+14
4.86543e+16
3.89752e+16
2.42463e+17
2.03314e+17
2.61762e+17
2.23154e+17
2.13508e+16
1.75814e+16
4.7828e+16
4.61344e+16
2.21108e+16
2.29903e+16
1.36304e+16
2.00157e+16
1.59293e+16
1.46193e+16
1.44111e+16
2.63957e+16
2.35095e+16
2.12109e+16
1.83983e+16
1.74635e+16
1.46708e+16
3.22951e+16
2.68984e+16
2.56692e+16
1.89415e+16
3.4782e+17
5.58587e+15
4.64118e+14
1.37399e+15
3.62419e+15
1.67137e+15
5.41917e+15
6.78513e+14
1.28503e+15
6.12753e+14
9.80677e+14
8.30876e+15
8.93898e+15
8.98581e+15
8.7925e+15
9.14117e+15
6.13973e+15
4.13467e+15
4.36022e+15
8.43077e+15
6.86882e+15
7.0922e+15
1.05292e+16
8.31284e+15
7.28123e+15
6.78231e+15
4.06794e+15
5.21315e+15
5.32915e+15
7.38732e+15
7.35705e+15
7.44796e+15
5.57527e+15
5.40105e+15
3.40385e+15
3.91419e+15
4.54419e+15
3.40122e+15
1.32122e+16
1.45227e+16
1.49872e+16
1.68128e+16
1.83021e+16
1.04689e+16
1.03879e+16
1.04325e+16
9.75051e+15
1.14972e+16
1.10669e+16
1.15751e+16
1.22732e+16
1.26535e+16
1.21548e+16
1.39778e+16
1.52459e+16
1.66962e+16
3.22445e+16
2.75423e+16
1.83827e+16
1.80556e+16
1.80837e+16
1.73759e+16
1.83775e+16
4.84196e+16
1.53719e+16
1.90534e+16
1.33784e+16
1.22821e+16
3.6125e+15
3.74258e+15
3.75282e+15
3.51495e+15
3.60609e+15
3.00256e+15
3.49037e+15
3.78164e+15
3.81173e+15
3.52674e+15
3.8062e+15
2.36237e+15
2.75196e+15
3.42642e+15
3.6159e+15
2.0947e+15
3.45617e+16
3.77209e+16
3.18475e+16
3.9799e+16
5.16334e+14
1.1933e+15
8.11664e+15
4.10393e+15
2.25985e+15
1.55878e+15
1.40425e+15
9.96968e+14
5.11767e+15
5.36812e+15
7.20462e+15
6.87863e+15
4.27976e+15
4.36319e+15
3.50429e+15
2.24252e+15
1.78404e+15
1.36627e+14
1.69968e+14
5.95163e+14
4.29254e+15
4.00333e+15
4.88653e+15
9.57008e+15
7.80738e+15
6.09597e+15
3.8974e+15
2.76546e+14
2.91006e+14
2.00654e+14
3.08068e+15
1.19043e+16
2.58186e+14
2.73102e+16
2.89951e+16
3.04252e+16
6.55201e+14
1.00274e+15
1.26413e+15
2.25807e+16
2.22827e+16
1.2671e+16
4.25952e+16
1.78141e+15
2.74991e+15
2.4685e+15
2.59625e+15
1.36735e+15
2.13756e+16
2.19242e+16
2.82671e+16
2.37285e+15
1.15593e+17
1.74587e+17
7.0713e+16
2.87619e+17
2.56987e+17
2.02563e+17
2.19674e+17
1.40187e+15
2.21604e+15
2.49813e+15
1.7131e+15
3.07893e+15
2.00829e+16
2.17323e+16
2.93621e+16
3.17996e+16
2.07313e+16
1.91878e+16
1.83594e+17
1.52938e+15
1.70098e+16
1.58103e+16
3.00077e+16
3.55845e+16
3.73799e+16
1.47872e+17
1.50468e+16
1.45187e+16
3.45625e+16
9.71419e+14
2.99162e+15
1.21082e+15
3.17808e+15
9.0376e+15
4.75193e+15
1.13654e+16
1.29675e+16
1.1334e+16
1.03071e+16
8.1165e+15
2.57904e+15
1.27294e+15
1.49984e+15
6.6236e+15
4.45221e+15
3.2998e+15
2.68326e+15
1.97103e+16
1.89249e+16
6.47403e+16
1.4442e+15
1.11583e+15
8.09018e+14
6.76196e+14
1.13912e+15
1.67472e+15
2.11072e+15
2.6263e+15
2.16838e+15
3.07008e+15
2.30403e+16
2.3483e+16
2.42437e+16
2.07458e+16
1.04137e+16
1.09734e+16
2.02849e+16
2.38199e+16
2.1334e+16
1.77044e+16
1.52199e+16
2.52205e+16
5.07989e+16
3.55617e+16
2.64947e+16
4.14081e+16
4.7602e+16
5.92482e+16
3.96086e+16
2.78086e+15
2.90752e+15
1.40293e+16
1.57777e+16
2.97692e+15
4.61087e+15
6.749e+16
8.70581e+16
6.92119e+16
1.11672e+17
7.5968e+16
4.76879e+15
3.17478e+15
2.69441e+15
2.61433e+16
2.51444e+16
2.62164e+16
1.65339e+15
1.50322e+15
6.32971e+14
6.9311e+14
1.28015e+15
1.46114e+15
1.50196e+15
1.29029e+15
6.99971e+14
5.74839e+14
3.39338e+16
3.1048e+16
4.14762e+15
4.09503e+16
4.48146e+14
2.20504e+14
6.46772e+15
2.51998e+15
3.40811e+15
6.11983e+15
1.85242e+15
2.68354e+15
3.31631e+15
2.08906e+14
1.70552e+14
1.79967e+14
2.31944e+14
3.25345e+14
2.62056e+14
6.69818e+15
3.62382e+15
4.01172e+15
2.25986e+15
3.01407e+15
2.75294e+15
3.13342e+15
3.96848e+15
3.78798e+15
4.00855e+15
1.90704e+15
2.94747e+16
1.8121e+15
4.27874e+14
3.17997e+16
1.75757e+15
1.48491e+15
3.25915e+15
2.24255e+15
3.14287e+15
3.2546e+15
1.25365e+15
1.58246e+15
2.85058e+15
1.54905e+15
4.14511e+15
4.66058e+15
1.68278e+14
2.6803e+14
8.53593e+15
4.14249e+14
1.51419e+14
3.46675e+15
4.23074e+15
5.51337e+15
8.15757e+15
6.38305e+15
5.25176e+15
4.80467e+15
2.36981e+15
3.35762e+15
1.83148e+15
2.66639e+15
3.04802e+15
2.53512e+15
2.13432e+15
3.71354e+15
2.65403e+16
1.02185e+15
2.29175e+16
2.32143e+16
2.20671e+16
4.66447e+15
7.4832e+15
1.10961e+16
1.27368e+16
1.40366e+16
1.44603e+16
1.22661e+16
1.16292e+16
1.18955e+16
1.09161e+16
5.93797e+15
9.12944e+15
1.59769e+15
3.51937e+15
3.29085e+15
3.12359e+15
8.15779e+15
2.65006e+15
3.83863e+15
6.04774e+15
9.50383e+15
8.7757e+15
9.66052e+15
1.02237e+16
1.03182e+14
1.34875e+14
7.76691e+15
3.99336e+15
1.92476e+15
5.12042e+15
3.30866e+15
2.12372e+15
4.69338e+15
5.09092e+15
1.54124e+15
4.73694e+15
7.37439e+15
6.68765e+15
5.27803e+15
5.02719e+15
6.21944e+15
6.30189e+15
4.14003e+15
2.67892e+15
2.81312e+15
2.8493e+15
4.45683e+15
3.06746e+15
3.97974e+15
4.37664e+15
3.91129e+15
4.35584e+15
4.01159e+15
3.45505e+15
5.50783e+15
6.05162e+15
3.93954e+15
5.79122e+15
2.74061e+15
2.10408e+15
2.80503e+15
3.02928e+15
3.23134e+15
2.76346e+15
2.47018e+15
2.00445e+14
2.27493e+15
1.54113e+15
2.66031e+15
2.51492e+15
2.52779e+15
2.81856e+15
1.87174e+14
5.29871e+15
7.45265e+15
5.50879e+15
2.92085e+15
5.77004e+15
2.09206e+14
2.00109e+14
1.77084e+14
2.11175e+14
9.14092e+15
8.57817e+15
1.68052e+15
5.27019e+15
5.21936e+15
1.594e+15
4.7594e+15
4.71915e+15
7.85062e+15
2.81666e+15
2.59584e+15
2.44342e+15
3.01578e+15
3.05327e+15
2.91579e+15
6.30312e+15
3.81384e+15
5.3777e+15
5.17334e+15
3.19623e+15
7.05008e+15
2.65884e+15
1.27927e+15
3.49379e+15
2.95123e+15
3.53189e+15
4.35618e+15
2.92784e+15
2.98497e+15
3.4761e+15
4.20492e+15
2.28238e+15
2.93193e+15
4.49784e+15
4.76149e+15
4.01078e+15
3.38681e+15
3.90663e+15
4.78927e+15
2.75835e+15
2.17518e+15
2.41357e+15
2.57546e+15
1.648e+15
1.59842e+15
2.87934e+15
1.26901e+15
1.71234e+15
4.32094e+15
1.83902e+15
4.8439e+15
2.56127e+15
1.65921e+15
5.41639e+15
2.25045e+15
8.20048e+15
7.91454e+15
8.22447e+15
8.03519e+15
8.49223e+15
6.10183e+15
3.62428e+15
4.43593e+15
6.09818e+14
5.91117e+14
6.31676e+14
7.80951e+14
2.46681e+15
6.31816e+15
5.31845e+15
4.78867e+15
3.31101e+15
5.39088e+15
3.59027e+15
6.20131e+15
4.37792e+15
6.37505e+15
4.71404e+15
9.234e+15
3.36131e+15
2.22656e+15
3.73099e+15
1.15187e+15
1.80707e+15
9.23141e+14
6.10964e+14
6.93225e+14
2.54857e+14
9.65828e+14
1.4233e+15
9.80464e+14
4.14285e+15
6.87647e+14
8.41693e+14
2.61459e+15
4.00693e+15
5.38882e+15
4.98616e+15
2.41743e+15
4.72282e+15
3.91973e+15
4.56856e+15
6.4904e+15
7.75567e+15
4.98655e+15
5.58659e+15
8.39409e+15
5.57257e+15
3.04955e+15
3.41802e+15
4.20032e+15
4.36221e+15
6.1921e+15
2.95217e+15
3.42235e+15
4.97653e+15
5.22286e+15
5.49651e+15
5.3663e+15
5.29674e+15
4.2882e+15
3.96717e+15
3.35574e+15
2.74766e+15
2.48953e+15
2.65331e+15
2.21314e+15
1.84297e+15
3.91621e+15
4.47901e+15
6.11428e+15
6.72675e+15
6.59137e+15
6.41042e+15
9.98293e+15
9.56177e+15
5.938e+15
6.77558e+15
3.9261e+15
2.41456e+15
6.28934e+15
5.2764e+14
3.35416e+15
5.12983e+15
5.79975e+15
6.48133e+15
8.73008e+15
6.52299e+15
5.71788e+15
6.57254e+15
1.03177e+16
5.34615e+15
4.03128e+15
3.73016e+15
4.93187e+15
5.2057e+15
5.79621e+15
4.2157e+15
4.24398e+15
3.04845e+15
2.31792e+15
1.24514e+15
5.81124e+15
8.17576e+15
6.52639e+15
6.00282e+15
1.871e+15
3.58187e+15
4.68623e+15
4.0081e+15
3.91048e+15
4.44686e+15
3.31861e+15
2.75078e+15
3.0317e+15
2.79399e+15
1.61886e+15
2.8633e+15
2.19735e+15
2.53294e+15
6.80989e+15
3.04445e+15
4.20069e+15
4.90444e+15
2.06019e+15
4.43027e+14
2.65073e+14
6.69596e+15
6.8004e+15
7.10915e+15
5.76343e+15
1.8316e+15
2.98288e+14
6.4511e+15
4.40823e+15
8.42349e+15
3.60889e+15
1.53119e+15
4.54502e+15
4.17098e+15
4.44563e+15
4.31795e+15
4.98554e+15
3.83377e+15
4.1714e+15
4.09704e+15
4.11362e+15
4.8361e+15
3.12463e+15
3.05177e+15
2.48067e+15
2.67785e+15
1.70116e+14
3.93905e+15
7.84895e+15
6.25665e+16
1.06237e+16
5.51539e+15
1.16108e+16
4.37578e+15
3.23526e+15
1.15062e+16
2.42003e+16
2.55545e+16
2.74688e+16
5.73323e+14
1.39166e+15
1.61288e+15
5.59691e+15
2.89683e+15
7.7107e+15
8.04712e+15
1.81753e+14
1.50912e+14
2.42291e+14
2.77375e+15
9.10377e+14
4.0536e+14
4.21206e+15
4.59122e+15
3.57482e+15
3.86275e+15
3.90336e+15
6.68513e+15
1.89513e+14
4.17469e+15
5.82158e+15
2.9195e+15
5.46622e+15
2.59511e+15
3.68635e+15
7.50802e+14
5.15622e+14
1.49006e+15
4.56182e+15
1.89297e+15
1.73091e+15
3.86248e+15
3.05274e+15
2.95884e+15
1.1167e+15
1.03642e+16
9.9707e+15
1.11842e+16
1.01412e+16
2.72113e+15
2.33684e+15
2.14813e+15
2.22637e+15
4.76747e+15
6.2711e+15
8.93525e+15
6.37385e+15
2.90545e+15
3.12592e+15
6.95351e+14
8.97638e+14
3.0257e+15
2.84469e+15
1.91544e+16
1.35846e+16
1.55241e+16
8.17315e+14
1.98369e+15
6.19916e+15
4.6468e+14
2.79769e+15
2.2835e+15
2.4607e+15
2.42821e+15
1.23393e+15
3.05847e+15
2.41325e+15
3.26465e+15
4.60049e+15
2.73993e+15
1.27695e+15
2.13728e+14
2.6977e+15
3.73069e+15
2.36183e+15
9.04489e+15
2.28758e+16
1.78092e+15
2.28783e+15
4.35724e+15
2.64286e+15
4.35994e+15
5.18005e+15
4.60349e+15
5.91042e+15
7.36791e+15
3.93271e+15
3.86399e+15
2.94139e+15
1.58047e+15
2.0984e+15
1.07144e+16
6.00733e+15
3.8122e+15
4.02313e+15
3.61616e+15
2.487e+15
4.00786e+15
2.19828e+15
1.17815e+15
1.6739e+15
1.51298e+15
1.49274e+15
7.86491e+18
6.247e+18
1.79104e+18
3.64531e+18
5.59071e+18
2.63879e+18
1.05719e+18
9.57077e+17
8.18036e+17
8.01679e+17
7.10471e+17
6.90745e+17
5.97581e+17
5.49043e+17
4.69553e+17
4.78564e+17
4.56926e+17
4.45553e+17
4.02919e+17
4.3508e+17
3.67189e+17
3.40332e+17
3.13044e+17
2.88297e+17
2.53179e+17
2.58697e+17
2.35534e+17
2.21619e+17
2.05721e+17
2.24813e+17
1.92746e+17
1.76213e+17
1.08253e+17
1.11769e+17
1.18034e+17
1.12937e+17
1.19725e+17
1.14565e+17
1.26839e+17
1.37542e+17
1.14685e+17
1.21212e+17
9.28512e+16
1.18171e+17
1.06117e+17
1.22487e+17
1.36498e+17
1.34167e+17
2.10617e+13
4.64114e+13
4.76797e+13
3.00409e+13
1.92887e+13
7.32345e+13
1.45137e+14
1.10089e+14
1.43978e+14
1.52382e+14
1.15081e+14
1.20512e+14
9.4701e+13
1.04975e+14
1.63943e+14
9.66128e+13
5.82134e+13
6.69325e+13
3.18723e+13
8.33698e+12
1.56932e+13
3.39424e+12
6.0548e+12
6.40184e+12
1.02172e+12
4.01503e+12
1.10741e+12
5.08877e+11
9.99502e+12
1.14838e+13
2.0594e+12
9.15231e+11
2.38409e+13
4.98151e+13
5.28112e+11
4.96458e+11
4.49778e+11
4.61006e+11
4.45453e+11
4.0325e+11
4.73325e+11
4.23775e+11
2.37189e+12
6.06774e+12
1.78683e+12
7.08855e+12
1.01707e+13
7.98051e+12
9.88225e+12
8.80612e+12
1.99742e+13
2.19461e+13
4.74374e+13
1.01944e+14
4.5328e+13
5.65444e+13
5.36295e+13
1.89552e+13
6.96768e+13
5.93979e+13
6.63501e+13
5.33035e+13
3.07918e+13
3.68405e+13
3.3604e+13
3.56033e+13
5.99543e+12
1.39762e+13
2.55744e+13
2.3956e+13
4.98109e+13
9.38518e+13
4.3901e+13
9.30417e+13
3.6624e+13
3.65153e+13
7.03427e+13
1.34968e+14
7.97064e+13
5.9507e+13
1.05325e+14
1.01456e+14
1.20703e+14
1.09578e+14
8.47836e+13
1.44292e+14
5.17613e+13
6.61309e+13
4.2461e+13
4.15378e+13
3.41222e+13
3.05118e+13
5.40708e+13
4.64075e+13
1.73797e+13
4.47752e+13
1.35842e+17
1.42306e+17
1.68745e+17
1.58452e+17
1.71949e+17
1.76897e+17
1.90267e+17
1.89421e+17
1.91054e+17
1.86844e+17
1.84436e+17
1.87456e+17
1.68159e+17
1.61326e+17
1.20849e+17
1.23112e+17
1.04926e+17
1.08233e+17
9.26932e+16
9.60396e+16
8.43195e+16
9.1937e+16
1.10789e+17
1.36984e+17
1.43959e+17
1.46135e+17
1.57645e+17
1.63333e+17
1.89688e+17
2.64601e+17
3.48608e+17
4.02148e+17
5.20996e+17
4.76958e+17
5.51628e+17
5.79944e+17
6.76791e+17
7.19292e+17
7.91872e+17
8.15548e+17
9.47919e+17
1.00853e+18
1.22675e+18
1.31719e+18
1.76468e+18
1.8512e+18
2.85131e+18
4.5406e+18
7.86535e+18
6.28447e+18
1.97017e+18
4.29943e+18
3.58966e+18
2.04269e+18
1.0894e+18
9.89083e+17
8.20304e+17
7.85053e+17
7.12801e+17
7.06318e+17
6.00471e+17
5.76078e+17
5.3091e+17
4.97451e+17
4.44826e+17
4.10023e+17
3.76961e+17
4.01102e+17
3.72111e+17
3.34377e+17
3.02113e+17
3.08558e+17
2.71415e+17
2.34474e+17
2.35345e+17
2.31612e+17
1.99705e+17
2.12706e+17
1.70595e+17
1.69197e+17
1.33654e+17
1.19776e+17
1.15809e+17
1.06382e+17
1.09377e+17
1.10237e+17
1.08487e+17
1.04322e+17
1.01845e+17
1.06816e+17
9.59274e+16
1.0068e+17
9.2217e+16
9.76466e+16
1.17098e+17
1.26021e+17
4.94194e+13
3.1481e+13
5.6536e+13
3.15599e+13
2.31088e+13
7.67263e+13
1.46862e+14
1.38718e+14
2.27743e+14
2.07581e+14
1.51717e+14
1.38063e+14
1.01095e+14
8.74522e+13
1.54719e+14
1.33669e+14
5.48563e+13
8.38195e+13
5.01668e+13
1.16075e+13
1.69046e+13
2.40947e+12
6.61051e+12
5.99355e+12
1.15084e+12
1.70346e+12
3.28512e+12
6.13112e+11
1.04351e+13
1.10731e+13
8.44959e+12
1.39565e+12
2.47061e+13
2.06875e+13
2.43113e+12
6.69227e+12
5.95727e+11
6.50637e+11
6.20397e+11
6.11267e+11
5.95498e+11
5.04253e+11
1.05925e+13
8.99245e+12
2.03168e+12
6.95684e+12
6.61254e+13
7.01827e+12
9.07973e+12
7.90227e+12
1.85366e+13
2.43275e+13
2.60689e+13
5.39903e+13
6.8567e+13
6.87801e+13
4.54366e+13
1.72392e+13
8.68249e+13
7.77323e+13
7.23605e+13
5.08975e+13
3.04935e+13
3.69619e+13
3.43178e+13
1.00158e+14
7.46841e+12
1.42498e+13
2.62204e+13
2.46827e+13
3.45771e+13
9.0365e+13
5.48815e+13
6.0288e+13
6.76087e+13
3.1396e+13
8.6055e+13
6.74407e+13
1.5685e+14
1.06484e+14
9.8937e+13
1.20242e+14
1.07452e+14
9.85417e+13
1.0766e+14
1.43266e+14
5.86042e+13
6.9106e+13
4.53962e+13
3.9849e+13
6.2508e+13
5.42545e+13
2.20201e+13
1.88668e+13
1.12682e+13
3.8244e+12
1.34572e+17
1.37742e+17
1.38099e+17
1.42982e+17
1.72954e+17
1.7119e+17
1.65904e+17
1.83097e+17
1.86189e+17
1.79265e+17
1.62729e+17
1.65364e+17
1.43063e+17
1.37724e+17
1.13526e+17
9.51342e+16
7.87532e+16
8.09745e+16
6.61384e+16
7.13581e+16
9.16767e+16
9.45504e+16
1.28632e+17
1.37439e+17
1.06582e+17
1.31424e+17
1.3411e+17
1.45418e+17
2.18743e+17
2.77572e+17
3.83129e+17
4.08647e+17
4.75495e+17
4.96584e+17
5.52339e+17
5.40303e+17
6.65075e+17
7.34141e+17
7.65561e+17
7.96227e+17
9.30166e+17
1.05379e+18
1.22223e+18
1.36697e+18
1.71059e+18
1.98728e+18
3.03937e+18
7.9866e+18
7.70394e+18
5.95675e+18
1.99254e+18
3.49574e+18
2.53094e+18
1.71454e+18
1.10947e+18
1.0266e+18
8.62868e+17
7.90884e+17
7.18581e+17
6.94548e+17
5.72051e+17
5.19703e+17
4.59106e+17
4.63858e+17
4.14233e+17
3.96272e+17
4.11507e+17
4.01371e+17
3.86062e+17
3.38851e+17
2.79781e+17
3.08031e+17
2.36931e+17
2.35379e+17
2.24587e+17
1.9862e+17
2.03277e+17
1.73196e+17
1.47496e+17
1.5684e+17
1.1701e+17
1.24411e+17
1.22293e+17
1.16777e+17
9.38144e+16
1.11486e+17
1.05959e+17
1.04243e+17
9.12342e+16
9.24145e+16
9.11078e+16
9.4385e+16
9.00133e+16
8.10929e+16
1.09109e+17
1.21655e+17
8.61284e+13
8.68302e+13
3.98949e+13
2.44165e+13
5.08965e+13
8.54439e+13
2.42074e+14
1.83264e+14
2.51654e+14
2.17977e+14
1.9724e+14
2.27536e+14
1.71359e+14
1.02105e+14
1.56741e+14
2.01863e+14
6.73802e+13
8.72448e+13
6.1397e+13
1.8501e+13
1.22339e+13
1.5404e+12
7.35537e+12
6.57288e+12
1.19681e+12
1.48802e+12
3.49602e+12
8.85264e+11
1.47795e+13
1.44851e+13
2.39094e+12
1.67128e+12
2.53909e+13
1.91878e+13
4.2261e+12
6.70059e+12
7.42995e+11
7.17834e+11
6.28186e+11
6.00988e+11
7.25402e+11
7.32714e+11
1.09933e+13
1.12957e+13
2.28534e+12
4.66621e+12
1.78207e+13
2.37635e+13
8.38347e+12
8.59881e+12
1.59227e+13
2.66373e+13
3.0764e+13
3.15119e+13
7.03541e+13
7.75223e+13
5.30733e+13
1.66847e+13
7.87777e+13
8.5119e+13
8.21889e+13
4.90038e+13
3.01598e+13
3.7258e+13
3.40112e+13
4.23824e+13
3.42699e+13
1.46457e+13
2.95154e+13
2.57839e+13
3.21346e+13
7.08242e+13
5.79172e+13
5.61568e+13
7.98028e+13
3.8761e+13
8.78727e+13
6.50085e+13
1.41258e+14
9.67317e+13
2.94062e+14
1.52e+14
1.10027e+14
1.09956e+14
1.32953e+14
1.43272e+14
1.19859e+14
9.92995e+13
9.51742e+13
8.98618e+13
6.0345e+13
1.00406e+14
4.33888e+12
2.4228e+13
8.17873e+13
4.58566e+13
1.30624e+17
1.27891e+17
1.31242e+17
1.3239e+17
1.63588e+17
1.63727e+17
1.58143e+17
1.64626e+17
1.66545e+17
1.64455e+17
1.4664e+17
1.40119e+17
1.07141e+17
1.15269e+17
9.3731e+16
8.30541e+16
7.66014e+16
7.8919e+16
7.18417e+16
6.76297e+16
8.52989e+16
9.12128e+16
1.06055e+17
1.08673e+17
9.66981e+16
1.18432e+17
1.20782e+17
1.56323e+17
2.00822e+17
2.90696e+17
3.86101e+17
4.17899e+17
5.0377e+17
4.99427e+17
5.43163e+17
5.63041e+17
6.51316e+17
6.73289e+17
7.15875e+17
7.53064e+17
8.91898e+17
1.07057e+18
1.14088e+18
1.34724e+18
1.83764e+18
2.03428e+18
3.3849e+18
9.89349e+18
7.46757e+18
5.82686e+18
1.93445e+18
2.76696e+18
2.02538e+18
1.51383e+18
1.1858e+18
1.05827e+18
8.91554e+17
8.22925e+17
6.87111e+17
6.47164e+17
5.59547e+17
5.10145e+17
4.86074e+17
4.71752e+17
4.11199e+17
4.09706e+17
3.87128e+17
3.84843e+17
3.58701e+17
3.624e+17
2.82942e+17
2.73143e+17
2.5154e+17
2.34613e+17
1.90259e+17
2.02434e+17
2.07887e+17
2.01553e+17
1.51914e+17
1.3258e+17
1.27213e+17
1.25276e+17
9.24395e+16
8.39279e+16
8.89646e+16
9.60886e+16
8.82879e+16
7.81741e+16
8.84205e+16
8.48349e+16
6.78169e+16
7.09211e+16
7.47186e+16
8.58524e+16
1.0085e+17
1.12358e+17
1.6636e+14
1.4565e+14
5.03178e+13
5.2205e+13
7.04076e+13
7.91649e+13
2.13213e+14
2.14584e+14
2.77394e+14
2.79673e+14
2.1641e+14
1.39434e+14
1.43551e+14
1.33948e+14
1.69619e+14
1.67328e+14
7.86597e+13
1.11234e+14
6.05267e+13
2.73349e+13
1.86863e+12
1.89628e+13
7.82621e+12
9.74864e+12
1.24048e+12
1.56439e+12
3.3131e+12
1.14769e+12
1.55341e+13
1.65898e+13
2.00136e+12
1.68751e+12
2.60521e+13
1.77967e+13
8.56861e+12
1.11687e+13
7.03307e+11
7.90205e+12
2.58983e+13
6.73661e+11
2.31826e+12
1.52019e+12
1.05411e+13
1.08558e+13
1.67495e+13
2.65023e+12
2.07094e+13
3.91499e+13
7.61108e+12
9.23412e+12
2.79486e+13
2.7065e+13
3.10323e+13
5.1977e+13
6.79356e+13
7.80398e+13
9.3924e+13
4.06676e+13
7.73953e+13
8.66754e+13
8.80932e+13
4.76075e+13
2.98763e+13
3.72819e+13
3.37955e+13
4.23258e+13
3.4171e+13
1.92144e+13
8.7163e+13
8.09863e+13
3.08128e+13
6.1167e+13
7.05034e+13
5.46678e+13
8.83095e+13
6.07381e+13
7.04929e+13
1.22668e+14
1.48106e+14
1.55039e+14
1.56908e+14
1.2708e+14
1.1947e+14
1.09016e+14
1.97099e+14
1.38013e+14
1.72275e+14
1.26159e+14
1.45936e+14
1.06178e+14
4.65759e+13
5.02859e+13
6.85249e+13
3.95119e+13
1.31623e+14
1.57641e+14
9.88603e+16
1.09639e+17
1.14281e+17
1.26606e+17
1.28783e+17
1.36602e+17
1.36857e+17
1.42145e+17
1.59757e+17
1.47165e+17
1.22093e+17
1.31279e+17
9.43733e+16
9.72127e+16
8.03042e+16
7.15802e+16
6.21111e+16
7.66252e+16
7.11711e+16
8.76221e+16
8.12749e+16
7.81889e+16
8.87999e+16
1.08795e+17
1.1814e+17
1.37751e+17
1.34077e+17
1.41322e+17
2.11527e+17
2.78317e+17
3.80075e+17
4.0624e+17
4.69821e+17
5.12383e+17
5.371e+17
5.43632e+17
5.98244e+17
6.46567e+17
6.72215e+17
8.14819e+17
9.04849e+17
1.00886e+18
1.19433e+18
1.31283e+18
1.83647e+18
2.03055e+18
3.63109e+18
1.14597e+19
7.4005e+18
5.59206e+18
1.90141e+18
2.17754e+18
1.61456e+18
1.35592e+18
1.11524e+18
1.08724e+18
8.14624e+17
7.61274e+17
6.41282e+17
6.59881e+17
5.31882e+17
5.16435e+17
4.43599e+17
4.35212e+17
3.86378e+17
3.62396e+17
3.38269e+17
3.32628e+17
3.3965e+17
3.28631e+17
2.49908e+17
2.75176e+17
2.31182e+17
2.26421e+17
1.94144e+17
1.76809e+17
1.70775e+17
1.74143e+17
1.41941e+17
1.34398e+17
9.12683e+16
1.11776e+17
8.67297e+16
7.3081e+16
6.70512e+16
7.97613e+16
6.99896e+16
7.76514e+16
7.50579e+16
6.95422e+16
6.31597e+16
6.9138e+16
7.63013e+16
8.80246e+16
8.03766e+16
9.75154e+16
4.5577e+13
1.07938e+14
6.53625e+13
6.16191e+13
7.32796e+13
1.06614e+14
2.75252e+14
2.34641e+14
2.77666e+14
2.54265e+14
2.43464e+14
2.53481e+14
2.10284e+14
1.13063e+14
1.9506e+14
2.0188e+14
1.08271e+14
1.14486e+14
5.88541e+13
2.51512e+13
1.94738e+12
1.38911e+13
1.38343e+13
9.25416e+12
1.29418e+12
1.65395e+12
3.21159e+12
2.51496e+12
1.49558e+13
1.57128e+13
1.80598e+12
1.80947e+12
2.64262e+13
1.64696e+13
7.60547e+12
1.04934e+13
7.90545e+11
7.22696e+11
8.12166e+11
1.79145e+13
1.17722e+13
1.24694e+13
1.34336e+13
8.47586e+12
1.64198e+13
4.18386e+12
1.6011e+13
3.69484e+13
1.10029e+13
9.8538e+12
2.60492e+13
3.36457e+13
3.25939e+13
5.23268e+13
8.03226e+13
8.38654e+13
9.42422e+13
6.27145e+13
1.07717e+14
8.7335e+13
1.05783e+14
5.15223e+13
3.43474e+13
3.16963e+13
4.29041e+13
4.27708e+13
3.39894e+13
2.67082e+13
7.99801e+13
6.65173e+13
3.07229e+13
6.24646e+13
5.30788e+13
4.67445e+13
1.14322e+14
6.50582e+13
7.77812e+13
1.24071e+14
1.48569e+14
1.44185e+14
1.26714e+14
1.22602e+14
1.60807e+14
1.11694e+14
1.39772e+14
1.94419e+14
3.24091e+14
1.54597e+14
1.28108e+14
1.68922e+14
5.73514e+13
7.28432e+13
1.49412e+14
2.20147e+14
2.31316e+14
2.39871e+14
9.10537e+16
8.71194e+16
8.70374e+16
1.04875e+17
1.10921e+17
1.1353e+17
1.14049e+17
1.26768e+17
1.11735e+17
1.23745e+17
9.92442e+16
9.98026e+16
8.89463e+16
9.22666e+16
7.4999e+16
7.23313e+16
6.48041e+16
6.64855e+16
6.12948e+16
6.38879e+16
7.05238e+16
7.54556e+16
8.53308e+16
9.05624e+16
9.55141e+16
1.15545e+17
1.10796e+17
1.43521e+17
2.04418e+17
2.7081e+17
3.60263e+17
3.92189e+17
4.02544e+17
4.72513e+17
5.03103e+17
5.46926e+17
6.3263e+17
6.43202e+17
7.0875e+17
7.62847e+17
8.14904e+17
9.22387e+17
1.18842e+18
1.36201e+18
1.91295e+18
2.14343e+18
4.01287e+18
1.20656e+19
7.52967e+18
5.55666e+18
1.91739e+18
1.90459e+18
1.46679e+18
1.26294e+18
1.04141e+18
9.6406e+17
7.68004e+17
6.54549e+17
5.87541e+17
6.13305e+17
4.78508e+17
4.79673e+17
4.24587e+17
4.20243e+17
3.45872e+17
3.10275e+17
3.15266e+17
3.05294e+17
2.88653e+17
2.82838e+17
2.30308e+17
2.40305e+17
2.08984e+17
2.21454e+17
1.71805e+17
1.67781e+17
1.39957e+17
1.58242e+17
1.27211e+17
1.2193e+17
8.1317e+16
6.87226e+16
6.69351e+16
6.58522e+16
5.59075e+16
5.51315e+16
5.50049e+16
5.91549e+16
5.01904e+16
5.90153e+16
5.61146e+16
6.29269e+16
6.98925e+16
7.48276e+16
7.27763e+16
7.47855e+16
6.78396e+13
1.00785e+14
8.50069e+13
9.36671e+13
1.15685e+14
1.89913e+14
3.30604e+14
2.57876e+14
2.83349e+14
2.28989e+14
2.55266e+14
1.97665e+14
2.3072e+14
1.81571e+14
1.90693e+14
1.85062e+14
1.06983e+14
1.30688e+14
1.18661e+14
3.40387e+13
2.81135e+12
8.18563e+12
3.15724e+13
2.76743e+13
1.42427e+12
1.73393e+12
3.40975e+12
9.68754e+12
7.41852e+12
1.49894e+13
1.66238e+12
1.88848e+12
2.6683e+13
1.53884e+13
8.3469e+12
1.09499e+13
7.58217e+11
6.88656e+11
8.54661e+11
7.89624e+11
1.44515e+13
7.84462e+12
1.77481e+13
9.00514e+12
1.45243e+13
5.67477e+12
1.62276e+13
1.30028e+13
2.57473e+13
1.09284e+13
2.42294e+13
3.4868e+13
3.18289e+13
5.30126e+13
7.21013e+13
1.34535e+14
7.61419e+13
9.70873e+13
1.91282e+14
1.90848e+14
1.30601e+14
5.33072e+13
3.56746e+13
3.72994e+13
4.30962e+13
5.40007e+13
3.859e+13
7.43817e+13
8.18546e+13
6.76762e+13
3.06866e+13
6.05937e+13
6.27537e+13
5.14542e+13
1.23474e+14
1.04642e+14
1.57344e+14
2.50661e+14
1.60982e+14
2.20968e+14
1.66083e+14
1.94206e+14
1.42389e+14
1.32098e+14
1.89603e+14
1.92065e+14
1.7079e+14
1.46061e+14
1.63792e+14
1.46557e+14
8.65966e+13
7.39147e+13
1.26644e+14
1.43654e+14
1.12242e+14
7.49883e+13
6.52047e+16
7.65151e+16
7.42289e+16
8.6303e+16
9.42213e+16
1.01518e+17
1.00357e+17
1.06959e+17
9.13886e+16
1.08465e+17
8.45254e+16
8.93516e+16
8.21198e+16
8.115e+16
6.78674e+16
6.23126e+16
6.74195e+16
5.79376e+16
5.02599e+16
5.29143e+16
4.80693e+16
5.83586e+16
6.978e+16
7.79473e+16
9.23528e+16
9.14837e+16
1.03334e+17
1.3419e+17
2.00798e+17
2.64917e+17
3.26106e+17
3.54108e+17
3.5771e+17
4.02805e+17
4.69791e+17
4.81672e+17
5.77714e+17
5.89675e+17
6.73705e+17
7.05271e+17
8.6908e+17
9.25755e+17
1.1668e+18
1.39889e+18
1.9497e+18
2.37231e+18
4.38322e+18
1.26681e+19
7.47702e+18
5.20433e+18
1.91389e+18
1.84242e+18
1.33806e+18
1.21422e+18
9.70127e+17
8.96879e+17
7.40757e+17
6.5478e+17
5.52925e+17
5.63185e+17
4.39226e+17
4.48036e+17
4.02399e+17
3.92171e+17
3.15692e+17
2.98929e+17
2.81964e+17
2.77403e+17
2.44097e+17
2.30732e+17
2.02725e+17
2.06244e+17
1.70914e+17
1.73915e+17
1.44039e+17
1.35749e+17
1.47165e+17
1.32108e+17
1.14433e+17
1.00569e+17
6.59447e+16
6.85233e+16
5.1881e+16
5.65533e+16
4.23633e+16
4.49742e+16
3.89859e+16
5.04535e+16
5.28039e+16
6.07702e+16
4.85066e+16
5.70764e+16
5.51645e+16
6.11246e+16
5.15198e+16
5.44712e+16
7.1795e+13
1.59387e+14
1.1643e+14
5.49632e+13
1.82505e+14
2.07203e+14
3.34307e+14
2.96599e+14
3.68657e+14
2.42091e+14
3.42737e+14
2.47597e+14
2.53483e+14
2.21517e+14
2.54279e+14
1.67904e+14
1.76723e+14
2.01534e+14
1.03963e+14
3.12386e+13
6.06717e+13
1.05888e+13
5.9293e+13
3.27791e+13
1.52847e+12
1.71751e+12
3.49033e+12
9.59647e+12
8.07484e+12
1.49406e+13
2.12954e+12
1.15907e+13
1.4825e+13
1.4421e+13
7.08788e+12
9.78297e+12
2.76204e+12
1.04128e+12
9.43317e+11
8.38121e+11
1.06233e+13
1.13818e+13
1.72339e+13
9.47322e+12
1.59557e+13
7.58303e+12
3.2381e+13
1.89307e+13
2.25807e+13
1.37592e+13
2.25449e+13
3.48177e+13
5.01998e+13
6.24423e+13
6.13067e+13
1.2849e+14
7.78975e+13
8.99208e+13
1.4587e+14
1.10703e+14
2.54265e+14
7.886e+13
2.86972e+13
4.42395e+13
4.37609e+13
5.47094e+13
3.31484e+13
6.88709e+13
7.46809e+13
7.82961e+13
3.09459e+13
5.4069e+13
1.1828e+14
7.66644e+13
1.12516e+14
8.7918e+13
1.24626e+14
1.83449e+14
1.70139e+14
1.8357e+14
1.99195e+14
2.22644e+14
1.52318e+14
1.38117e+14
1.89481e+14
1.84814e+14
1.91705e+14
1.26738e+14
2.66158e+14
1.3756e+14
1.15425e+14
1.15259e+14
1.45063e+14
1.71582e+14
2.53298e+14
1.25783e+14
4.67719e+16
5.4412e+16
5.93239e+16
6.17811e+16
7.2001e+16
8.73554e+16
7.92797e+16
8.4641e+16
7.45666e+16
8.12112e+16
7.54605e+16
7.77285e+16
7.1254e+16
6.68006e+16
5.70402e+16
5.85611e+16
5.22383e+16
5.47535e+16
4.2131e+16
4.20151e+16
4.51091e+16
4.9145e+16
6.40668e+16
6.85816e+16
7.5436e+16
7.49927e+16
1.02036e+17
1.23845e+17
1.94783e+17
2.77653e+17
3.23788e+17
3.45789e+17
3.9089e+17
3.98741e+17
4.64754e+17
4.85027e+17
5.85524e+17
5.80256e+17
6.68434e+17
7.2883e+17
7.58646e+17
8.99932e+17
1.09877e+18
1.32474e+18
1.86704e+18
2.30484e+18
4.78051e+18
1.36732e+19
7.70979e+18
5.23382e+18
1.83806e+18
1.57777e+18
1.29774e+18
1.11078e+18
8.32714e+17
8.07016e+17
6.74628e+17
6.51435e+17
5.16134e+17
5.07992e+17
3.91845e+17
3.8122e+17
3.60596e+17
3.52074e+17
2.74842e+17
2.56348e+17
2.34333e+17
2.48288e+17
2.30271e+17
2.12729e+17
1.86189e+17
1.93995e+17
1.56762e+17
1.58399e+17
1.46334e+17
1.30914e+17
1.19299e+17
1.28545e+17
9.41599e+16
8.43753e+16
5.35287e+16
6.12956e+16
4.17211e+16
4.36348e+16
4.33696e+16
4.14469e+16
3.7723e+16
3.99309e+16
3.95558e+16
4.9707e+16
4.38004e+16
4.84272e+16
4.73089e+16
4.36515e+16
3.42809e+16
3.72405e+16
1.44226e+14
1.83553e+14
1.58851e+14
8.60888e+13
2.22381e+14
2.47077e+14
4.67713e+14
4.29882e+14
5.52136e+14
3.25655e+14
3.51265e+14
3.57541e+14
2.71011e+14
2.5242e+14
2.6506e+14
1.64869e+14
1.7302e+14
2.27701e+14
9.14973e+13
3.70025e+13
1.63228e+13
5.16563e+13
6.28679e+13
3.67397e+13
1.71729e+12
1.7666e+12
3.72988e+12
9.41332e+12
7.71111e+12
1.56529e+13
4.45193e+12
1.34277e+13
1.31015e+13
1.74798e+13
9.02487e+12
5.58848e+12
6.87726e+12
3.41739e+12
1.02745e+12
9.94062e+11
7.2413e+12
1.58185e+13
1.67472e+13
9.55983e+12
1.86314e+13
1.22822e+13
9.44789e+13
7.95603e+13
5.2586e+13
1.63345e+13
2.07879e+13
3.60995e+13
1.16421e+14
1.0506e+14
7.40151e+13
1.03086e+14
1.09981e+14
1.18856e+14
1.45418e+14
1.7108e+14
2.59565e+14
9.13835e+13
3.54883e+13
4.1585e+13
4.65426e+13
5.499e+13
3.5371e+13
7.11783e+13
5.85062e+13
8.47998e+13
3.15805e+13
5.35122e+13
1.29759e+14
1.01508e+14
1.13022e+14
1.07627e+14
1.37376e+14
1.44138e+14
1.95367e+14
2.31365e+14
3.12788e+14
2.79783e+14
3.1836e+14
2.05498e+14
2.45612e+14
2.23249e+14
1.80748e+14
1.44437e+14
2.28232e+14
1.18601e+14
1.52002e+14
1.7433e+14
9.21116e+13
8.83279e+13
1.80061e+14
4.87277e+14
4.30713e+16
4.07288e+16
5.08944e+16
5.20477e+16
5.33439e+16
5.59026e+16
6.03435e+16
6.42186e+16
6.66543e+16
6.55422e+16
6.64949e+16
7.06519e+16
5.84004e+16
6.20085e+16
4.69631e+16
4.83499e+16
4.69755e+16
4.74554e+16
4.24317e+16
3.95763e+16
4.36854e+16
4.50731e+16
4.78097e+16
5.35247e+16
5.53146e+16
7.55048e+16
9.08493e+16
1.09217e+17
1.80799e+17
2.48196e+17
2.87568e+17
3.25992e+17
3.44902e+17
3.85424e+17
4.45047e+17
4.8933e+17
5.14966e+17
5.52646e+17
6.35355e+17
6.77254e+17
7.79168e+17
9.0343e+17
1.12249e+18
1.31398e+18
1.85652e+18
2.28537e+18
5.17559e+18
1.34287e+19
7.86419e+18
5.03657e+18
1.8211e+18
1.5868e+18
1.21263e+18
1.04816e+18
8.27306e+17
7.11351e+17
5.70254e+17
5.73627e+17
4.95538e+17
4.41608e+17
3.66861e+17
3.57434e+17
3.06158e+17
3.08676e+17
2.44769e+17
2.35636e+17
2.05759e+17
2.13079e+17
2.02816e+17
1.81983e+17
1.38585e+17
1.67272e+17
1.36111e+17
1.4054e+17
1.26807e+17
1.12587e+17
9.3299e+16
1.04713e+17
7.15205e+16
6.45009e+16
4.49489e+16
4.7083e+16
3.51253e+16
3.53295e+16
3.08295e+16
3.97967e+16
3.11838e+16
2.90612e+16
3.18495e+16
4.16703e+16
3.48807e+16
4.25006e+16
3.0794e+16
3.28403e+16
2.94367e+16
3.85283e+16
2.66254e+14
3.42098e+14
1.658e+14
6.76117e+13
2.46725e+14
3.05276e+14
6.66634e+14
5.34216e+14
4.15888e+14
4.12283e+14
3.93856e+14
2.78846e+14
3.43353e+14
3.74246e+14
3.74252e+14
1.86738e+14
1.99115e+14
2.60275e+14
1.19511e+14
3.66307e+13
1.80072e+13
1.83669e+13
6.78434e+13
3.17881e+13
2.86472e+12
1.93225e+12
6.54377e+13
9.32765e+12
7.30667e+12
1.69796e+13
4.08315e+12
2.51592e+13
1.28573e+13
1.9019e+13
6.75293e+12
4.90222e+12
1.23142e+13
5.3076e+12
9.60591e+11
9.76615e+11
4.59036e+12
1.73528e+13
1.67683e+13
9.85391e+12
2.8575e+13
1.31682e+13
1.29054e+13
2.56747e+13
5.1841e+13
3.43749e+13
2.33583e+13
3.74805e+13
7.63604e+13
8.5486e+13
1.01662e+14
1.0223e+14
1.66778e+14
1.93808e+14
2.9787e+14
1.94102e+14
2.18305e+14
1.11471e+14
6.18166e+13
4.00447e+13
5.05515e+13
5.80363e+13
2.93433e+13
7.73847e+13
6.85654e+13
6.90791e+13
4.81107e+13
6.02047e+13
1.30118e+14
7.46021e+13
2.03152e+14
8.15446e+13
1.66372e+14
1.58292e+14
2.20341e+14
2.55267e+14
3.20732e+14
3.19109e+14
2.85705e+14
2.59698e+14
2.2638e+14
2.0549e+14
2.6452e+14
1.69715e+14
2.70533e+14
1.34719e+14
1.04538e+14
1.16634e+14
2.06246e+14
1.25261e+14
1.44259e+14
2.60144e+14
3.35675e+16
4.08109e+16
4.58922e+16
4.53973e+16
3.79953e+16
3.70293e+16
4.20831e+16
4.7328e+16
5.43345e+16
5.62353e+16
5.16617e+16
5.79537e+16
4.80585e+16
5.62067e+16
4.37236e+16
3.95896e+16
4.04095e+16
3.82727e+16
3.39019e+16
3.65722e+16
3.54723e+16
3.69706e+16
4.33359e+16
3.90943e+16
5.07839e+16
5.90159e+16
7.5937e+16
9.25242e+16
1.73914e+17
2.29431e+17
2.65808e+17
2.84497e+17
3.25401e+17
3.46514e+17
4.16643e+17
4.09492e+17
5.0008e+17
5.06021e+17
5.87455e+17
6.69213e+17
7.36488e+17
8.61081e+17
1.02772e+18
1.22445e+18
1.85546e+18
2.41481e+18
5.5185e+18
1.23148e+19
8.10336e+18
4.67472e+18
1.72296e+18
1.51985e+18
1.08717e+18
9.45169e+17
7.86182e+17
6.9043e+17
5.48372e+17
5.16134e+17
4.15819e+17
4.03633e+17
2.8863e+17
2.94284e+17
2.47704e+17
2.36051e+17
1.97872e+17
1.976e+17
1.87877e+17
1.77105e+17
1.79605e+17
1.71768e+17
1.21185e+17
1.34218e+17
1.13281e+17
1.10884e+17
1.21471e+17
1.00116e+17
8.15503e+16
7.89485e+16
5.71325e+16
5.10342e+16
3.9219e+16
3.66037e+16
2.22351e+16
2.17905e+16
1.97475e+16
2.97792e+16
2.22836e+16
2.25555e+16
2.45399e+16
3.12579e+16
2.74328e+16
3.21693e+16
1.79603e+16
2.04245e+16
2.47896e+16
2.38161e+16
1.95883e+14
1.52686e+14
1.55471e+14
1.46489e+14
3.15905e+14
4.29126e+14
7.03664e+14
6.09589e+14
4.33114e+14
4.76838e+14
4.16918e+14
3.02822e+14
3.68807e+14
3.28019e+14
4.48812e+14
2.83192e+14
2.17802e+14
2.88622e+14
1.064e+14
7.80117e+13
5.50143e+13
1.26284e+13
7.49192e+13
2.46241e+13
6.276e+12
1.83442e+12
3.78802e+13
1.77804e+13
6.82823e+12
1.73742e+13
3.70865e+12
2.52185e+13
1.66934e+13
1.94259e+13
6.78455e+12
4.63083e+12
9.75674e+12
1.26287e+13
1.86817e+13
1.14624e+12
3.2526e+12
1.56622e+13
2.04556e+13
1.13394e+13
3.67031e+13
2.58816e+13
1.29314e+13
1.60264e+13
2.80342e+13
6.34029e+13
2.4461e+13
3.90139e+13
9.30396e+13
1.06889e+14
1.06338e+14
2.37253e+14
1.36629e+14
1.72076e+14
2.41034e+14
2.79168e+14
2.62687e+14
1.50718e+14
1.05799e+14
8.26072e+13
6.37929e+13
9.60689e+13
4.67981e+13
7.88995e+13
6.91893e+13
7.17135e+13
6.02698e+13
6.31522e+13
1.19773e+14
7.79814e+13
1.64998e+14
1.57692e+14
2.25251e+14
2.52273e+14
3.5081e+14
3.07183e+14
4.01728e+14
2.90643e+14
3.40988e+14
2.61812e+14
2.32325e+14
2.32575e+14
3.24827e+14
3.23163e+14
2.46018e+14
1.9684e+14
2.07964e+14
2.05058e+14
1.03105e+14
1.84906e+14
3.86393e+14
1.2457e+14
2.39251e+16
2.85418e+16
2.76533e+16
3.51509e+16
2.70367e+16
3.33868e+16
2.80789e+16
3.44009e+16
3.84599e+16
4.30956e+16
4.43125e+16
5.11545e+16
3.85764e+16
4.5699e+16
4.00123e+16
4.40825e+16
3.35225e+16
3.85774e+16
3.45478e+16
3.20555e+16
2.9118e+16
3.49997e+16
3.15803e+16
4.1903e+16
4.77183e+16
5.68127e+16
7.39576e+16
9.16445e+16
1.57846e+17
2.17296e+17
2.47094e+17
2.65644e+17
3.12422e+17
3.44115e+17
3.7671e+17
4.08713e+17
4.58706e+17
4.96179e+17
5.3091e+17
6.02835e+17
6.67253e+17
7.75149e+17
9.69767e+17
1.1428e+18
1.71862e+18
2.3805e+18
5.74718e+18
1.17198e+19
8.09348e+18
4.57027e+18
1.64599e+18
1.44134e+18
9.36466e+17
8.50857e+17
6.70664e+17
6.35706e+17
4.79305e+17
4.53684e+17
3.77262e+17
3.33779e+17
2.59827e+17
2.61301e+17
2.10392e+17
2.18842e+17
1.82771e+17
1.83712e+17
1.61275e+17
1.60767e+17
1.38109e+17
1.39279e+17
1.00441e+17
1.052e+17
1.00026e+17
1.04054e+17
9.92066e+16
8.41609e+16
6.41914e+16
6.65503e+16
5.00188e+16
4.57425e+16
3.03264e+16
2.73646e+16
2.2664e+16
1.67557e+16
1.62207e+16
2.05226e+16
2.02184e+16
1.88098e+16
1.94553e+16
2.20525e+16
1.58954e+16
1.85001e+16
1.43993e+16
1.35324e+16
1.58182e+16
1.59302e+16
1.35172e+14
1.49475e+14
2.33713e+14
2.37599e+14
4.67255e+14
5.47816e+14
9.17104e+14
7.53784e+14
6.93173e+14
5.49748e+14
5.5693e+14
3.82455e+14
3.72297e+14
4.06065e+14
4.5349e+14
3.02839e+14
2.82843e+14
3.11529e+14
1.04034e+14
8.69594e+13
1.73617e+14
9.14739e+13
9.24022e+13
2.1311e+13
6.26813e+12
1.92735e+12
3.69584e+13
2.0764e+13
6.44682e+12
1.77688e+13
3.80132e+12
1.91329e+13
7.48963e+12
7.92498e+12
1.11479e+13
6.11785e+12
1.31279e+13
9.27612e+12
7.01084e+12
1.03658e+12
2.48546e+12
1.19707e+13
2.11493e+13
1.03674e+13
5.39204e+13
2.61725e+13
1.3059e+13
1.28621e+13
2.48286e+13
2.33283e+13
4.65237e+13
3.91952e+13
9.71604e+13
1.08593e+14
1.45178e+14
2.51291e+14
1.67746e+14
1.76781e+14
2.33522e+14
2.96143e+14
2.44921e+14
1.97428e+14
1.55325e+14
1.0462e+14
7.05699e+13
9.73485e+13
2.51791e+13
7.64345e+13
9.19495e+13
4.52095e+13
1.2604e+14
8.55195e+13
1.57607e+14
1.18303e+14
1.45278e+14
1.19489e+14
2.53275e+14
2.13417e+14
4.49053e+14
3.34729e+14
3.92436e+14
3.42155e+14
4.48554e+14
3.29554e+14
3.75392e+14
2.5072e+14
4.60741e+14
3.49971e+14
2.8041e+14
1.99574e+14
2.114e+14
2.16908e+14
1.04465e+14
8.58933e+13
9.23653e+13
3.13533e+14
1.49174e+16
1.59421e+16
1.46714e+16
2.0293e+16
1.68034e+16
2.23509e+16
2.11289e+16
2.86852e+16
2.8941e+16
3.03495e+16
3.90122e+16
4.73611e+16
3.9629e+16
3.7379e+16
3.59156e+16
3.4629e+16
3.25555e+16
3.20396e+16
2.8285e+16
2.97828e+16
3.10366e+16
3.31127e+16
3.38863e+16
3.76532e+16
4.70943e+16
5.01608e+16
6.73162e+16
7.55186e+16
1.3988e+17
1.79587e+17
2.28126e+17
2.44225e+17
2.79275e+17
3.20393e+17
3.66797e+17
3.75824e+17
4.19052e+17
4.45118e+17
5.34068e+17
5.61534e+17
6.3505e+17
7.30952e+17
8.93003e+17
1.12612e+18
1.75551e+18
2.18311e+18
6.30686e+18
1.09475e+19
8.42137e+18
4.26559e+18
1.60582e+18
1.30552e+18
8.90988e+17
7.46875e+17
5.93278e+17
5.40554e+17
4.12265e+17
3.97175e+17
3.34656e+17
3.08429e+17
2.21449e+17
2.12475e+17
2.00487e+17
1.79107e+17
1.45087e+17
1.53769e+17
1.423e+17
1.25695e+17
1.11211e+17
1.1222e+17
9.51392e+16
8.5023e+16
7.10026e+16
8.26781e+16
7.76737e+16
7.21025e+16
5.05203e+16
5.1316e+16
3.64023e+16
3.38112e+16
2.68751e+16
2.41895e+16
1.87227e+16
1.36025e+16
1.41314e+16
1.49458e+16
1.49339e+16
1.60554e+16
1.04709e+16
1.43144e+16
1.11592e+16
1.06089e+16
1.20498e+16
1.0711e+16
9.77432e+15
1.13267e+16
2.40229e+14
2.38828e+14
2.33926e+14
3.39929e+14
6.03393e+14
6.23894e+14
9.29901e+14
9.70091e+14
9.55118e+14
8.14669e+14
6.51953e+14
5.61424e+14
3.97134e+14
4.2497e+14
5.43383e+14
3.78692e+14
2.81108e+14
3.49017e+14
1.0173e+14
9.34693e+13
2.07529e+14
1.27105e+14
7.78361e+13
1.78838e+13
6.30071e+12
2.01131e+12
4.26986e+13
2.55148e+13
1.91247e+13
1.63654e+13
7.80917e+12
1.31467e+13
1.2868e+13
6.72672e+12
7.89221e+12
4.14486e+13
2.59665e+13
3.62905e+13
6.34158e+13
2.74194e+13
2.3624e+12
9.4803e+12
2.45669e+13
1.65149e+13
3.39942e+13
2.82727e+13
2.31271e+13
1.4001e+13
2.21692e+13
1.83987e+13
4.43804e+13
3.86207e+13
1.48445e+14
1.43259e+14
2.40374e+14
3.72165e+14
3.47192e+14
2.6185e+14
2.53518e+14
2.48986e+14
3.83206e+14
2.3972e+14
1.28603e+14
1.47578e+14
7.25031e+13
9.67408e+13
2.09145e+13
6.40769e+13
7.45487e+13
4.74579e+13
1.62551e+14
2.85336e+14
2.41957e+14
2.51892e+14
1.3304e+14
1.50671e+14
2.3219e+14
2.81192e+14
5.02452e+14
4.89944e+14
4.14669e+14
3.67294e+14
4.08361e+14
3.26472e+14
3.55553e+14
3.37557e+14
3.9139e+14
4.49369e+14
3.23169e+14
3.7828e+14
1.66185e+14
1.65523e+14
1.9811e+14
1.2408e+14
1.55991e+14
1.57527e+14
8.45005e+15
1.07465e+16
9.08103e+15
1.14969e+16
1.08988e+16
1.35013e+16
1.31835e+16
1.76534e+16
2.00609e+16
2.43144e+16
2.7059e+16
3.3945e+16
3.71989e+16
3.23068e+16
2.93191e+16
3.29908e+16
2.93867e+16
2.86767e+16
2.72555e+16
2.85787e+16
2.81519e+16
2.79989e+16
3.46375e+16
2.87309e+16
3.93916e+16
4.45907e+16
5.61402e+16
6.73371e+16
1.17561e+17
1.66123e+17
2.0915e+17
2.28805e+17
2.44573e+17
2.69179e+17
3.18728e+17
3.50673e+17
3.76783e+17
4.12326e+17
4.6736e+17
5.17712e+17
5.68628e+17
6.58484e+17
8.13699e+17
1.02318e+18
1.61907e+18
2.18657e+18
6.7971e+18
1.05841e+19
8.68011e+18
4.01587e+18
1.49656e+18
1.20864e+18
8.12923e+17
6.70945e+17
4.93896e+17
4.64204e+17
3.62214e+17
3.50213e+17
2.43641e+17
2.46452e+17
2.04471e+17
1.80867e+17
1.87139e+17
1.50902e+17
1.428e+17
1.25226e+17
1.09764e+17
1.14253e+17
9.73169e+16
8.91925e+16
7.60746e+16
7.38953e+16
7.00975e+16
6.62528e+16
6.26925e+16
5.32862e+16
4.25385e+16
4.02139e+16
3.73856e+16
3.27572e+16
2.01175e+16
1.75954e+16
1.07682e+16
1.27843e+16
1.42314e+16
1.40265e+16
1.15866e+16
9.6635e+15
6.79023e+15
8.6963e+15
7.7882e+15
8.20472e+15
7.25714e+15
9.64244e+15
6.3989e+15
7.40176e+15
1.88247e+14
1.55499e+14
3.72732e+14
4.00544e+14
7.88079e+14
8.12632e+14
1.22381e+15
1.04577e+15
1.20541e+15
8.95029e+14
9.42054e+14
7.99873e+14
6.29759e+14
5.2948e+14
5.8527e+14
4.90806e+14
3.36009e+14
2.90221e+14
1.01436e+14
1.11625e+14
2.09488e+14
1.80025e+14
5.59954e+13
1.48057e+13
1.25249e+13
2.58768e+12
4.04825e+13
3.2806e+13
1.8972e+13
2.95777e+13
1.9613e+13
8.58632e+12
1.6528e+13
6.92493e+12
5.64819e+12
4.48986e+13
3.68063e+13
2.43298e+13
1.28698e+12
1.25741e+12
2.17664e+12
1.05659e+13
2.81045e+13
3.2886e+13
2.15235e+13
2.91677e+13
2.23021e+13
1.79104e+13
1.96709e+13
2.05039e+13
4.13034e+13
4.5197e+13
1.70871e+14
1.79115e+14
3.01223e+14
2.93043e+14
4.65166e+14
3.46391e+14
3.58304e+14
2.7232e+14
3.33257e+14
2.9133e+14
1.31787e+14
9.03023e+13
9.32453e+13
9.50861e+13
4.18067e+13
6.51108e+13
8.62617e+13
4.33063e+13
1.64543e+14
3.17469e+14
2.43554e+14
3.05491e+14
1.08349e+14
1.5994e+14
2.20201e+14
2.7928e+14
6.41194e+14
5.60039e+14
4.71976e+14
3.7596e+14
4.30992e+14
4.2309e+14
5.17021e+14
4.44332e+14
5.3443e+14
5.24298e+14
4.54075e+14
3.72964e+14
3.04806e+14
2.20387e+14
1.63306e+14
1.58412e+14
1.69463e+14
1.00309e+14
4.51003e+15
8.1181e+15
6.73502e+15
8.28226e+15
9.86542e+15
1.01841e+16
1.00805e+16
1.08767e+16
1.87222e+16
1.98931e+16
2.11992e+16
2.7509e+16
2.91489e+16
2.74996e+16
2.67549e+16
2.61008e+16
2.64948e+16
2.391e+16
2.16808e+16
2.66134e+16
2.75254e+16
2.73455e+16
2.75301e+16
3.18953e+16
2.97184e+16
3.61719e+16
3.89731e+16
4.74528e+16
1.15945e+17
1.5889e+17
1.75308e+17
1.99798e+17
2.13669e+17
2.40711e+17
2.76336e+17
2.95567e+17
3.18312e+17
3.53903e+17
4.06449e+17
4.54243e+17
4.88723e+17
5.79442e+17
6.90258e+17
8.99694e+17
1.4727e+18
2.13228e+18
7.41221e+18
1.0401e+19
7.53897e+18
3.46338e+18
1.29085e+18
1.10744e+18
6.92623e+17
5.94143e+17
4.14074e+17
3.72005e+17
2.81181e+17
2.71602e+17
2.14808e+17
2.16341e+17
1.69493e+17
1.63736e+17
1.33363e+17
1.24086e+17
1.08562e+17
1.09246e+17
8.52054e+16
9.98068e+16
8.36549e+16
6.71651e+16
6.06633e+16
6.56052e+16
5.64967e+16
5.82584e+16
5.25913e+16
4.78999e+16
3.32951e+16
3.47983e+16
2.90978e+16
2.83204e+16
1.32471e+16
1.29102e+16
1.2619e+16
1.10039e+16
8.46464e+15
1.06742e+16
7.26604e+15
8.74709e+15
5.48306e+15
4.8116e+15
4.48359e+15
5.48238e+15
4.37806e+15
4.86765e+15
4.97767e+15
4.70267e+15
1.96068e+14
3.12556e+14
4.25366e+14
5.88079e+14
1.15043e+15
1.21707e+15
1.42405e+15
1.42542e+15
1.37484e+15
1.16904e+15
1.09513e+15
8.78384e+14
8.57189e+14
7.20752e+14
7.01579e+14
4.08354e+14
4.0479e+14
2.98058e+14
1.53124e+14
1.48444e+14
2.48715e+14
1.94578e+14
6.07078e+13
1.33458e+13
9.49415e+12
8.01047e+12
3.78386e+13
3.19559e+13
2.01632e+13
3.20263e+13
3.54812e+13
2.30653e+13
1.87083e+13
8.02332e+12
1.3941e+13
1.8365e+13
5.36996e+13
1.27483e+13
2.21556e+12
1.34444e+12
2.50598e+12
5.16322e+12
3.07581e+13
3.52294e+13
5.82453e+13
3.65564e+13
2.18227e+13
1.80373e+13
2.01915e+13
2.85125e+13
4.10996e+13
4.8127e+13
2.61917e+14
2.43466e+14
3.97186e+14
3.17821e+14
5.36773e+14
3.53719e+14
4.4394e+14
3.36406e+14
5.55593e+14
3.59974e+14
1.88864e+14
1.23694e+14
1.24021e+14
1.05415e+14
1.12677e+14
6.70455e+13
1.16039e+14
6.86487e+13
1.26556e+14
3.06655e+14
2.00491e+14
3.69595e+14
2.31753e+14
1.93914e+14
2.3257e+14
3.23485e+14
6.5302e+14
6.70547e+14
6.18742e+14
4.4859e+14
5.90507e+14
6.16011e+14
6.7591e+14
6.2501e+14
5.91845e+14
7.19379e+14
5.94339e+14
4.23189e+14
5.98936e+14
2.386e+14
4.06205e+14
2.72634e+14
2.52436e+14
2.63936e+14
4.63743e+15
4.89855e+15
5.61917e+15
6.57693e+15
6.48325e+15
6.82512e+15
8.95617e+15
9.49711e+15
1.4702e+16
1.52241e+16
1.84536e+16
2.07057e+16
2.80844e+16
2.45555e+16
2.31004e+16
2.52797e+16
2.13095e+16
2.50051e+16
1.7777e+16
2.28496e+16
2.02042e+16
2.42238e+16
2.05783e+16
2.59516e+16
2.22355e+16
2.868e+16
3.16086e+16
3.76707e+16
9.77651e+16
1.3512e+17
1.64647e+17
1.8444e+17
1.79614e+17
2.04381e+17
2.54162e+17
2.72355e+17
2.73913e+17
3.00018e+17
3.34931e+17
3.84145e+17
4.26136e+17
4.75434e+17
6.10118e+17
7.76736e+17
1.37464e+18
1.95685e+18
8.12529e+18
1.03233e+19
5.98961e+18
2.35582e+18
1.15923e+18
9.13867e+17
5.8835e+17
5.32893e+17
3.47629e+17
3.00971e+17
2.35718e+17
2.25369e+17
1.92021e+17
1.7963e+17
1.4068e+17
1.32352e+17
9.57324e+16
1.04262e+17
8.78133e+16
9.08146e+16
6.81395e+16
7.22598e+16
7.16681e+16
6.03858e+16
5.32169e+16
5.28308e+16
4.89025e+16
4.21636e+16
4.38325e+16
3.81612e+16
2.38002e+16
2.68919e+16
2.53559e+16
2.27666e+16
8.27375e+15
1.0484e+16
9.08271e+15
8.82522e+15
5.65022e+15
6.59451e+15
5.90173e+15
8.06966e+15
2.43309e+15
3.47541e+15
3.25935e+15
3.65588e+15
3.14265e+15
2.73454e+15
2.21739e+15
2.60861e+15
3.07556e+14
1.89431e+14
4.75899e+14
7.12144e+14
1.56172e+15
1.68584e+15
2.07332e+15
1.80854e+15
1.74329e+15
1.55995e+15
1.17492e+15
1.05409e+15
1.23051e+15
9.2101e+14
7.34706e+14
3.73721e+14
4.77926e+14
2.91241e+14
1.09697e+14
1.19772e+14
2.61211e+14
2.01795e+14
7.06425e+13
1.29212e+13
9.63691e+12
8.40869e+12
3.89357e+13
3.56013e+13
1.9483e+13
3.83701e+13
3.00767e+13
5.47997e+13
1.38238e+13
1.07503e+13
1.53652e+13
2.58434e+13
6.06028e+13
3.76694e+13
1.36894e+13
1.5539e+13
6.59821e+12
9.20846e+12
5.41329e+13
3.61025e+13
4.79944e+13
7.56661e+13
2.60844e+13
1.84684e+13
1.80735e+13
3.04427e+13
4.13556e+13
9.07128e+13
2.99911e+14
3.17632e+14
4.89577e+14
3.16094e+14
6.32552e+14
4.64709e+14
4.14647e+14
3.72125e+14
6.59691e+14
5.32009e+14
2.26754e+14
1.63592e+14
2.69647e+14
1.80103e+14
1.32235e+14
7.90669e+13
1.25897e+14
7.35587e+13
1.13626e+14
2.71828e+14
2.20824e+14
2.8591e+14
5.21129e+14
3.81854e+14
3.07762e+14
5.10915e+14
8.59217e+14
8.55895e+14
7.99857e+14
6.09761e+14
7.26902e+14
6.61816e+14
1.01482e+15
7.56521e+14
7.1859e+14
8.18784e+14
9.12002e+14
7.36148e+14
7.84367e+14
5.46685e+14
2.85419e+14
1.91795e+14
3.18378e+14
2.16328e+14
2.6937e+15
4.12357e+15
2.66659e+15
3.00097e+15
4.7206e+15
5.30847e+15
5.15178e+15
7.542e+15
9.18812e+15
1.26831e+16
1.33276e+16
1.63107e+16
2.47431e+16
2.56933e+16
2.04601e+16
1.95587e+16
1.65029e+16
1.98349e+16
1.68902e+16
1.97296e+16
2.07411e+16
2.21808e+16
2.2211e+16
2.38546e+16
1.98368e+16
2.3325e+16
2.95802e+16
3.66582e+16
8.00365e+16
1.06221e+17
1.37759e+17
1.57218e+17
1.66505e+17
1.81757e+17
2.09583e+17
2.35701e+17
2.38335e+17
2.73918e+17
2.92572e+17
3.36496e+17
3.8888e+17
4.1518e+17
5.62223e+17
7.14494e+17
1.17674e+18
1.8204e+18
8.64793e+18
1.04493e+19
5.66455e+18
2.19076e+18
9.89202e+17
8.07869e+17
4.86373e+17
4.18353e+17
2.91874e+17
2.6214e+17
1.97694e+17
2.06585e+17
1.41578e+17
1.5274e+17
1.05396e+17
1.00112e+17
8.28335e+16
8.97296e+16
7.42111e+16
6.84068e+16
5.87925e+16
5.82715e+16
6.05187e+16
5.01682e+16
4.34793e+16
4.30039e+16
3.83158e+16
3.64402e+16
3.27814e+16
2.97373e+16
1.95729e+16
2.30211e+16
1.9955e+16
1.68231e+16
9.31958e+15
7.5023e+15
6.0988e+15
5.77974e+15
4.94965e+15
4.70332e+15
4.47974e+15
3.81895e+15
3.2065e+15
2.71923e+15
1.90974e+15
2.55741e+15
2.57633e+15
2.17484e+15
2.34127e+15
2.32579e+15
3.53243e+14
3.06291e+14
6.26744e+14
9.74696e+14
1.95058e+15
2.13915e+15
3.01024e+15
2.60954e+15
2.53529e+15
2.08659e+15
1.55937e+15
1.32399e+15
1.51622e+15
1.18259e+15
8.3126e+14
5.34151e+14
4.73807e+14
3.34295e+14
1.72408e+14
1.49009e+14
2.43972e+14
1.73034e+14
4.6632e+13
2.23266e+13
1.29091e+13
8.70775e+12
4.49125e+13
3.89349e+13
1.96763e+13
5.21755e+13
3.65503e+13
6.25973e+13
3.73544e+13
1.40395e+13
4.86258e+13
2.648e+13
4.98106e+13
1.6378e+13
1.59385e+13
2.36195e+13
1.16227e+13
1.33204e+13
7.4422e+13
6.79275e+13
6.83074e+13
8.40992e+13
3.59043e+13
2.11374e+13
1.63966e+13
3.1608e+13
5.07288e+13
1.08364e+14
3.62786e+14
4.97852e+14
6.20093e+14
4.89216e+14
8.73746e+14
6.40591e+14
6.09229e+14
4.56876e+14
7.65266e+14
5.486e+14
2.71984e+14
1.91275e+14
2.3421e+14
2.20892e+14
1.81079e+14
1.20972e+14
1.54195e+14
9.16882e+13
1.19356e+14
2.45229e+14
2.82389e+14
3.54412e+14
6.22083e+14
5.23888e+14
5.22406e+14
6.10297e+14
1.08683e+15
1.19557e+15
1.07634e+15
1.00859e+15
8.26656e+14
8.53885e+14
1.15847e+15
1.09024e+15
1.27321e+15
1.32237e+15
1.48302e+15
1.23475e+15
1.15079e+15
7.92493e+14
3.6855e+14
2.39036e+14
2.04036e+14
2.44025e+14
1.46413e+15
1.58773e+15
2.0453e+15
2.6895e+15
3.07235e+15
4.98886e+15
5.11157e+15
5.90242e+15
5.89464e+15
8.57507e+15
1.27304e+16
1.45118e+16
1.57981e+16
2.092e+16
1.67284e+16
1.94422e+16
1.6302e+16
1.78903e+16
1.52383e+16
1.57776e+16
1.72771e+16
1.98232e+16
2.04539e+16
2.03541e+16
2.14847e+16
2.00302e+16
2.60549e+16
2.93723e+16
6.44144e+16
8.74441e+16
1.15169e+17
1.41837e+17
1.53354e+17
1.62452e+17
1.74126e+17
2.02711e+17
2.03925e+17
2.40533e+17
2.73022e+17
3.03758e+17
3.30862e+17
3.79862e+17
4.88106e+17
6.04914e+17
1.03109e+18
1.65485e+18
8.79533e+18
1.19355e+19
5.23534e+18
2.00032e+18
8.27193e+17
6.40568e+17
3.99367e+17
3.76751e+17
2.2516e+17
2.26626e+17
1.59627e+17
1.53972e+17
1.04954e+17
1.12005e+17
8.42401e+16
8.54068e+16
7.0418e+16
6.7572e+16
6.22364e+16
6.16371e+16
5.06606e+16
5.73135e+16
4.51162e+16
4.66139e+16
3.1172e+16
3.17765e+16
3.0412e+16
2.89722e+16
2.74591e+16
2.54603e+16
1.65705e+16
1.54969e+16
1.33463e+16
1.46299e+16
7.54365e+15
7.46476e+15
5.15894e+15
3.74408e+15
4.1278e+15
3.58956e+15
4.6806e+15
2.48311e+15
2.05411e+15
1.89252e+15
2.05923e+15
2.3696e+15
1.55042e+15
1.38692e+15
1.69656e+15
1.36159e+15
5.25695e+14
3.82576e+14
8.7931e+14
1.42817e+15
3.16056e+15
3.08005e+15
4.49153e+15
3.73585e+15
3.90792e+15
2.74371e+15
2.66594e+15
2.12126e+15
2.21402e+15
1.70638e+15
1.29351e+15
9.11726e+14
6.58427e+14
3.71815e+14
3.27685e+14
2.23156e+14
2.40454e+14
1.96087e+14
1.55053e+14
2.33004e+13
2.03617e+13
9.49759e+12
1.19927e+14
7.54073e+13
2.12929e+13
7.29272e+13
3.81874e+13
7.55278e+13
7.2594e+13
7.72654e+13
6.53326e+13
3.70053e+13
4.11481e+13
2.72977e+13
2.03134e+13
1.69876e+13
2.46142e+13
2.79294e+13
8.21235e+13
8.40896e+13
6.7796e+13
1.15604e+14
9.01345e+13
3.95761e+13
1.63886e+13
1.59671e+13
1.17655e+14
1.07206e+14
5.43347e+14
6.43161e+14
8.98995e+14
7.59513e+14
9.79049e+14
7.53579e+14
7.57308e+14
7.08144e+14
1.08254e+15
7.01772e+14
5.38343e+14
3.23603e+14
3.35872e+14
2.6659e+14
2.17409e+14
1.90207e+14
1.3792e+14
1.11367e+14
1.29802e+14
4.07742e+14
3.2187e+14
2.71557e+14
8.8858e+14
7.04777e+14
7.14818e+14
1.08322e+15
1.5123e+15
1.44868e+15
1.78483e+15
1.44139e+15
1.11215e+15
1.15535e+15
1.82299e+15
1.47668e+15
2.40223e+15
2.03161e+15
2.30308e+15
1.76827e+15
1.99607e+15
1.30004e+15
6.7871e+14
3.7278e+14
3.63248e+14
3.85609e+14
8.82386e+14
1.47005e+15
1.6177e+15
2.93844e+15
2.13361e+15
2.48827e+15
2.5118e+15
4.10059e+15
4.28836e+15
6.2555e+15
9.23864e+15
1.0864e+16
1.39841e+16
1.74775e+16
1.59003e+16
1.53668e+16
1.41995e+16
1.42023e+16
1.26781e+16
1.48074e+16
1.51395e+16
1.88686e+16
2.11192e+16
1.86999e+16
2.31024e+16
2.02573e+16
2.22952e+16
2.64091e+16
4.52677e+16
6.76692e+16
1.01675e+17
1.18784e+17
1.23547e+17
1.40106e+17
1.46864e+17
1.7373e+17
1.835e+17
2.01927e+17
2.24172e+17
2.58419e+17
2.75411e+17
3.24263e+17
4.04673e+17
5.00514e+17
8.87939e+17
1.45232e+18
7.79108e+18
1.35868e+19
4.92839e+18
1.69609e+18
6.51708e+17
5.32934e+17
3.18451e+17
2.92522e+17
1.92729e+17
1.90208e+17
1.23315e+17
1.19192e+17
1.02176e+17
8.97709e+16
6.91074e+16
6.91553e+16
5.5018e+16
5.87924e+16
4.51852e+16
4.85918e+16
4.0218e+16
3.91456e+16
3.30234e+16
4.03175e+16
2.76563e+16
2.82026e+16
2.3629e+16
2.59049e+16
1.97134e+16
2.22042e+16
1.29641e+16
1.23074e+16
1.04513e+16
1.10402e+16
4.62957e+15
4.64367e+15
4.47975e+15
2.79507e+15
2.9538e+15
2.94337e+15
2.92314e+15
3.88075e+15
2.85513e+15
1.96852e+15
2.16255e+15
2.18215e+15
1.15712e+15
1.3484e+15
1.07474e+15
9.86346e+14
5.96866e+14
7.79156e+14
1.65873e+15
2.21592e+15
5.29517e+15
5.19709e+15
6.30621e+15
5.72207e+15
5.88786e+15
4.6209e+15
4.17727e+15
3.29422e+15
3.68757e+15
3.28834e+15
2.30224e+15
1.78741e+15
1.32514e+15
6.21799e+14
4.82072e+14
4.5909e+14
3.51956e+14
1.87609e+14
8.66769e+13
5.94874e+13
4.00006e+13
2.1465e+13
2.26276e+14
1.75575e+14
2.50711e+13
7.82155e+13
5.34235e+13
8.34323e+13
1.43151e+14
7.74823e+13
1.10715e+14
7.44588e+13
1.18251e+14
3.66529e+13
3.37941e+13
1.9013e+13
5.7454e+13
7.0955e+13
1.01475e+14
8.19029e+13
1.13116e+14
1.19614e+14
1.00036e+14
9.65601e+13
1.12248e+14
2.96548e+13
3.09267e+14
1.47296e+14
8.36952e+14
1.10215e+15
1.40275e+15
1.19091e+15
1.54807e+15
1.12692e+15
9.7505e+14
9.11368e+14
1.33646e+15
9.07493e+14
8.6486e+14
5.45845e+14
7.48906e+14
4.24163e+14
2.9871e+14
2.3553e+14
1.75231e+14
1.03725e+14
1.3582e+14
3.46707e+14
6.74962e+14
3.56707e+14
9.23219e+14
8.63431e+14
1.00333e+15
1.43475e+15
2.44163e+15
2.13556e+15
2.81695e+15
2.11497e+15
2.01014e+15
1.8587e+15
2.84086e+15
2.47618e+15
3.60081e+15
3.52825e+15
4.37649e+15
3.3527e+15
3.90796e+15
2.53798e+15
1.79899e+15
9.09391e+14
6.04398e+14
4.18514e+14
1.1042e+15
1.26721e+15
1.44181e+15
1.54435e+15
1.45443e+15
2.17053e+15
1.9939e+15
2.63103e+15
3.87911e+15
4.99916e+15
7.48465e+15
8.21919e+15
9.71099e+15
1.48055e+16
1.51456e+16
1.47487e+16
1.36007e+16
1.22784e+16
1.18317e+16
1.188e+16
1.26011e+16
1.58115e+16
1.68274e+16
1.84164e+16
1.95779e+16
1.98129e+16
2.15705e+16
2.30191e+16
3.40451e+16
5.47366e+16
7.54468e+16
9.27733e+16
1.05468e+17
1.14834e+17
1.36254e+17
1.51977e+17
1.56613e+17
1.75475e+17
1.83977e+17
2.15975e+17
2.24684e+17
2.65721e+17
3.43764e+17
4.18984e+17
7.25041e+17
1.21348e+18
5.17007e+18
1.36921e+19
4.70582e+18
2.33995e+18
5.68159e+17
4.42324e+17
2.74319e+17
2.32535e+17
1.65598e+17
1.56228e+17
1.21511e+17
1.07973e+17
7.94029e+16
7.27261e+16
6.10681e+16
5.90764e+16
4.03327e+16
4.55279e+16
4.33774e+16
4.37019e+16
3.42552e+16
3.59291e+16
2.45745e+16
2.69492e+16
2.81677e+16
2.39459e+16
1.82726e+16
2.19606e+16
1.47503e+16
1.45225e+16
1.09852e+16
8.74743e+15
7.26025e+15
1.0582e+16
9.60749e+15
3.82808e+15
3.75178e+15
4.96924e+15
4.44202e+15
3.79531e+15
2.47636e+15
2.8163e+15
2.91094e+15
2.37284e+15
1.80396e+15
2.04993e+15
1.77016e+15
1.37365e+15
2.45019e+15
1.1123e+15
1.1974e+15
1.26501e+15
2.63108e+15
4.00312e+15
6.86583e+15
7.88479e+15
8.3279e+15
7.50329e+15
7.42602e+15
6.07852e+15
5.56133e+15
4.89151e+15
4.63694e+15
5.03418e+15
2.45542e+15
2.26721e+15
1.61276e+15
1.37823e+15
9.80775e+14
6.77595e+14
5.0368e+14
3.07428e+14
1.04545e+14
5.44685e+13
2.83188e+13
5.13311e+12
3.05444e+14
2.35585e+14
2.86456e+13
7.54198e+13
6.16453e+13
6.26917e+13
2.26792e+14
1.74521e+14
1.20454e+14
1.79317e+14
1.51451e+14
8.24431e+13
6.61388e+13
4.39687e+13
2.60049e+14
8.52388e+13
2.39395e+14
1.03342e+14
1.36805e+14
1.7688e+14
1.27698e+14
1.97081e+14
1.56586e+14
6.82745e+13
4.44778e+14
3.83589e+14
8.63706e+14
1.25381e+15
1.92252e+15
1.69955e+15
1.6995e+15
1.57117e+15
1.13381e+15
1.15818e+15
1.43863e+15
1.12458e+15
1.04795e+15
8.75863e+14
8.50706e+14
6.35875e+14
3.86536e+14
3.0292e+14
4.52774e+14
1.62608e+14
2.04167e+14
3.96814e+14
8.3652e+14
6.31954e+14
1.85288e+15
1.56051e+15
1.15887e+15
1.47466e+15
2.89681e+15
2.74679e+15
3.49548e+15
2.77764e+15
3.02083e+15
2.38989e+15
3.48432e+15
3.35842e+15
4.1315e+15
5.52085e+15
6.03942e+15
5.76059e+15
5.21432e+15
4.32275e+15
2.38639e+15
1.7657e+15
9.8002e+14
9.11629e+14
9.48062e+14
1.2784e+15
9.78099e+14
1.16826e+15
9.59372e+14
1.13211e+15
3.52492e+15
2.6996e+15
3.80614e+15
4.43186e+15
6.11569e+15
7.57388e+15
8.33393e+15
1.26299e+16
1.47639e+16
1.35739e+16
1.38076e+16
1.10033e+16
1.11934e+16
1.12932e+16
1.24347e+16
1.19198e+16
1.77222e+16
1.99929e+16
1.52558e+16
1.78937e+16
1.92155e+16
2.23288e+16
3.50497e+16
4.85502e+16
6.47666e+16
8.24284e+16
9.80578e+16
1.03735e+17
1.25452e+17
1.39018e+17
1.34088e+17
1.51166e+17
1.68863e+17
1.93316e+17
2.10438e+17
2.29031e+17
3.05623e+17
3.65509e+17
6.59254e+17
1.02032e+18
4.98722e+18
1.29149e+19
3.95374e+18
1.33519e+18
5.0842e+17
3.95298e+17
2.32996e+17
1.98394e+17
1.48285e+17
1.34588e+17
1.0026e+17
1.00127e+17
7.36008e+16
6.30023e+16
4.71374e+16
4.83107e+16
3.75802e+16
4.09057e+16
3.95359e+16
3.71408e+16
2.74528e+16
3.03094e+16
2.34327e+16
2.91932e+16
2.10548e+16
2.03117e+16
1.64736e+16
1.69506e+16
1.43449e+16
1.1451e+16
1.15098e+16
1.02366e+16
6.12971e+15
6.03561e+15
6.41137e+15
4.54044e+15
1.78333e+15
2.43603e+15
3.22326e+15
2.56021e+15
2.22516e+15
2.4887e+15
2.23572e+15
1.75736e+15
1.66989e+15
1.28574e+15
1.46759e+15
1.38731e+15
1.246e+15
1.50704e+15
1.26726e+15
1.51551e+15
3.16972e+15
4.36123e+15
6.94534e+15
8.09198e+15
8.72888e+15
8.70679e+15
7.65669e+15
6.50252e+15
6.20666e+15
5.20732e+15
5.19831e+15
5.25251e+15
2.74468e+15
2.38727e+15
1.6826e+15
1.44978e+15
1.64688e+15
1.07156e+15
5.41375e+14
2.64449e+14
1.08387e+14
6.37011e+13
7.80446e+13
1.16209e+14
3.90634e+14
2.23135e+14
2.78798e+13
1.08594e+14
6.72611e+13
8.37187e+13
2.21706e+14
1.78308e+14
1.11628e+14
1.89115e+14
1.67415e+14
7.62924e+13
6.72347e+13
7.75649e+13
7.46985e+13
1.1304e+14
2.61373e+14
1.04444e+14
1.95726e+14
2.69226e+14
1.62365e+14
1.9606e+14
1.64357e+14
1.70256e+14
4.04912e+14
4.53537e+14
1.70646e+15
1.23585e+15
2.02174e+15
1.78432e+15
1.80796e+15
1.71795e+15
1.35863e+15
1.16646e+15
1.43591e+15
1.10606e+15
1.07629e+15
9.63699e+14
6.29025e+14
6.86538e+14
3.30731e+14
2.69284e+14
4.03875e+14
4.28849e+14
2.3798e+14
4.51524e+14
9.75618e+14
6.44514e+14
1.20868e+15
1.40852e+15
1.40347e+15
1.51726e+15
2.87533e+15
3.08335e+15
3.58864e+15
2.90915e+15
3.19403e+15
2.77936e+15
3.5856e+15
3.78564e+15
4.30777e+15
5.69194e+15
6.80441e+15
6.25593e+15
6.07269e+15
5.07062e+15
3.09741e+15
2.26443e+15
1.34989e+15
8.919e+14
9.71853e+14
1.2582e+15
1.36913e+15
1.91387e+15
8.32117e+14
1.34218e+15
2.63315e+15
2.97492e+15
3.24423e+15
4.31679e+15
5.41535e+15
6.54635e+15
8.36359e+15
1.06413e+16
1.22077e+16
1.18932e+16
1.18307e+16
1.10303e+16
1.04544e+16
1.2541e+16
9.87874e+15
1.43372e+16
1.36951e+16
1.64517e+16
1.56021e+16
1.54334e+16
2.12068e+16
2.28671e+16
4.43776e+16
5.47619e+16
5.82791e+16
7.52769e+16
8.43275e+16
9.26223e+16
1.18657e+17
1.2501e+17
1.21488e+17
1.32397e+17
1.55865e+17
1.77295e+17
1.88086e+17
2.09228e+17
2.8183e+17
3.527e+17
5.89074e+17
9.58052e+17
5.26596e+18
1.32992e+19
3.90178e+18
1.18412e+18
4.48371e+17
3.52075e+17
2.20385e+17
1.89875e+17
1.38508e+17
1.20218e+17
9.68301e+16
9.05938e+16
6.47033e+16
6.0711e+16
5.45585e+16
4.73317e+16
3.74537e+16
3.78573e+16
3.56213e+16
3.5087e+16
2.32501e+16
2.25215e+16
2.32579e+16
1.97876e+16
1.6625e+16
1.61841e+16
1.26566e+16
1.25679e+16
1.25558e+16
1.03796e+16
7.36686e+15
8.65996e+15
6.80848e+15
6.09485e+15
4.76407e+15
2.95204e+15
1.64709e+15
1.88863e+15
3.16227e+15
3.89689e+15
3.41923e+15
2.02802e+15
1.96295e+15
1.61455e+15
1.60437e+15
1.09438e+15
1.23428e+15
1.35738e+15
1.34847e+15
1.7416e+15
1.83261e+15
1.89356e+15
3.95514e+15
4.77768e+15
7.52596e+15
8.61511e+15
9.41727e+15
9.57799e+15
7.97213e+15
7.25159e+15
6.32699e+15
5.75628e+15
6.04949e+15
5.58956e+15
3.48551e+15
2.85433e+15
1.75667e+15
1.40386e+15
1.63756e+15
1.1128e+15
7.06155e+14
2.27021e+14
1.13346e+14
5.8909e+13
1.20961e+14
3.44713e+14
1.91426e+14
4.48544e+14
1.68711e+14
8.07672e+13
1.08324e+14
8.53871e+13
2.45561e+14
1.89195e+14
1.66248e+14
2.22928e+14
1.5094e+14
1.66246e+14
1.28144e+14
7.66057e+13
8.45829e+13
1.08069e+14
2.42711e+14
1.12421e+14
1.98904e+14
2.63684e+14
2.14746e+14
2.24818e+14
1.68188e+14
2.14735e+14
3.52812e+14
3.09958e+14
9.83442e+14
1.43982e+15
2.00206e+15
1.86589e+15
2.12309e+15
1.76987e+15
1.44048e+15
1.41828e+15
1.42725e+15
1.08573e+15
1.09974e+15
9.48336e+14
8.9222e+14
7.6034e+14
6.86e+14
4.98953e+14
2.63889e+14
4.18795e+14
3.45166e+14
4.96579e+14
1.06321e+15
9.17005e+14
1.87652e+15
1.38345e+15
1.84914e+15
1.63367e+15
3.56746e+15
3.41746e+15
4.05094e+15
3.13225e+15
3.29773e+15
2.78229e+15
4.13401e+15
4.18109e+15
4.96035e+15
5.93041e+15
7.49359e+15
7.08984e+15
7.99241e+15
5.82675e+15
3.98795e+15
2.50684e+15
2.19532e+15
1.46756e+15
1.58234e+15
1.357e+15
1.51337e+15
1.64645e+15
1.08753e+15
1.25406e+15
2.47027e+15
2.61044e+15
3.10422e+15
4.37198e+15
5.70507e+15
4.91085e+15
7.19335e+15
9.80108e+15
1.16958e+16
1.05604e+16
1.05507e+16
9.33347e+15
1.02642e+16
1.10998e+16
1.11349e+16
1.25654e+16
1.71757e+16
1.83468e+16
1.54422e+16
1.53074e+16
2.26454e+16
2.21128e+16
4.65269e+16
5.03543e+16
6.11384e+16
7.02221e+16
7.68833e+16
9.11418e+16
1.06309e+17
1.08888e+17
1.11906e+17
1.2485e+17
1.46183e+17
1.61664e+17
1.83582e+17
2.0179e+17
2.76902e+17
3.2772e+17
5.79564e+17
9.40169e+17
5.78911e+18
1.41735e+19
3.92899e+18
1.12018e+18
4.56652e+17
3.43781e+17
1.99541e+17
1.6497e+17
1.20217e+17
1.25428e+17
9.04854e+16
8.37603e+16
6.30636e+16
5.64001e+16
5.20416e+16
4.7423e+16
3.15937e+16
3.00334e+16
3.04385e+16
3.08244e+16
2.32025e+16
2.23668e+16
2.1174e+16
1.91607e+16
1.54779e+16
1.37427e+16
1.18844e+16
1.02946e+16
1.00392e+16
1.18939e+16
7.33522e+15
6.38608e+15
5.8239e+15
6.44115e+15
6.52355e+15
3.22003e+15
3.25089e+15
2.87505e+15
3.62726e+15
3.32194e+15
2.10035e+15
2.36221e+15
2.90717e+15
2.2348e+15
1.83068e+15
1.71163e+15
1.40785e+15
1.36247e+15
2.52241e+15
1.46157e+15
2.73353e+15
2.80486e+15
5.07674e+15
6.38568e+15
8.47915e+15
9.45103e+15
1.03231e+16
1.01712e+16
8.55504e+15
7.54158e+15
6.87416e+15
6.17297e+15
6.77612e+15
6.08727e+15
3.3876e+15
2.83258e+15
1.87405e+15
1.83382e+15
1.76478e+15
1.34413e+15
8.81302e+14
4.45052e+14
1.02943e+14
5.3467e+13
1.30704e+14
2.67871e+14
1.22498e+14
3.42753e+14
2.90222e+14
7.76799e+13
1.25436e+14
1.07245e+14
2.31793e+14
2.52348e+14
1.53677e+14
3.75032e+14
1.97542e+14
1.38717e+14
1.23773e+14
8.36297e+13
1.14899e+14
2.02037e+14
2.21245e+14
1.5051e+14
2.30156e+14
2.76159e+14
2.13072e+14
2.2911e+14
1.42994e+14
1.36774e+14
5.45728e+14
4.2154e+14
1.31834e+15
1.63626e+15
2.32867e+15
1.85919e+15
2.20151e+15
1.99678e+15
1.35966e+15
1.3517e+15
1.7714e+15
1.59961e+15
9.45716e+14
9.38363e+14
8.64394e+14
7.70536e+14
8.84642e+14
8.30002e+14
2.26037e+14
2.21249e+14
3.28984e+14
7.23913e+14
9.70465e+14
1.22778e+15
1.84546e+15
1.43817e+15
1.94214e+15
2.23291e+15
3.90622e+15
4.18078e+15
4.52144e+15
3.66527e+15
3.52053e+15
2.85934e+15
4.83167e+15
5.35703e+15
4.88887e+15
5.85664e+15
9.85248e+15
8.55591e+15
9.77303e+15
6.80657e+15
5.55911e+15
3.48776e+15
2.56273e+15
2.04966e+15
1.90114e+15
1.49017e+15
2.33501e+15
2.16395e+15
2.02269e+15
1.48142e+15
2.96167e+15
3.28844e+15
3.86516e+15
3.09205e+15
5.13033e+15
6.35627e+15
7.07023e+15
7.60734e+15
1.34837e+16
1.15952e+16
8.83205e+15
1.04945e+16
1.07906e+16
1.24888e+16
1.31058e+16
1.3376e+16
1.59965e+16
2.16516e+16
1.90799e+16
2.07984e+16
2.50147e+16
3.0736e+16
4.79311e+16
5.35239e+16
6.50378e+16
6.62184e+16
7.74295e+16
8.27708e+16
1.07282e+17
1.08234e+17
1.17394e+17
1.28057e+17
1.4179e+17
1.54111e+17
1.93337e+17
2.03129e+17
3.20609e+17
3.61065e+17
7.11027e+17
1.13283e+18
6.89576e+18
1.60781e+19
4.61697e+18
2.19481e+18
4.53157e+17
3.3771e+17
2.16846e+17
1.71787e+17
1.2546e+17
1.15168e+17
9.31909e+16
8.55538e+16
7.39606e+16
6.06927e+16
4.22716e+16
4.39592e+16
3.34099e+16
2.76164e+16
3.23331e+16
2.89686e+16
2.22448e+16
2.07429e+16
1.87981e+16
1.65688e+16
1.47886e+16
1.2195e+16
1.27697e+16
1.03973e+16
1.04563e+16
1.10372e+16
1.01229e+16
7.31316e+15
8.21025e+15
6.84633e+15
8.1857e+15
6.06232e+15
5.0961e+15
4.15238e+15
3.11138e+15
3.28331e+15
2.54102e+15
2.11911e+15
2.24477e+15
2.23013e+15
2.02548e+15
1.88785e+15
2.59566e+15
2.36214e+15
2.84273e+15
3.5583e+15
3.15113e+15
3.8207e+15
6.40759e+15
6.76296e+15
9.94784e+15
1.07222e+16
1.12651e+16
1.11771e+16
9.21326e+15
8.71422e+15
8.93185e+15
6.8792e+15
7.10385e+15
5.90696e+15
3.87487e+15
2.98697e+15
2.37391e+15
2.35613e+15
1.78828e+15
2.10968e+15
7.84701e+14
1.22623e+15
1.48136e+14
7.32828e+13
1.363e+14
2.54405e+14
1.04436e+14
3.62782e+14
5.36404e+13
1.41786e+14
1.24604e+14
1.08398e+14
2.24603e+14
2.55622e+14
1.94145e+14
3.40782e+14
4.31752e+14
1.85976e+14
1.17995e+14
1.13891e+14
1.39076e+14
2.0181e+14
3.29887e+14
1.87253e+14
3.06544e+14
3.047e+14
2.00648e+14
2.55694e+14
1.37562e+14
1.12999e+14
5.06437e+14
7.03518e+14
1.12873e+15
1.82679e+15
2.39052e+15
1.79419e+15
2.37667e+15
2.14989e+15
1.45874e+15
1.56249e+15
1.42689e+15
1.49011e+15
9.74439e+14
9.55198e+14
8.46612e+14
7.15195e+14
6.53196e+14
5.85252e+14
2.21233e+14
3.25062e+14
2.80631e+14
7.92179e+14
1.00481e+15
1.03388e+15
1.84392e+15
1.93858e+15
2.41417e+15
2.35003e+15
4.493e+15
4.43431e+15
5.11619e+15
4.55888e+15
4.26897e+15
3.31562e+15
5.76042e+15
5.48328e+15
5.50477e+15
6.26093e+15
1.05147e+16
1.01511e+16
1.11004e+16
8.54747e+15
7.91743e+15
5.22382e+15
4.14566e+15
2.87e+15
2.19075e+15
1.55001e+15
3.10232e+15
3.618e+15
4.27146e+15
2.83514e+15
4.04557e+15
3.41615e+15
4.51718e+15
6.27683e+15
7.23881e+15
7.37521e+15
8.02231e+15
9.17394e+15
1.43404e+16
1.15442e+16
1.25024e+16
9.24371e+15
1.43306e+16
1.34038e+16
1.6042e+16
1.60007e+16
2.26046e+16
2.16997e+16
3.16156e+16
2.55489e+16
3.52523e+16
3.64332e+16
6.02396e+16
6.22292e+16
7.82831e+16
7.37809e+16
8.8525e+16
8.92062e+16
1.23993e+17
1.30434e+17
1.47363e+17
1.43483e+17
1.93133e+17
1.83628e+17
2.57154e+17
2.65731e+17
4.35057e+17
4.70392e+17
1.04208e+18
1.58137e+18
8.41745e+18
1.80773e+19
4.09481e+18
2.1954e+18
4.82123e+17
3.57527e+17
2.33355e+17
1.86076e+17
1.37043e+17
1.21033e+17
1.01657e+17
9.1232e+16
7.18385e+16
6.24946e+16
4.12806e+16
3.87121e+16
3.84631e+16
3.3243e+16
3.13944e+16
2.88185e+16
2.43635e+16
2.20338e+16
1.90265e+16
1.9561e+16
1.75149e+16
1.54033e+16
1.11878e+16
1.15654e+16
1.54049e+16
1.05338e+16
1.21182e+16
1.03321e+16
9.7848e+15
7.24906e+15
7.20689e+15
7.03394e+15
4.43311e+15
5.06725e+15
3.5272e+15
3.40844e+15
4.1302e+15
2.90554e+15
3.5888e+15
2.82574e+15
4.39948e+15
3.19119e+15
3.30216e+15
2.9454e+15
3.84185e+15
3.56696e+15
4.10666e+15
4.63105e+15
7.40332e+15
8.82683e+15
1.1966e+16
1.23808e+16
1.1279e+16
1.1514e+16
9.6864e+15
9.61667e+15
1.01191e+16
8.53719e+15
7.9483e+15
6.07576e+15
4.29e+15
3.43184e+15
3.87379e+15
3.19756e+15
3.51859e+15
2.19159e+15
7.47365e+14
7.12838e+14
1.70315e+14
7.22527e+13
1.53347e+14
2.40455e+14
8.39701e+13
3.85558e+14
5.54834e+13
2.28504e+14
1.26071e+14
1.10413e+14
2.48588e+14
2.84085e+14
4.26567e+14
3.23156e+14
4.6844e+14
4.0138e+14
1.07809e+14
1.1536e+14
3.71076e+14
4.12091e+14
4.02376e+14
2.25722e+14
3.10672e+14
3.00926e+14
2.12584e+14
1.947e+14
2.17248e+14
7.2194e+13
5.14565e+14
7.35007e+14
1.39722e+15
2.31628e+15
2.63724e+15
1.94483e+15
2.62588e+15
2.71187e+15
1.58546e+15
1.65839e+15
1.56118e+15
1.79908e+15
1.04492e+15
1.06108e+15
8.5414e+14
6.89593e+14
6.5504e+14
4.96566e+14
3.7084e+14
2.55636e+14
2.61188e+14
4.28334e+14
1.15343e+15
1.14854e+15
1.70376e+15
1.89602e+15
2.5139e+15
2.61005e+15
4.73808e+15
4.60196e+15
5.91412e+15
4.74051e+15
5.529e+15
4.09187e+15
6.04029e+15
6.1336e+15
6.58915e+15
7.54639e+15
1.2149e+16
1.28184e+16
1.33714e+16
1.12092e+16
1.14146e+16
8.44559e+15
7.99639e+15
4.93494e+15
4.66016e+15
2.89597e+15
4.1526e+15
4.77718e+15
5.7635e+15
5.77667e+15
6.44819e+15
5.08787e+15
6.17628e+15
6.5867e+15
9.4246e+15
1.09088e+16
1.21641e+16
1.04052e+16
1.73152e+16
1.52349e+16
1.43874e+16
1.49982e+16
2.40991e+16
1.85984e+16
2.19436e+16
2.06681e+16
3.13575e+16
2.8476e+16
4.65517e+16
4.26028e+16
6.07639e+16
5.09618e+16
7.97355e+16
7.49665e+16
1.0627e+17
1.00696e+17
1.38147e+17
1.19994e+17
1.60498e+17
1.60081e+17
2.13729e+17
2.02664e+17
2.79854e+17
2.68924e+17
3.87562e+17
3.79591e+17
6.58346e+17
7.08206e+17
1.69492e+18
2.48568e+18
1.01521e+19
1.95579e+19
3.65175e+18
2.10374e+18
4.93218e+17
3.88523e+17
2.51485e+17
2.06848e+17
1.49543e+17
1.30184e+17
1.07929e+17
8.88477e+16
7.92625e+16
6.69186e+16
5.49534e+16
5.21676e+16
3.96619e+16
3.41584e+16
3.51828e+16
3.42523e+16
2.63558e+16
2.4178e+16
1.73664e+16
1.76323e+16
1.94188e+16
1.58715e+16
1.54908e+16
1.58627e+16
1.48088e+16
1.45716e+16
1.17918e+16
1.1593e+16
1.02209e+16
7.82638e+15
5.61732e+15
4.88689e+15
5.54386e+15
4.45104e+15
5.96983e+15
5.65774e+15
6.97053e+15
6.12951e+15
6.36144e+15
5.63911e+15
5.87764e+15
4.87484e+15
5.84699e+15
4.67308e+15
5.3655e+15
4.54326e+15
6.64376e+15
6.03194e+15
9.22906e+15
9.89014e+15
1.42948e+16
1.45138e+16
1.2259e+16
1.18256e+16
1.04684e+16
1.03915e+16
9.32671e+15
8.68924e+15
8.97213e+15
6.9989e+15
4.57577e+15
4.1611e+15
3.29318e+15
3.4622e+15
3.20501e+15
1.7264e+15
1.21894e+15
1.40966e+15
7.00574e+14
2.25913e+14
2.33955e+14
2.50765e+14
6.16149e+13
4.10324e+14
4.54579e+13
2.42931e+14
1.99089e+14
2.18393e+14
2.89344e+14
2.45491e+14
5.98735e+14
6.87654e+14
4.77602e+14
3.07155e+14
1.03233e+14
1.74067e+14
2.55854e+14
4.61259e+14
3.61748e+14
2.58713e+14
3.388e+14
2.99171e+14
2.09991e+14
1.83931e+14
1.99413e+14
8.67449e+13
5.69265e+14
3.61405e+14
1.5456e+15
2.70892e+15
3.26351e+15
2.66243e+15
2.5537e+15
3.18835e+15
2.06802e+15
1.88768e+15
1.80617e+15
1.88135e+15
9.32443e+14
1.44003e+15
1.04366e+15
1.66022e+15
6.20415e+14
5.29766e+14
4.02938e+14
3.88132e+14
2.72126e+14
4.3518e+14
1.7069e+15
1.84592e+15
1.71097e+15
2.26495e+15
2.46319e+15
2.99373e+15
4.90608e+15
5.16499e+15
6.17916e+15
5.57833e+15
5.34668e+15
5.1904e+15
6.43045e+15
7.37322e+15
7.66593e+15
8.02954e+15
1.42067e+16
1.51291e+16
1.6531e+16
1.46064e+16
1.63254e+16
1.30353e+16
1.28956e+16
9.3704e+15
8.29298e+15
6.42338e+15
1.0181e+16
7.49925e+15
9.70596e+15
9.26728e+15
1.37433e+16
9.52944e+15
1.14906e+16
1.20293e+16
1.62668e+16
1.8018e+16
1.96254e+16
1.66559e+16
2.45814e+16
2.14769e+16
2.60806e+16
2.22514e+16
3.73214e+16
3.27351e+16
3.73755e+16
3.41709e+16
5.98882e+16
4.51883e+16
6.30014e+16
6.60909e+16
9.20863e+16
8.5251e+16
1.11689e+17
1.03295e+17
1.39587e+17
1.43139e+17
1.94035e+17
1.97338e+17
2.52138e+17
2.32161e+17
3.17587e+17
2.91887e+17
4.11482e+17
3.94664e+17
6.11472e+17
6.02287e+17
1.03866e+18
1.14353e+18
2.72646e+18
3.74665e+18
1.12238e+19
2.03145e+19
3.69928e+18
2.37007e+18
5.0744e+17
3.7665e+17
2.71225e+17
2.25727e+17
1.67011e+17
1.37679e+17
1.09112e+17
9.72643e+16
7.57941e+16
7.7641e+16
6.11134e+16
5.77844e+16
5.14199e+16
3.80402e+16
3.95665e+16
3.8415e+16
3.19419e+16
3.10272e+16
3.17704e+16
2.64941e+16
2.26954e+16
2.16203e+16
1.97216e+16
1.81821e+16
1.46861e+16
1.4798e+16
1.34301e+16
9.98656e+15
1.09519e+16
9.98144e+15
9.3148e+15
8.05855e+15
6.59278e+15
6.46185e+15
6.06932e+15
6.25098e+15
6.60255e+15
7.03736e+15
8.14313e+15
6.66468e+15
5.94599e+15
6.15321e+15
7.90025e+15
6.8254e+15
6.68171e+15
7.56056e+15
8.38285e+15
8.54189e+15
1.10292e+16
1.24244e+16
1.49474e+16
1.5232e+16
1.45898e+16
1.26357e+16
1.14514e+16
1.12377e+16
1.02479e+16
9.22496e+15
9.3177e+15
7.70032e+15
4.74794e+15
4.6528e+15
3.76165e+15
4.49414e+15
2.16503e+15
1.85364e+15
2.8042e+15
2.07916e+15
9.11707e+14
3.8744e+14
4.79889e+14
2.82181e+14
5.36465e+13
4.03332e+14
8.01726e+13
1.3886e+14
3.41275e+14
3.68376e+14
2.39421e+14
2.30665e+14
6.91368e+14
7.02471e+14
4.88689e+14
3.1117e+14
1.36309e+14
1.95484e+14
1.58458e+14
4.08708e+14
2.91593e+14
3.5027e+14
5.05417e+14
3.50001e+14
2.07458e+14
1.81786e+14
2.21501e+14
2.25695e+14
4.79237e+14
3.57641e+14
1.83259e+15
2.86963e+15
2.80303e+15
2.51061e+15
2.84756e+15
3.52201e+15
1.76608e+15
1.72793e+15
2.03464e+15
2.00968e+15
1.03485e+15
1.13038e+15
1.00735e+15
1.83304e+15
7.48248e+14
5.86466e+14
3.7712e+14
4.02762e+14
4.60684e+14
4.82321e+14
1.44784e+15
2.73779e+15
1.94043e+15
3.11573e+15
2.24846e+15
2.98587e+15
5.14107e+15
6.25868e+15
6.87245e+15
6.09072e+15
5.6222e+15
5.88004e+15
6.44146e+15
7.61686e+15
9.31059e+15
9.52962e+15
1.56153e+16
1.83272e+16
2.42125e+16
2.2469e+16
2.20181e+16
2.09725e+16
2.15844e+16
1.78682e+16
1.79996e+16
1.48479e+16
1.35221e+16
1.42633e+16
1.93937e+16
1.6143e+16
2.20484e+16
1.73193e+16
2.26214e+16
2.34986e+16
2.86742e+16
2.51548e+16
3.47657e+16
2.9107e+16
4.23156e+16
3.30252e+16
4.95944e+16
4.01327e+16
5.57078e+16
4.76085e+16
6.706e+16
6.06414e+16
9.32499e+16
8.5313e+16
1.08938e+17
9.93246e+16
1.52459e+17
1.33606e+17
1.68371e+17
1.60354e+17
2.12231e+17
2.05672e+17
2.85131e+17
2.77404e+17
3.61664e+17
3.70993e+17
4.90877e+17
4.58943e+17
6.30209e+17
6.41864e+17
9.71797e+17
9.56858e+17
1.59559e+18
1.7627e+18
3.82472e+18
5.07762e+18
1.17637e+19
1.95651e+19
3.27375e+18
2.50783e+18
5.56545e+17
3.827e+17
2.4737e+17
2.18555e+17
1.80729e+17
1.64976e+17
1.39712e+17
1.13796e+17
9.67919e+16
7.80321e+16
6.61459e+16
5.84584e+16
5.18714e+16
4.6947e+16
4.9868e+16
4.4792e+16
3.35842e+16
3.54955e+16
2.95494e+16
2.76986e+16
2.38911e+16
2.15481e+16
2.07855e+16
1.93783e+16
1.7225e+16
1.72909e+16
1.7262e+16
1.31473e+16
1.26245e+16
1.10706e+16
1.18084e+16
1.06663e+16
1.15228e+16
8.69844e+15
9.3659e+15
8.35952e+15
9.41489e+15
9.15238e+15
8.52035e+15
8.17132e+15
9.62549e+15
1.0539e+16
9.97888e+15
7.88764e+15
8.80127e+15
8.69567e+15
9.74934e+15
1.01362e+16
1.32713e+16
1.35783e+16
1.68443e+16
1.60638e+16
1.44019e+16
1.51543e+16
1.28388e+16
1.20173e+16
1.18301e+16
1.01753e+16
9.51712e+15
7.74876e+15
5.22898e+15
4.84695e+15
4.31646e+15
4.19109e+15
2.99767e+15
2.16891e+15
3.30282e+14
6.70209e+14
5.60337e+14
3.60585e+14
6.51334e+14
3.51024e+14
4.40092e+13
2.54283e+14
2.82096e+14
1.16632e+14
4.11831e+14
1.92056e+14
3.72518e+14
1.58897e+14
7.6603e+14
8.86872e+14
5.94749e+14
4.81256e+14
1.80197e+14
2.10523e+14
1.69134e+14
3.12742e+14
2.23455e+14
2.84747e+14
5.21179e+14
3.65777e+14
1.96493e+14
1.75411e+14
2.51075e+14
8.34336e+14
8.31749e+14
3.2407e+14
2.39789e+15
3.78976e+15
2.98559e+15
2.9141e+15
3.10786e+15
3.11391e+15
2.4278e+15
1.83182e+15
2.16578e+15
2.52969e+15
1.11789e+15
1.29685e+15
1.05532e+15
6.63892e+14
9.16346e+14
5.8058e+14
4.59403e+14
6.99082e+14
9.52132e+14
5.50224e+14
1.28827e+15
2.64126e+15
2.6622e+15
3.45889e+15
2.76114e+15
2.51501e+15
5.59591e+15
6.64188e+15
7.2521e+15
6.93341e+15
5.94682e+15
6.27284e+15
8.64107e+15
8.16708e+15
1.03198e+16
1.25518e+16
1.827e+16
2.16842e+16
3.26608e+16
3.01143e+16
3.24391e+16
3.14821e+16
3.7769e+16
3.17194e+16
3.52404e+16
2.36725e+16
3.49791e+16
2.3526e+16
3.73211e+16
2.98123e+16
3.61178e+16
3.38747e+16
4.57215e+16
3.78451e+16
4.91709e+16
4.12544e+16
6.3121e+16
5.59747e+16
6.52785e+16
5.56506e+16
7.56261e+16
7.42357e+16
8.85816e+16
7.65974e+16
1.08218e+17
1.01825e+17
1.3961e+17
1.27745e+17
1.69775e+17
1.67229e+17
2.23848e+17
2.29707e+17
2.67436e+17
2.47418e+17
3.37682e+17
3.09466e+17
4.23818e+17
4.19883e+17
5.27265e+17
5.32778e+17
7.03064e+17
6.73161e+17
9.22332e+17
9.42785e+17
1.41394e+18
1.46611e+18
2.29517e+18
2.57351e+18
4.82197e+18
6.17747e+18
1.13894e+19
1.82878e+19
2.96663e+18
2.46441e+18
6.34933e+17
4.38386e+17
2.57555e+17
2.41179e+17
1.8648e+17
1.6254e+17
1.30545e+17
1.14856e+17
9.36714e+16
9.47834e+16
7.09992e+16
7.40447e+16
6.59564e+16
6.03806e+16
4.64351e+16
4.42996e+16
4.44045e+16
3.78167e+16
3.25361e+16
3.11827e+16
2.89202e+16
2.64095e+16
2.32526e+16
2.17698e+16
1.98866e+16
1.64731e+16
1.86492e+16
1.85477e+16
1.70124e+16
1.44526e+16
1.33765e+16
1.34371e+16
1.0927e+16
1.15893e+16
1.02315e+16
1.01361e+16
1.27831e+16
1.11908e+16
1.14318e+16
1.00148e+16
1.37457e+16
1.00991e+16
1.17139e+16
1.22923e+16
1.21049e+16
9.79024e+15
1.23907e+16
1.19629e+16
1.53496e+16
1.53616e+16
2.01454e+16
1.70821e+16
1.44069e+16
1.42078e+16
1.38006e+16
1.26493e+16
1.24066e+16
1.19835e+16
9.39287e+15
9.01255e+15
5.5157e+15
4.79073e+15
4.83162e+15
4.15369e+15
3.8979e+15
2.10014e+15
4.83033e+14
6.78525e+14
2.35412e+14
6.66792e+14
5.90097e+14
4.00167e+14
5.38022e+13
1.41131e+14
3.63372e+14
1.46499e+14
8.8622e+14
9.31763e+14
5.45012e+14
1.84791e+14
7.31621e+14
9.9984e+14
7.98376e+14
4.72664e+14
2.23125e+14
2.48921e+14
2.63792e+14
2.74523e+14
3.746e+14
2.7466e+14
5.5865e+14
6.37117e+14
1.94134e+14
1.64099e+14
2.62428e+14
6.66547e+14
9.09722e+14
4.60373e+14
2.59448e+15
3.94198e+15
3.09257e+15
3.10881e+15
2.55166e+15
3.46976e+15
2.54648e+15
1.7881e+15
2.20578e+15
2.99406e+15
1.25422e+15
1.36644e+15
7.42275e+14
4.77533e+14
8.39065e+14
1.46368e+15
5.34449e+14
1.10586e+15
1.79925e+15
1.3768e+15
1.08378e+15
2.38246e+15
3.10105e+15
3.53997e+15
3.68118e+15
3.45641e+15
5.43751e+15
6.53692e+15
8.28143e+15
8.67434e+15
6.26465e+15
5.86718e+15
9.49729e+15
1.08713e+16
1.36019e+16
1.29343e+16
2.23018e+16
2.71351e+16
4.20167e+16
3.87466e+16
4.83514e+16
4.35464e+16
6.25561e+16
5.10379e+16
5.95939e+16
5.51057e+16
6.34301e+16
5.22585e+16
7.1842e+16
5.02376e+16
6.16155e+16
5.53612e+16
6.83634e+16
6.61017e+16
8.53078e+16
7.58964e+16
1.07953e+17
9.07542e+16
1.01626e+17
9.95084e+16
1.12854e+17
1.02556e+17
1.48164e+17
1.33004e+17
1.76103e+17
1.51663e+17
1.97561e+17
2.17349e+17
2.73357e+17
2.58282e+17
3.07024e+17
2.98929e+17
3.865e+17
3.85443e+17
4.64706e+17
4.7554e+17
5.41331e+17
5.83087e+17
7.1228e+17
7.22681e+17
9.51657e+17
9.29426e+17
1.25273e+18
1.21268e+18
1.91482e+18
2.03367e+18
2.9985e+18
3.32729e+18
5.42839e+18
6.73786e+18
1.04431e+19
1.68944e+19
2.72663e+18
2.44736e+18
6.36533e+17
4.03181e+17
2.47259e+17
2.26233e+17
1.99854e+17
1.65391e+17
1.29573e+17
1.13277e+17
9.41426e+16
8.71324e+16
7.43364e+16
6.72074e+16
6.20372e+16
5.4572e+16
4.67913e+16
4.55905e+16
3.51573e+16
4.13399e+16
3.08107e+16
3.27511e+16
2.76549e+16
2.69414e+16
2.24561e+16
2.13603e+16
2.06909e+16
1.92176e+16
1.51884e+16
1.92681e+16
1.59182e+16
1.68844e+16
1.32405e+16
1.22636e+16
1.38636e+16
1.20942e+16
1.49031e+16
1.52024e+16
1.61892e+16
1.33762e+16
1.33521e+16
1.41532e+16
1.41788e+16
1.28807e+16
1.39615e+16
1.41127e+16
1.30039e+16
1.28985e+16
1.49814e+16
1.56148e+16
1.90754e+16
1.90731e+16
2.11657e+16
1.91075e+16
1.45537e+16
1.49517e+16
1.34816e+16
1.3861e+16
1.25324e+16
1.17378e+16
9.5178e+15
9.45794e+15
6.14399e+15
5.39035e+15
6.43088e+15
4.78873e+15
2.45248e+15
1.8855e+15
2.88259e+14
5.55836e+14
6.5972e+14
3.76543e+14
5.64456e+14
7.08957e+14
2.13798e+14
2.11148e+14
3.44938e+14
1.22043e+14
1.20667e+15
7.90959e+14
7.28143e+14
2.65571e+14
6.30316e+14
8.84912e+14
1.07894e+15
4.91474e+14
2.54585e+14
3.5432e+14
2.28273e+14
2.81828e+14
3.26741e+14
2.46335e+14
4.87332e+14
6.96644e+14
4.96218e+14
1.8874e+14
3.79295e+14
1.32498e+15
2.01373e+15
5.04468e+14
2.25393e+15
4.65323e+15
3.10911e+15
3.28105e+15
2.50189e+15
2.81699e+15
2.64293e+15
2.23772e+15
2.56147e+15
3.22571e+15
1.28575e+15
1.25799e+15
6.49645e+14
4.14195e+14
6.58354e+14
5.98678e+14
8.03977e+14
9.31755e+14
1.15883e+15
1.39688e+15
1.31931e+15
1.27477e+15
3.57941e+15
4.14992e+15
3.44495e+15
3.31175e+15
6.33399e+15
7.40989e+15
8.06487e+15
1.08171e+16
7.13426e+15
7.18272e+15
9.15149e+15
1.13332e+16
1.57762e+16
1.47393e+16
2.4476e+16
3.30281e+16
5.10114e+16
4.95057e+16
6.82974e+16
6.29247e+16
8.54546e+16
8.20243e+16
9.48674e+16
7.88896e+16
1.09224e+17
9.64569e+16
1.05034e+17
9.52708e+16
1.13205e+17
9.00103e+16
1.08267e+17
1.04509e+17
1.30901e+17
1.18472e+17
1.38514e+17
1.39274e+17
1.66233e+17
1.43381e+17
1.61647e+17
1.60951e+17
2.18844e+17
1.97548e+17
2.52797e+17
2.31452e+17
2.9711e+17
2.75798e+17
3.55283e+17
3.60144e+17
4.37727e+17
3.98046e+17
4.98626e+17
5.01023e+17
6.22585e+17
6.01641e+17
7.4031e+17
7.39075e+17
9.99204e+17
9.4026e+17
1.17578e+18
1.18067e+18
1.52425e+18
1.66304e+18
2.2191e+18
2.51037e+18
3.53571e+18
4.00914e+18
5.75745e+18
7.01799e+18
9.65382e+18
1.53168e+19
2.49801e+18
2.35497e+18
5.85306e+17
3.624e+17
2.2754e+17
2.21194e+17
1.7342e+17
1.69211e+17
1.36328e+17
1.18113e+17
9.9702e+16
8.87269e+16
7.92928e+16
7.59927e+16
7.18099e+16
5.55445e+16
5.94192e+16
4.71765e+16
4.60381e+16
4.4384e+16
3.55309e+16
2.93425e+16
3.19139e+16
2.5623e+16
2.52041e+16
2.18699e+16
2.3261e+16
1.89628e+16
1.78382e+16
1.56044e+16
2.11086e+16
1.82995e+16
2.06412e+16
2.10546e+16
1.88958e+16
1.83298e+16
1.61603e+16
1.74286e+16
1.59931e+16
1.58352e+16
1.64095e+16
1.43383e+16
1.54e+16
1.38456e+16
1.33047e+16
1.42199e+16
1.55942e+16
1.48742e+16
1.72148e+16
1.79408e+16
2.05309e+16
2.31296e+16
2.14574e+16
1.93299e+16
1.77423e+16
1.50149e+16
1.53213e+16
1.45385e+16
1.32395e+16
1.25343e+16
9.52377e+15
8.70261e+15
6.64493e+15
7.15781e+15
4.76783e+15
3.90513e+15
3.40685e+15
2.24339e+15
2.37988e+15
2.20993e+15
1.46115e+15
3.0234e+14
7.01806e+14
5.32617e+14
1.69127e+14
5.3157e+14
1.11285e+15
2.62864e+14
1.34852e+15
7.59757e+14
1.29593e+15
3.4273e+14
6.78843e+14
8.77776e+14
8.76664e+14
7.18115e+14
5.79678e+14
3.5933e+14
3.01089e+14
2.68139e+14
3.43738e+14
1.88046e+14
4.02176e+14
4.96783e+14
8.03581e+14
5.59935e+14
4.76301e+14
2.15073e+15
2.46655e+15
7.96803e+14
2.44289e+15
4.47419e+15
3.08597e+15
3.02761e+15
2.67168e+15
2.93912e+15
3.01553e+15
2.28382e+15
2.47285e+15
2.69824e+15
2.00357e+15
1.05557e+15
5.85884e+14
3.92662e+14
6.51134e+14
4.49108e+14
1.04395e+15
1.23014e+15
1.94041e+15
1.69718e+15
1.86839e+15
1.89707e+15
3.55541e+15
5.07309e+15
5.07267e+15
2.66101e+15
6.50236e+15
7.68153e+15
7.91692e+15
1.0653e+16
8.40186e+15
8.93226e+15
9.5927e+15
1.37304e+16
1.61016e+16
1.55884e+16
2.82834e+16
3.59829e+16
5.94396e+16
5.95879e+16
8.5091e+16
8.65858e+16
1.06669e+17
1.03413e+17
1.32738e+17
1.27824e+17
1.46733e+17
1.40892e+17
1.54056e+17
1.45012e+17
1.6609e+17
1.5691e+17
1.70286e+17
1.6466e+17
1.88238e+17
1.73738e+17
1.95655e+17
1.91788e+17
2.33198e+17
2.17721e+17
2.60893e+17
2.22335e+17
2.74698e+17
2.79075e+17
3.38796e+17
3.12841e+17
3.63655e+17
3.61571e+17
4.65992e+17
4.5329e+17
5.3683e+17
5.47358e+17
6.36916e+17
6.05011e+17
7.58806e+17
7.39014e+17
9.06069e+17
9.38071e+17
1.07904e+18
1.17743e+18
1.39857e+18
1.43798e+18
1.82363e+18
1.94696e+18
2.51958e+18
2.83776e+18
3.81811e+18
4.32021e+18
5.94322e+18
6.92863e+18
9.65372e+18
1.48579e+19
2.35518e+18
2.25833e+18
5.43629e+17
3.16101e+17
2.11431e+17
1.90702e+17
1.53306e+17
1.48676e+17
1.50665e+17
1.24044e+17
1.03428e+17
9.43654e+16
8.4099e+16
7.01194e+16
6.52596e+16
7.01462e+16
5.4611e+16
5.27976e+16
5.37755e+16
4.4899e+16
3.86624e+16
3.7263e+16
3.38856e+16
3.15048e+16
2.75062e+16
2.7266e+16
2.47389e+16
2.49748e+16
2.24538e+16
2.23202e+16
2.275e+16
2.13095e+16
2.01432e+16
1.91052e+16
2.15793e+16
1.99237e+16
2.30315e+16
1.8802e+16
1.87604e+16
1.84695e+16
1.67182e+16
1.63785e+16
1.45491e+16
1.67723e+16
1.75526e+16
1.50311e+16
2.20495e+16
2.30865e+16
2.35157e+16
2.06693e+16
2.25397e+16
2.28437e+16
2.23128e+16
2.16161e+16
1.82416e+16
1.67661e+16
1.49415e+16
1.57369e+16
1.34798e+16
1.24426e+16
9.70353e+15
9.15513e+15
7.74893e+15
7.55262e+15
5.46066e+15
4.18838e+15
4.92346e+15
4.20506e+15
4.04759e+15
3.66144e+15
2.50366e+15
1.09966e+15
6.00067e+14
2.27402e+14
4.23905e+14
2.08244e+14
4.09049e+14
2.80265e+15
2.11415e+15
1.05547e+15
1.45992e+15
1.01542e+15
9.25875e+14
1.21674e+15
1.12613e+15
8.52384e+14
7.58689e+14
7.58615e+14
2.88088e+14
3.13747e+14
3.20889e+14
1.79394e+14
3.67672e+14
4.09783e+14
6.29764e+14
3.11741e+14
8.71232e+14
2.52245e+15
2.4475e+15
1.95552e+15
3.09526e+15
4.32854e+15
3.27183e+15
2.92988e+15
2.79972e+15
3.03976e+15
2.78804e+15
2.40618e+15
2.45637e+15
2.5962e+15
2.15969e+15
1.04741e+15
6.00867e+14
3.9659e+14
6.81489e+14
6.63294e+14
1.60635e+15
1.38564e+15
1.0497e+15
4.19088e+15
2.56773e+15
3.06491e+15
3.93973e+15
4.9786e+15
7.46855e+15
4.33802e+15
7.11068e+15
7.31801e+15
7.90133e+15
1.11455e+16
9.50375e+15
9.25411e+15
9.73476e+15
1.25103e+16
1.79756e+16
1.67942e+16
2.81842e+16
3.76532e+16
7.15537e+16
7.46647e+16
1.02928e+17
1.07283e+17
1.3071e+17
1.26763e+17
1.67395e+17
1.66906e+17
1.8916e+17
1.96025e+17
1.95127e+17
1.79714e+17
2.18405e+17
2.04414e+17
2.4511e+17
2.24375e+17
2.32319e+17
2.18542e+17
2.66535e+17
2.4584e+17
2.90323e+17
2.86873e+17
3.43161e+17
3.18414e+17
3.53703e+17
3.3497e+17
3.68508e+17
4.3781e+17
4.5183e+17
4.58559e+17
5.2877e+17
5.18714e+17
6.47413e+17
6.2874e+17
7.38523e+17
7.45876e+17
8.6625e+17
8.63715e+17
1.02536e+18
1.13528e+18
1.25195e+18
1.33883e+18
1.60137e+18
1.63412e+18
2.02021e+18
2.24119e+18
2.81521e+18
3.0856e+18
4.12475e+18
4.64581e+18
5.89578e+18
6.75304e+18
8.9709e+18
1.57284e+19
2.13197e+18
2.27463e+18
3.42695e+17
2.4391e+17
1.75394e+17
1.77134e+17
1.33001e+17
1.38445e+17
1.08419e+17
8.94311e+16
9.50265e+16
8.52164e+16
8.14095e+16
8.48128e+16
6.90051e+16
5.61072e+16
4.75697e+16
5.02672e+16
4.12692e+16
4.87869e+16
4.59506e+16
4.17389e+16
3.7879e+16
4.15286e+16
3.74778e+16
4.21439e+16
3.15051e+16
2.76432e+16
2.70108e+16
2.69375e+16
2.62363e+16
2.32892e+16
2.1518e+16
2.18475e+16
2.22037e+16
2.39683e+16
1.87153e+16
1.80683e+16
1.69739e+16
1.76949e+16
2.1837e+16
1.83292e+16
2.44057e+16
2.20184e+16
2.33435e+16
2.71396e+16
2.56651e+16
2.17588e+16
2.31546e+16
2.33293e+16
2.58558e+16
2.42403e+16
2.34604e+16
2.17316e+16
2.06942e+16
1.79607e+16
1.53161e+16
1.61298e+16
1.40297e+16
1.25243e+16
1.09447e+16
9.28557e+15
8.21712e+15
7.40952e+15
6.61455e+15
5.59584e+15
9.25959e+15
7.05049e+15
5.64887e+15
3.93519e+15
4.74553e+15
2.20104e+15
6.14951e+14
3.15822e+14
7.64389e+14
6.23724e+14
8.03926e+14
3.00505e+14
2.66005e+15
1.66489e+15
1.7209e+15
2.16129e+15
1.57948e+15
1.57084e+15
1.45619e+15
8.93954e+14
8.49339e+14
6.9827e+14
2.90639e+14
2.86522e+14
2.68651e+14
1.47208e+14
3.4435e+14
4.38087e+14
5.4493e+14
3.27186e+14
1.28255e+15
1.16171e+15
2.45897e+15
2.76808e+15
2.44698e+15
5.16304e+15
3.32355e+15
2.70368e+15
2.90522e+15
3.17332e+15
2.9844e+15
2.50001e+15
2.39565e+15
2.43195e+15
2.3281e+15
1.0491e+15
6.07834e+14
4.50865e+14
7.34424e+14
7.30221e+14
1.56582e+15
1.29145e+15
2.32185e+15
1.79545e+15
7.56606e+15
2.69379e+15
4.20278e+15
3.94928e+15
6.16376e+15
5.92668e+15
7.174e+15
8.99281e+15
9.49473e+15
1.10254e+16
1.0545e+16
1.04612e+16
1.05305e+16
1.38735e+16
1.98755e+16
1.97798e+16
3.13971e+16
3.71951e+16
7.63655e+16
9.00006e+16
1.1658e+17
1.29242e+17
1.57347e+17
1.56938e+17
1.77622e+17
1.8517e+17
2.24222e+17
2.21162e+17
2.40795e+17
2.37691e+17
2.55526e+17
2.66342e+17
2.73084e+17
2.83892e+17
3.17242e+17
2.84815e+17
3.11162e+17
3.16689e+17
3.47121e+17
3.436e+17
3.95983e+17
3.96901e+17
4.06638e+17
4.09045e+17
4.78119e+17
4.58137e+17
5.47157e+17
5.429e+17
6.31773e+17
6.19677e+17
7.31706e+17
7.74803e+17
8.70493e+17
8.72035e+17
1.00508e+18
1.02307e+18
1.16959e+18
1.17804e+18
1.40297e+18
1.45102e+18
1.76497e+18
1.81848e+18
2.14136e+18
2.35337e+18
2.96019e+18
3.30041e+18
4.05335e+18
4.73806e+18
6.03072e+18
6.45202e+18
8.57486e+18
1.53111e+19
1.84768e+18
1.79944e+18
2.3726e+17
1.99811e+17
1.71085e+17
1.61453e+17
1.52646e+17
1.16926e+17
1.23806e+17
1.10251e+17
9.40542e+16
8.46556e+16
9.12196e+16
7.39833e+16
7.22773e+16
6.13616e+16
6.11096e+16
6.52849e+16
5.68899e+16
4.86723e+16
4.65276e+16
4.41796e+16
3.52003e+16
3.8996e+16
3.52948e+16
3.4833e+16
2.72195e+16
2.89908e+16
2.31358e+16
2.72374e+16
2.81296e+16
2.27081e+16
2.21931e+16
2.34854e+16
2.14786e+16
1.97093e+16
2.22572e+16
2.07759e+16
2.4456e+16
2.45843e+16
2.54533e+16
2.64293e+16
2.22998e+16
2.24454e+16
2.62707e+16
2.27578e+16
2.52089e+16
2.78831e+16
2.72188e+16
2.58202e+16
2.49519e+16
2.4771e+16
2.34894e+16
2.24784e+16
1.92458e+16
1.86556e+16
1.61917e+16
1.7928e+16
1.42445e+16
1.36153e+16
1.15808e+16
9.52136e+15
8.969e+15
8.12669e+15
7.91892e+15
7.61377e+15
5.92206e+15
5.2845e+15
5.16298e+15
3.96794e+15
4.2038e+15
3.63086e+15
1.05586e+15
4.94626e+14
1.61574e+15
1.08173e+15
3.72717e+14
8.73269e+14
1.62607e+15
2.18707e+15
1.40701e+15
2.2498e+15
1.99088e+15
1.7246e+15
1.61412e+15
9.13221e+14
1.05688e+15
1.09389e+15
3.76035e+14
3.35358e+14
2.58418e+14
2.04615e+14
3.0379e+14
3.96661e+14
5.99208e+14
5.29272e+14
1.68565e+14
1.41658e+15
2.26658e+15
2.80607e+15
2.74955e+15
5.37697e+15
3.32463e+15
2.72477e+15
2.79616e+15
3.23502e+15
2.8851e+15
2.50774e+15
2.36762e+15
2.41985e+15
2.40053e+15
1.07181e+15
6.67195e+14
4.8908e+14
6.7328e+14
9.85019e+14
8.99116e+14
1.49513e+15
8.56848e+14
3.73283e+15
4.1265e+15
4.68289e+15
4.38136e+15
4.10129e+15
5.97766e+15
4.75943e+15
7.42267e+15
7.56476e+15
9.23214e+15
1.11705e+16
1.23224e+16
1.15178e+16
1.16126e+16
1.55096e+16
2.05465e+16
2.49964e+16
3.5188e+16
3.9913e+16
7.18336e+16
1.00305e+17
1.27484e+17
1.41775e+17
1.86261e+17
1.84082e+17
2.08533e+17
2.06788e+17
2.20722e+17
2.6559e+17
2.84122e+17
2.82216e+17
3.05343e+17
2.94568e+17
3.1967e+17
3.17038e+17
3.47112e+17
3.44455e+17
3.81716e+17
3.65858e+17
3.76101e+17
3.89319e+17
4.2769e+17
4.6199e+17
4.93726e+17
4.79485e+17
5.11667e+17
5.41441e+17
5.67432e+17
6.2773e+17
7.00199e+17
7.2683e+17
8.35606e+17
7.84936e+17
9.20302e+17
9.37535e+17
1.09627e+18
1.11918e+18
1.24464e+18
1.27765e+18
1.44713e+18
1.52826e+18
1.78517e+18
1.95406e+18
2.21612e+18
2.39797e+18
2.95419e+18
3.31178e+18
4.1741e+18
4.79096e+18
6.58095e+18
6.71563e+18
8.20431e+18
1.50518e+19
1.49771e+18
1.28674e+18
2.18336e+17
1.76868e+17
1.38971e+17
1.37419e+17
1.33949e+17
1.17834e+17
8.86026e+16
9.56448e+16
9.23909e+16
9.09351e+16
7.50559e+16
6.42984e+16
6.16175e+16
5.29411e+16
5.69762e+16
4.63205e+16
5.09181e+16
4.99021e+16
4.21771e+16
3.89162e+16
3.53685e+16
4.80528e+16
4.04279e+16
3.01589e+16
3.73165e+16
2.9126e+16
3.03032e+16
2.82361e+16
2.29074e+16
2.36207e+16
3.23117e+16
2.55052e+16
2.83973e+16
2.60368e+16
2.74394e+16
2.72128e+16
2.68512e+16
2.65651e+16
2.37214e+16
2.75471e+16
2.55436e+16
2.55809e+16
2.56038e+16
2.48016e+16
2.85211e+16
3.04863e+16
2.83765e+16
2.81712e+16
2.51084e+16
2.5183e+16
2.33814e+16
2.13914e+16
1.85889e+16
1.85697e+16
1.77481e+16
1.83741e+16
1.47514e+16
1.43307e+16
1.2732e+16
9.63356e+15
9.54194e+15
8.80467e+15
9.26214e+15
8.59038e+15
5.74106e+15
4.99157e+15
5.51432e+15
4.83157e+15
4.43467e+15
4.05971e+15
1.94641e+15
7.06776e+14
7.34383e+14
1.04576e+15
1.27117e+15
3.16675e+14
1.75939e+15
3.12e+15
1.19364e+15
2.74147e+15
1.41869e+15
1.72788e+15
1.8638e+15
1.06858e+15
9.52172e+14
6.01061e+14
3.42091e+14
3.32938e+14
2.58548e+14
1.30029e+14
3.21231e+14
3.41452e+14
4.2754e+14
5.2451e+14
1.65779e+14
1.41605e+14
1.26306e+15
3.35717e+15
2.74588e+15
4.88251e+15
3.7302e+15
2.94917e+15
2.74662e+15
3.08047e+15
3.04963e+15
3.00256e+15
2.42619e+15
2.45141e+15
2.37592e+15
1.13095e+15
5.45917e+14
5.1646e+14
7.1035e+14
9.58098e+14
8.03332e+14
1.42304e+15
9.89823e+14
9.25344e+14
3.70333e+15
3.86244e+15
3.63932e+15
4.07117e+15
5.7619e+15
5.58214e+15
9.44156e+15
8.89256e+15
1.09081e+16
1.12123e+16
1.45576e+16
1.21137e+16
1.34002e+16
1.70465e+16
2.24692e+16
2.6359e+16
3.99656e+16
4.42886e+16
6.67618e+16
1.0046e+17
1.37165e+17
1.45308e+17
1.81189e+17
2.12841e+17
2.40268e+17
2.41198e+17
2.74894e+17
2.43825e+17
3.1608e+17
3.08361e+17
3.28508e+17
3.34575e+17
3.39589e+17
3.59406e+17
3.84117e+17
3.61417e+17
3.86558e+17
4.2692e+17
4.22762e+17
4.28992e+17
5.18756e+17
5.09183e+17
5.68829e+17
5.26868e+17
5.6003e+17
6.05723e+17
6.07085e+17
6.33927e+17
6.85728e+17
7.81244e+17
8.37981e+17
8.96785e+17
9.90624e+17
9.72534e+17
1.08789e+18
1.1363e+18
1.305e+18
1.40416e+18
1.50741e+18
1.6157e+18
1.82758e+18
1.99944e+18
2.34395e+18
2.47614e+18
2.99164e+18
3.38597e+18
4.07801e+18
4.70709e+18
7.61092e+18
8.24944e+18
7.88213e+18
1.51883e+19
9.31286e+17
7.58357e+17
1.65311e+17
1.72737e+17
1.48907e+17
1.30702e+17
1.08068e+17
1.23817e+17
9.66307e+16
8.78733e+16
7.72044e+16
9.12193e+16
8.05584e+16
6.98135e+16
5.28362e+16
5.43372e+16
5.12524e+16
5.39032e+16
4.86597e+16
5.79065e+16
5.12278e+16
5.36274e+16
3.94468e+16
4.17681e+16
5.24959e+16
3.80635e+16
3.4126e+16
2.56946e+16
3.39308e+16
2.73282e+16
2.80217e+16
2.80839e+16
2.77032e+16
3.48461e+16
3.54008e+16
3.20984e+16
3.46857e+16
3.21572e+16
2.77249e+16
2.53756e+16
2.93738e+16
3.09742e+16
2.62877e+16
2.57472e+16
2.7443e+16
2.76936e+16
3.2055e+16
3.2999e+16
2.83736e+16
2.78568e+16
2.68153e+16
2.67241e+16
2.14401e+16
2.14798e+16
1.8945e+16
1.88978e+16
1.81753e+16
1.82867e+16
1.55118e+16
1.4443e+16
1.24219e+16
1.01137e+16
1.03684e+16
1.02818e+16
9.92853e+15
9.35585e+15
5.28038e+15
4.87332e+15
3.78794e+15
4.28085e+15
4.99412e+15
4.15962e+15
2.20752e+15
1.38431e+15
4.76376e+14
3.94651e+14
1.732e+15
4.97053e+14
2.32404e+15
2.93585e+15
1.83462e+15
1.54482e+15
1.78395e+15
2.17768e+15
2.09399e+15
1.12771e+15
9.78946e+14
4.91511e+14
3.42083e+14
3.08502e+14
2.5913e+14
1.26613e+14
3.05743e+14
2.48818e+14
4.89607e+14
3.5183e+14
1.49396e+14
1.66515e+14
1.70623e+15
1.78781e+15
3.24569e+15
4.25687e+15
4.15862e+15
2.90441e+15
2.78519e+15
3.08547e+15
3.03755e+15
2.04968e+15
2.74045e+15
2.48504e+15
2.47799e+15
1.11054e+15
5.49931e+14
5.44384e+14
5.5738e+14
8.93219e+14
6.97078e+14
1.07447e+15
3.56491e+15
1.10646e+15
3.17826e+15
3.4782e+15
3.38019e+15
3.50493e+15
6.11679e+15
5.05014e+15
1.09177e+16
1.32626e+16
1.23661e+16
1.42142e+16
1.45843e+16
1.32078e+16
1.418e+16
1.76395e+16
2.42671e+16
2.69192e+16
3.64971e+16
4.40582e+16
6.95779e+16
9.4768e+16
1.48158e+17
1.67886e+17
1.93513e+17
2.12786e+17
2.36154e+17
2.53236e+17
2.5789e+17
2.85413e+17
2.80192e+17
3.35396e+17
3.64447e+17
3.61715e+17
4.18779e+17
3.83736e+17
3.91208e+17
4.07705e+17
4.36283e+17
4.51967e+17
5.1834e+17
4.92696e+17
5.02666e+17
5.45842e+17
6.00776e+17
6.171e+17
6.085e+17
6.02165e+17
6.76814e+17
6.76013e+17
7.51373e+17
7.59801e+17
8.46404e+17
8.82772e+17
9.44686e+17
1.02449e+18
1.10094e+18
1.17935e+18
1.35993e+18
1.3839e+18
1.52351e+18
1.57913e+18
1.8345e+18
2.08853e+18
2.36188e+18
2.46107e+18
3.05381e+18
3.39035e+18
4.09352e+18
4.57655e+18
8.10053e+18
1.1358e+19
7.87856e+18
1.44429e+19
4.13526e+17
3.86642e+17
1.43792e+17
1.4739e+17
1.15258e+17
1.33118e+17
1.15389e+17
1.00709e+17
1.10229e+17
8.91439e+16
6.74861e+16
7.49888e+16
6.9863e+16
7.90268e+16
6.38704e+16
5.22441e+16
5.11857e+16
4.65335e+16
4.24334e+16
4.58682e+16
4.47049e+16
4.44121e+16
4.13905e+16
3.6216e+16
4.52885e+16
2.74331e+16
3.46673e+16
2.70102e+16
3.33935e+16
2.85276e+16
2.99901e+16
3.01568e+16
3.29688e+16
3.11773e+16
3.68147e+16
3.24278e+16
2.84162e+16
3.0876e+16
2.91704e+16
2.98841e+16
2.91572e+16
2.93699e+16
2.86556e+16
2.84803e+16
3.13466e+16
3.13937e+16
3.43368e+16
3.18982e+16
3.23094e+16
2.96171e+16
2.58102e+16
2.47845e+16
2.18538e+16
2.15156e+16
1.97823e+16
2.0068e+16
1.82455e+16
1.8432e+16
1.63199e+16
1.60113e+16
1.22214e+16
9.57172e+15
1.08343e+16
1.04884e+16
1.23952e+16
1.11293e+16
9.93338e+15
1.01526e+16
1.09932e+16
7.98099e+15
7.12584e+15
3.90736e+15
2.13992e+15
1.3924e+15
3.28832e+14
3.06333e+14
3.87818e+14
1.12173e+15
2.55372e+15
2.30091e+15
1.54167e+15
1.86043e+15
1.8155e+15
1.80913e+15
1.43637e+15
1.16103e+15
5.89694e+14
5.034e+14
3.57411e+14
2.98906e+14
1.79251e+14
1.26122e+14
2.2489e+14
1.31176e+14
2.63659e+14
3.00412e+14
1.64086e+15
1.87467e+15
1.49691e+15
2.03477e+15
3.36964e+15
4.40427e+15
2.98427e+15
2.81207e+15
2.83619e+15
3.02042e+15
2.53074e+15
2.05954e+15
2.62799e+15
2.48315e+15
1.33389e+15
1.13567e+15
4.24426e+14
5.40306e+14
5.08895e+14
8.62195e+14
1.02409e+15
1.4461e+15
2.51359e+15
6.3884e+15
3.88848e+15
3.71073e+15
4.43303e+15
3.88661e+15
6.44682e+15
8.01777e+15
1.33946e+16
1.39231e+16
1.2306e+16
1.46787e+16
1.60691e+16
1.41652e+16
1.5292e+16
1.70019e+16
2.57224e+16
2.83095e+16
4.76086e+16
4.62269e+16
7.31863e+16
9.56337e+16
1.47596e+17
1.60714e+17
2.12843e+17
2.29014e+17
2.30888e+17
2.47305e+17
2.72298e+17
3.01246e+17
3.07181e+17
3.25527e+17
3.60311e+17
3.66151e+17
3.96431e+17
4.35953e+17
4.34571e+17
4.16367e+17
4.78987e+17
4.96443e+17
5.22672e+17
5.66343e+17
5.43687e+17
5.25867e+17
6.18145e+17
6.16151e+17
6.15188e+17
6.41046e+17
6.89458e+17
7.05396e+17
7.93596e+17
7.95969e+17
8.53306e+17
8.66333e+17
1.01953e+18
1.04083e+18
1.08791e+18
1.1617e+18
1.30259e+18
1.42306e+18
1.55747e+18
1.58561e+18
1.84231e+18
2.0638e+18
2.45532e+18
2.52958e+18
3.12378e+18
3.34483e+18
3.96484e+18
4.4955e+18
7.78259e+18
1.20039e+19
9.87486e+18
1.43474e+19
3.06689e+16
2.30777e+16
9.50332e+14
1.23825e+15
1.85673e+15
9.91806e+15
3.51092e+15
5.1313e+15
3.85129e+15
1.3302e+16
1.16792e+16
2.30524e+16
1.81348e+16
9.91041e+15
1.5972e+16
1.55047e+15
1.59696e+15
1.98905e+15
1.52552e+16
5.85062e+14
1.88143e+16
1.58165e+16
5.09923e+15
6.00873e+15
4.39952e+15
3.07433e+15
3.22622e+15
3.751e+15
3.31643e+15
2.07734e+15
5.74914e+14
6.49181e+14
6.51659e+14
3.62483e+15
2.82892e+15
3.58381e+15
2.803e+15
1.6996e+16
4.9347e+15
2.88883e+15
4.15874e+15
3.3545e+14
1.51663e+14
5.55704e+14
3.90945e+14
3.46319e+14
2.28712e+15
4.48779e+14
4.12204e+15
