32.7615
18.5982
28.1539
27.1289
7.39356
18.7872
7.00678
25.1497
22.8608
23.339
32.8664
8.27232
6.76931
7.79441
6.59363
5.96221
8.30625
23.861
7.8512
16.3184
11.4207
7.13697
5.86119
20.8581
30.781
25.1298
6.08869
14.5072
12.2749
8.94071
10.3136
27.1182
31.1035
24.6698
9.15084
9.02391
9.26397
9.10874
7.9115
8.83783
5.64397
9.29361
8.60123
3.79689
8.25643
11.6536
8.11047
9.09875
8.98438
8.46488
2.24002
6.26595
6.19888
31.3762
6.12905
8.25631
6.20992
6.04491
6.12833
5.66626
19.5511
19.6031
20.028
5.7917
19.4987
20.8387
7.87289
5.853
19.9051
20.8624
5.56077
19.8989
18.9926
6.15692
21.6322
7.01233
19.2336
21.0565
6.38305
22.5017
7.26099
30.1757
29.0903
6.02501
23.8746
6.6718
23.3076
6.33173
3.00256
8.99287
3.02799
3.0588
10.1807
3.10795
3.16429
25.6653
6.64446
3.09027
3.23652
8.9652
7.02749
8.93072
7.11447
3.14454
6.32001
23.8987
3.22047
10.5793
7.62654
6.90851
6.53036
3.10435
6.66775
6.50034
21.7158
8.15333
3.07003
6.17113
22.9245
3.20888
7.91896
23.683
7.88702
7.08564
21.591
3.14381
32.3515
8.30665
7.82368
20.0809
6.24686
6.05653
5.8363
6.01975
7.65459
7.52054
3.18688
6.02575
19.9653
22.9843
22.3891
21.8752
7.77037
7.75112
3.16564
7.95346
19.9438
9.10014
19.0527
16.5894
9.25134
7.39168
9.73986
20.0251
3.2332
17.4852
9.05856
18.1008
20.2988
4.48896
3.23906
10.6132
15.1443
8.46247
25.7343
26.9897
3.27537
22.54
3.28107
7.55947
3.23225
3.55171
3.56385
5.91699
8.29951
2.53714
3.01768
24.0386
9.23527
3.02941
6.33063
6.09166
7.20719
6.60611
21.4743
19.9316
20.1734
3.71532
6.33235
7.37218
22.208
7.59968
20.0754
3.05172
19.2209
17.4468
18.9822
6.77274
7.82279
20.4742
23.1749
5.81018
3.1096
7.68022
27.8744
27.352
21.1391
22.0412
7.50949
7.42433
7.89767
15.8972
3.056
3.21985
8.29876
8.1793
8.45808
7.78604
21.1973
3.41256
7.85949
9.2644
9.326
9.3663
8.54931
9.20655
8.50892
10.047
32.9328
13.3382
2.95791
3.02367
18.0081
30.6704
7.35631
2.99606
3.00972
11.447
7.19452
7.71615
7.37247
5.50123
22.5819
3.15268
3.07357
6.44196
9.23802
8.51897
9.97917
25.1585
26.2257
2.92919
12.5504
8.02032
6.00909
14.099
3.18291
23.1552
9.77488
3.10469
3.51168
11.4937
4.75218
5.77173
3.13911
8.58358
6.11431
4.53317
5.5693
7.12008
9.23451
3.04298
15.9894
8.50582
3.1135
9.21188
20.6241
21.16
21.0897
20.344
21.5012
20.6382
20.432
20.5984
3.71515
3.79953
24.1058
3.29053
21.3767
3.55552
26.3068
4.89402
3.7597
8.22921
7.33187
7.7976
3.96979
7.83616
7.99146
7.99318
28.2742
30.6544
21.8803
21.5111
33.6601
29.5142
10.2342
7.82996
8.13176
8.90222
9.69416
8.1962
8.1154
6.91179
7.69759
7.2903
8.77014
8.64716
7.13929
7.28928
7.7639
3.70215
15.1894
11.6653
14.0676
8.66998
15.0417
4.11243
17.062
8.03919
21.996
13.4367
11.6262
17.3933
11.4464
16.1617
15.5318
11.6208
16.8487
13.2207
11.3303
9.63143
9.61441
9.53863
12.5356
15.9298
12.2735
16.0857
12.2406
12.0819
11.5844
12.426
10.9153
13.0235
11.7307
15.9395
14.8726
13.6403
16.0581
26.2544
29.9829
28.4287
30.0379
36.1233
20.3939
16.379
21.4486
17.6274
18.7762
16.8947
22.534
21.5907
19.3819
24.5074
29.6225
32.8315
29.7834
9.79455
10.1348
32.3989
36.0518
34.6728
37.2599
34.76
21.8095
5.96722
5.52272
4.84615
31.5253
5.56539
6.33149
7.52839
8.06348
5.20958
8.97511
8.18477
10.2392
9.16475
8.74085
7.64513
13.3775
8.18613
8.23271
6.86515
10.9163
23.287
23.054
26.6471
22.5775
39.5196
16.986
6.50923
7.09678
22.5468
17.8935
16.8788
20.4936
6.98719
7.82748
6.31731
5.97688
8.82923
8.57597
9.35464
14.333
20.6437
121.819
90.2233
28.0597
11.0559
11.7782
7.83617
5.11229
6.92676
7.95333
8.74964
58.4401
99.1368
141.401
11.8488
4.99894
70.5288
26.2878
29.978
27.1176
18.8329
5.49611
7.83662
10.4595
8.72198
29.1306
22.4563
11.2565
15.2628
15.6934
13.9274
14.1504
10.3833
8.39169
10.4009
21.011
5.32502
4.34863
6.46894
3.64804
3.78691
4.3797
3.91812
18.3177
16.9511
15.4241
10.6798
18.4904
29.8793
29.6599
9.26477
10.2217
8.67075
8.90454
7.82768
16.3348
7.8493
9.39966
26.5554
23.4757
23.2104
4.63182
8.40379
7.28805
7.75467
17.7144
7.10848
14.2298
9.39983
5.82666
7.42262
7.76387
7.64545
6.22481
6.34698
6.12476
16.2639
14.3975
23.8041
7.18721
10.3081
13.3326
19.534
27.9677
27.2668
6.83944
17.6742
25.1511
27.3042
26.8181
17.6364
21.5449
19.2638
16.0953
17.1685
13.8899
28.9859
28.4443
27.8284
27.656
9.09073
10.1902
7.07419
8.61534
8.17513
7.33022
8.09375
26.9423
7.88751
8.48514
29.7122
8.4082
6.88198
6.99298
7.33542
14.939
11.0197
34.1923
30.8211
11.8762
11.0098
7.03613
5.84007
6.87852
5.55996
6.13418
9.74009
11.2153
13.079
10.5617
9.75299
10.9394
18.1937
12.845
12.2961
12.1071
13.3224
10.6193
15.0977
20.9851
19.8788
14.8769
9.03718
8.56462
15.3283
7.31398
36.1937
32.0316
4.70636
13.1947
9.22206
6.60707
18.3139
22.1124
8.54378
100.258
152.249
85.105
71.1426
57.2701
137.369
9.11893
7.83968
6.12345
10.0682
9.03204
9.94695
7.02225
7.3516
7.94804
6.95818
19.6591
26.4682
19.1026
23.037
25.3469
18.0516
20.9869
17.7247
27.7327
20.4142
17.8878
21.7715
24.0689
21.7033
22.2583
5.48695
5.8325
109.542
67.1387
6.24542
58.356
87.2664
11.7212
9.41686
6.70024
5.02944
6.38098
7.50241
9.80395
10.4176
11.0156
18.3062
11.6082
15.9314
17.4352
14.1958
15.364
29.1482
11.9382
8.89644
8.07975
7.54015
7.29115
8.2809
7.04691
7.08122
8.14579
6.99612
9.30495
6.36573
5.96356
6.49847
10.7838
5.53528
6.67469
3.88956
12.399
11.5919
5.15231
12.2509
9.9213
7.83972
7.46105
9.24647
7.15449
7.6449
163.42
44.0502
6.56057
11.5076
17.5781
4.81716
6.42262
10.983
5.15881
6.06097
16.2834
9.4108
5.97541
6.12801
5.85406
7.37132
5.03873
6.7588
12.6203
13.8907
13.9123
13.0241
11.8744
8.16851
9.14816
9.99282
8.95362
8.24998
8.71766
11.3014
5.40152
5.19649
10.4051
6.69895
12.38
17.6742
10.3736
15.2223
16.2977
11.7511
10.6547
63.1994
14.5384
17.1573
16.0241
16.3483
12.1363
17.723
71.6958
8.11079
6.15817
8.0568
5.79705
4.90925
134.755
85.7268
74.7657
86.8879
6.07599
5.38423
14.3521
3.11501
6.32245
9.58113
9.46822
8.20569
8.34566
10.2354
7.79507
8.22125
8.34427
11.6873
13.58
5.82654
10.5353
8.41087
7.4466
9.91459
7.11722
9.20501
12.1229
6.66832
10.1851
12.2531
6.03584
10.9759
13.2214
10.1986
8.25729
13.04
13.4478
7.08884
7.6585
8.2614
10.1585
12.7893
10.2587
12.858
19.6062
19.3745
16.0234
24.6273
18.262
13.1244
17.7815
11.243
5.36285
19.2517
5.67919
12.778
10.9485
3.85252
7.03276
5.66175
6.25814
6.20012
5.80677
5.36405
9.90038
12.3407
5.01478
24.7295
14.6253
26.6973
19.23
7.94852
4.47528
4.43605
4.32857
5.02494
4.67557
6.25726
5.46223
5.01809
4.91695
4.36211
4.05399
8.44663
12.6867
7.13877
17.1804
9.38154
18.9927
28.4329
21.2982
31.5258
12.9916
17.9105
20.1446
7.79009
26.8084
29.838
8.47552
11.3371
9.04873
8.21589
11.0131
7.69877
6.05847
7.17104
5.46205
5.36115
7.68217
7.09996
5.0636
7.48305
9.32921
12.4066
10.9686
8.50408
7.13209
11.2707
14.0542
8.12786
8.06163
7.24459
7.66242
9.09459
9.37023
9.66559
9.88326
15.1094
13.7918
14.5559
20.294
25.7987
9.26384
10.31
6.77649
8.16881
7.04745
6.28692
5.45498
5.90439
5.83077
6.14651
10.8421
19.0379
6.24476
23.4961
7.8157
9.78438
9.56592
7.77849
5.32552
5.24653
6.21626
7.70983
6.31245
9.18097
8.28767
8.79669
9.28327
10.2276
7.95744
9.69644
9.0452
9.36727
13.6209
15.8412
6.6161
5.38039
5.41317
5.43089
11.1465
8.69928
4.86967
6.99434
5.45798
7.36436
13.4783
12.9192
12.5739
12.7438
20.0646
14.073
16.22
12.6172
10.8658
9.92822
8.76943
6.43676
12.8605
51.2255
86.8244
5.26513
5.27013
5.88844
6.54673
14.8706
85.2486
6.39047
9.1787
5.26443
12.2155
19.9999
9.04275
10.6426
6.99177
7.47278
7.23516
9.13212
9.17745
10.7905
10.4142
8.30921
11.1331
10.5746
15.2899
15.8792
100.031
8.32534
4.76945
7.35784
8.07596
9.50359
3.77517
8.13388
9.68635
4.37924
28.5107
28.8384
26.1959
25.1812
6.86463
6.18479
3.96507
7.11999
7.11499
7.89832
91.134
91.6448
86.7765
12.9032
34.5354
76.8604
4.73859
4.23625
6.92709
4.88924
6.51182
6.72125
102.393
5.06456
7.16494
11.6396
7.54073
13.0076
6.75307
10.5924
22.5208
7.589
15.4483
19.561
15.3366
13.318
19.7769
20.9308
20.7875
6.20665
6.86175
6.13857
8.10864
16.321
16.2986
15.1407
12.8502
5.70623
5.90113
10.7157
9.83986
9.91847
5.63766
17.3335
11.5761
8.74682
11.4053
8.94968
8.93927
8.30293
13.8103
17.7097
5.92013
36.7226
13.1239
16.6011
11.0294
10.8992
21.068
3.73669
16.2299
10.0631
7.0376
12.9432
20.0666
87.1241
18.8624
10.9571
18.2421
6.22842
9.177
10.8996
11.7844
14.88
12.9078
14.2076
16.5916
9.8304
13.0225
3.53164
5.48027
6.62945
6.28354
17.3059
15.1571
2.63117
3.46769
13.0683
14.4436
14.9574
11.8966
16.6857
17.3284
17.686
17.375
15.609
18.01
5.98401
6.99929
10.5807
8.02615
6.39521
9.8488
9.52741
9.19698
9.11274
9.12123
8.79705
8.95503
9.22818
9.01758
8.83747
8.57914
9.05729
8.67062
7.94911
7.90605
8.40659
8.18859
8.2037
8.18908
8.12238
7.95262
8.03981
7.52605
7.36082
6.9982
7.31276
7.03534
6.38258
5.86179
6.24763
6.44962
6.21657
6.71019
6.12396
6.46392
6.00487
6.17601
6.00389
5.99524
6.48978
6.70419
6.62184
7.14572
162.387
9.1798
256.926
196.276
142.185
114.372
170.386
181.187
208.543
162.5
164.718
159.192
102.635
233.853
238.368
121.928
168.028
123.516
134.59
221.752
22.3726
57.9097
40.7604
38.3592
208.711
117.767
203.755
325.299
93.5097
107.796
139.294
222.482
370.177
150.537
331.927
287.614
346.523
343.677
376.612
332.372
310.619
308.508
108.554
53.4326
132.488
139.185
75.3175
74.8078
37.5675
59.9853
101.666
94.901
200.158
193.401
193.43
244.412
219.954
203.414
142.732
131.33
167.158
151.593
111.816
110.621
151.583
152.938
79.9525
55.6405
158.234
180.451
137.936
140.967
211.005
161.009
102.921
111.106
205.719
188.578
183.356
188.608
197.353
208.976
203.234
235.504
209.399
152.804
110.34
86.476
139.316
99.2374
274.23
293.135
106.861
81.2708
27.1539
7.82451
7.15031
7.11029
7.50599
7.85858
7.8395
7.40597
7.87075
8.07702
8.25774
8.05122
7.00126
6.83904
7.74299
8.18558
8.09927
7.57732
8.0982
6.92076
7.68346
7.97736
9.31748
7.84225
7.40054
6.87542
6.29501
6.14636
7.52641
6.28479
6.59547
6.40726
5.63867
5.92005
5.99196
6.21012
6.01623
6.01679
6.12177
6.36171
6.10862
6.24436
6.06313
6.32716
6.07081
6.05633
5.80564
5.67944
5.04991
4.21087
6.53055
7.48427
10.5125
7.93202
8.85257
11.3394
9.03583
8.93439
9.11004
8.95529
8.74039
8.714
9.10708
8.87394
8.30811
8.4808
8.93648
8.58869
8.28683
8.08623
8.19553
8.29932
8.0646
7.82265
7.63041
7.70848
7.66522
7.32065
7.34006
7.24474
7.76149
7.52973
6.4706
6.67194
6.38788
6.84671
6.27014
6.44101
5.78662
5.8404
6.38448
6.66382
6.1072
6.37444
6.80076
6.952
6.274
6.76403
90.3879
52.7938
212.005
268.624
187.761
162.475
162.654
163.23
262.613
216.988
141.14
171.791
102.625
159.563
196.675
175.423
200.41
155.631
153.167
190.239
24.9165
105.089
44.3993
51.8996
250.701
176.58
96.9013
336.886
91.8849
114.37
169.005
277.001
361.92
377.537
226.108
145.849
364.363
383.481
385.516
373.887
346.965
342.859
53.3712
76.7655
150.039
140.307
159.096
91.3823
42.7813
56.1395
102.346
97.2093
158.801
267.428
210.276
255.688
209.034
224.805
156.254
154.574
168.423
155.991
111.207
111.355
196.87
160.9
124.283
57.5018
161.619
171.736
115.285
142.15
200.523
179.001
108.501
85.8824
212.626
137.754
169.661
206.402
184.363
199.616
165.415
222.242
216.166
146.848
153.576
90.8439
140.854
120.764
296.792
289.722
142.389
148.811
26.8565
99.8207
6.86289
6.86331
7.41719
7.34924
7.94245
7.40468
8.15129
8.20312
7.53274
7.87457
7.88
7.60594
7.40724
7.88685
9.18736
8.5659
9.01789
7.92282
8.10502
7.93877
8.948
8.00688
6.30463
6.44924
8.07362
6.89605
7.49088
7.06657
6.91355
6.05917
5.73
5.90472
5.94397
6.23087
5.92401
6.03553
6.31707
6.22377
6.12383
6.226
6.01749
6.00372
6.00509
6.01086
5.7724
5.69386
5.33572
3.11323
7.16778
8.70091
10.4122
9.39784
10.3145
11.2551
9.02012
9.01362
9.03182
8.81669
8.41152
8.89082
9.27918
9.02827
8.76382
8.74721
8.24666
8.9099
8.31584
7.94728
7.63663
8.2717
8.43743
7.70242
7.60496
7.27786
7.2599
7.59414
7.25402
7.42755
7.37734
7.21624
6.68747
6.62484
6.93343
6.95736
7.14614
6.35856
6.34163
6.15397
5.90451
6.48553
7.06156
6.33418
6.3632
7.02602
6.5254
6.4429
231.257
148.902
257.358
280.875
295.13
262.547
233.531
217.786
248.875
216.28
163.682
191.287
170.022
203.025
178.374
250.987
221.04
167.971
119.372
119.017
63.9291
226.509
54.2871
74.201
258.1
185.38
126.175
322.788
125.201
143.736
259.716
275.106
353.276
384.535
318.737
143.283
376.854
377.999
386.808
375.198
361.554
361.293
61.5268
121.508
160.218
171.759
149.497
77.6085
52.165
56.9596
104.993
99.5317
134.859
137.823
201.394
274.489
234.482
240.662
154.534
186.413
179.096
160.654
110.015
113.667
196.72
228.467
61.608
61.5317
184.044
162.647
114.046
148.016
166.513
173.164
102.503
115.844
193.032
163.326
185.471
257.733
251.226
248.892
185.135
230.834
232.751
129.526
282.096
260.875
198.342
173.23
249.583
277.159
315.925
266.571
181.726
227.523
6.93787
6.99372
6.557
7.28372
7.79362
8.08583
7.29297
7.89574
7.9537
7.96951
8.01854
7.76042
7.72845
7.7532
9.25413
9.7898
9.60758
9.16039
8.4297
8.38635
9.17129
8.32183
6.78879
6.68084
7.85323
7.45386
6.9875
7.43903
6.88237
6.02152
5.9558
5.85637
5.88648
6.15043
5.87988
5.94943
6.14632
6.10779
6.20937
6.30552
6.1693
6.01918
6.16168
5.95943
5.80785
5.75385
5.39241
2.99608
8.34587
9.69141
10.0429
10.2253
11.112
10.964
9.39784
9.1436
9.0088
8.9071
8.74875
9.10031
9.3929
9.23539
8.79359
8.42012
8.19756
7.92719
7.88903
8.04558
7.96318
7.84435
8.09437
7.72079
7.42888
7.69902
7.91016
7.06836
7.31411
7.23985
7.02536
6.82389
8.01069
7.00826
7.35978
8.00704
6.83379
6.9662
6.62723
6.64742
6.01693
6.0475
7.27004
6.53801
6.63121
6.09639
7.25655
6.97985
219.076
225.681
366.526
343.039
304.161
309.54
205.042
246.263
199.057
226.675
193.169
162.994
137.16
214.174
169.113
205.234
231.941
193.431
111.951
94.721
338.685
228.203
50.6596
70.2872
261.899
211.553
130.433
284.687
123.606
139.63
247.139
244.177
344.85
387.512
370.839
275.905
373.514
55.2427
14.7241
380.858
196.31
238.862
60.3063
117.728
66.0617
139.475
114.24
63.647
52.9481
54.8892
252.819
112.02
137.258
91.2176
223.935
289.926
314.5
347.64
155.434
185.099
185.317
164.606
109.49
114.025
196.237
229.042
108.694
105.587
254.536
217.065
107.166
110.89
267.306
171.07
115.526
175.628
177.57
210.76
246.733
304.081
189.131
169.952
190.366
244.074
306.875
255.977
196.467
244.514
284.271
184.984
311.259
209.888
317.537
226.011
229.963
208.017
7.13319
7.14972
7.19047
7.05164
7.83237
8.17074
7.73375
7.47061
8.11718
7.99182
7.91566
8.16949
8.45747
8.04163
9.26502
10.0723
10.5071
9.77976
8.66956
8.3901
9.45342
7.75511
7.20307
6.88649
7.2019
6.57145
7.40939
6.50952
6.60712
6.28577
5.81732
5.87262
6.00558
6.0888
5.98759
5.90164
6.28794
6.23461
6.38845
6.0902
6.40047
6.26536
6.12445
5.98945
5.87205
5.62373
5.42308
3.07917
9.2007
10.2442
9.63228
10.612
10.4712
10.0326
9.45142
9.27374
9.58217
9.08299
9.07012
8.89747
9.33989
8.98113
8.94384
8.76025
8.36545
8.16437
8.1489
8.11087
8.10359
8.18967
8.13418
8.28643
7.52872
7.64534
7.53497
7.51471
7.48007
7.2408
7.42597
7.1631
7.27666
7.7685
6.93849
7.64708
8.30706
7.09174
7.0105
6.54347
6.49489
6.62603
7.02452
6.64425
6.39707
6.42606
7.55827
7.32345
76.0306
105.173
387.627
359.88
282.229
299.488
238.251
231.378
189.994
189.792
247.304
254.589
202.444
209.886
153.276
212.891
243.231
197.972
135.303
95.305
260.361
230.397
89.9336
70.3951
265.325
228.517
156.35
241.139
127.489
131.204
245.198
235.223
336.015
385.468
378.455
258.251
381.508
376.168
376.411
24.6723
273.778
169.962
104.881
84.3235
73.7761
175.629
89.8774
64.8286
61.3373
54.6768
245.762
217.122
143.516
93.6946
240.593
282.983
307.133
266.919
287.052
165.739
189.422
204.255
152.14
130.177
153.728
229.619
123.178
116.789
144.498
249.349
105.03
112.942
239.889
194.424
145.234
171.753
202.078
221.687
263.514
294.308
164.329
159.235
232.578
253.9
219.179
294.884
295.339
230.724
174.661
275.254
216.323
318.975
192.793
291.674
48.6695
93.2609
7.375
7.77159
7.33378
7.2956
7.68119
7.89406
8.17266
7.67862
7.72974
7.66437
8.62772
8.56834
9.27303
8.14703
8.56905
9.55179
10.7444
10.0403
8.95768
9.27091
9.53663
8.24187
7.08739
7.01083
8.30913
7.80023
7.29428
6.73844
6.77623
6.16681
6.0888
6.1631
5.94926
6.49351
6.2418
6.01381
6.17706
6.2449
6.06029
6.19937
6.30106
6.30633
6.25986
6.08048
5.83832
5.74013
5.417
3.32757
9.32414
10.598
9.93374
10.4384
9.57531
9.44002
9.39575
9.53
9.40886
9.59245
9.21787
8.97606
9.45737
9.35996
9.1015
8.99158
8.93912
8.99638
8.32094
8.3489
8.35134
8.41573
8.24965
7.13246
8.16561
7.83106
7.92091
7.52137
7.81035
7.80399
7.45947
7.15114
7.6265
7.85199
8.48358
7.73374
8.89782
8.36661
7.43347
7.62906
7.64169
6.76051
7.68551
7.11627
6.72599
6.98078
7.34526
7.72805
152.206
260.345
308.961
273.193
288.527
302.776
229.842
216.525
183.648
146.753
231.247
190.054
182.018
221.616
163.633
192.747
217.063
197.933
246.928
173.716
316.795
84.6163
74.392
29.6314
282.086
248.993
189.625
99.2276
185.182
117.819
254.645
221.215
327.155
378.544
367.828
265.546
366.312
380.798
366.031
376.888
207.241
305.558
108.436
112.474
84.1355
149.618
96.5464
54.2443
34.6609
56.1271
237.881
227.037
142.983
101.089
199.625
301.176
209.497
216.713
193.17
243.794
186.709
173.215
171.449
168.625
152.129
177.875
162.955
252.168
147.121
149.787
103.164
103.801
247.939
185.559
151.943
216.013
249.387
310.319
231.272
278.205
155.619
220.54
245.252
255.289
190.252
218.722
170.01
222.836
175.969
189.096
257.117
238.475
121.674
243.058
155.799
96.8068
7.53812
7.47389
7.66024
7.39469
7.76141
7.84715
8.37215
8.11017
8.43777
8.39169
8.4178
8.53805
9.65716
8.626
8.80718
9.75135
10.6868
10.8962
9.33958
8.95547
10.967
8.68192
7.49638
8.32249
8.81958
8.26067
7.26573
7.18583
7.32234
6.70426
6.06686
6.2351
6.13745
6.19666
6.27574
6.56594
6.2684
6.19274
6.48821
6.14286
6.08944
6.23747
6.31291
6.10127
5.94185
5.83575
5.48066
3.45997
9.99101
11.032
10.1106
10.24
9.62193
9.68571
9.65569
9.69025
9.5349
9.49582
9.60983
9.47869
9.75124
9.61079
9.55247
9.46367
9.39447
9.18631
8.68217
8.76498
8.73157
9.26157
8.09245
7.87814
8.96041
8.54216
7.81745
8.08901
8.2502
8.56164
7.56151
7.35431
8.37344
7.98099
8.81674
9.81944
8.82557
8.65213
8.51781
7.57623
8.28953
7.24352
7.9927
7.59047
7.43558
7.52741
7.624
8.47592
312.276
280.687
293.459
255.522
220.618
298.978
206.783
212.5
222.797
161.669
228.515
198.625
213.709
238.303
202.272
177.13
250.79
227.14
228.312
114.755
94.3719
343.338
63.1543
49.6562
271.375
241.079
204.65
119.165
79.749
107.74
263.816
87.687
385.359
364.358
341.104
231.305
157.356
301.035
362.34
365.503
222.723
263.725
111.263
121.064
184.351
157.475
107.607
114.081
36.5615
62.4511
229.14
238.046
234.035
144.7
186.195
198.121
204.743
197.511
222.373
214.776
246.329
253.602
153.081
180.578
100.43
138.412
175.721
113.671
166.585
135.859
102.643
90.2573
214.137
159.63
177.029
203.096
150.237
279.589
256.139
214.774
163.364
158.945
235.264
221.126
175.37
240.153
155.948
193.731
227.221
191.243
205.118
223.609
132.251
256.566
33.4378
161.687
7.79814
8.12914
7.61051
7.89896
7.79011
8.28839
8.34811
8.64773
8.15684
8.48311
9.08919
8.87862
9.80645
9.33606
9.4607
10.1007
11.1576
11.5594
10.0997
9.7874
11.0225
10.5899
8.91604
9.23478
9.32174
8.24601
7.78299
7.85084
7.12206
6.14104
6.27328
6.04944
6.07754
6.02332
6.17544
6.50551
6.40471
6.33216
6.43766
6.47384
6.52394
6.39494
6.34433
6.24269
5.9848
5.83944
5.63296
3.66112
10.9866
12.0587
9.57258
9.78348
9.72737
9.89143
9.95347
9.94961
9.90426
9.47783
9.88974
9.98783
10.1236
9.67327
9.97279
9.71348
9.389
8.92649
9.37803
9.22074
9.02654
9.21402
8.74323
7.97206
8.75096
9.1812
8.34202
7.94662
8.19455
8.39461
7.89481
7.67879
9.25784
8.40101
9.96421
10.9008
9.85245
9.14972
9.10047
9.20973
9.34225
8.29937
8.03614
8.02794
7.45703
7.51235
8.96802
8.95041
349.684
306.333
215.017
272.106
220.928
226.223
238.294
276.693
253.304
212.283
180.968
220.597
177.002
234.126
210.819
193.112
180.749
152.47
224.832
139.635
242.757
177.03
62.5263
44.1192
271.041
243.781
219.209
132.017
75.3329
91.1005
276.156
133.903
372.276
326.386
352.038
331.762
70.8773
117.656
358.543
344.8
254.824
228.902
114.645
118.897
171.025
221.94
167.096
72.234
28.0989
60.9728
216.427
243.756
290.856
245.426
198.758
186.164
227.522
264.564
145.96
234.663
186.291
178.738
128.155
177.184
83.5149
134.988
186.494
116.232
191.724
121.932
106.239
88.4759
205.514
175.664
163.345
222.706
186.128
189.86
204.008
215.281
191.59
183.742
276.685
226.825
211.127
245.818
158.924
135.839
170.003
176.873
173.808
138.29
224.452
278.53
188.045
58.7355
8.32673
7.84207
8.16289
8.62189
8.31187
8.59899
8.28615
9.0529
8.85627
8.81926
8.90411
9.54422
9.71136
9.41248
10.0037
10.5019
11.7968
11.0702
11.9705
10.6223
12.5389
11.2925
9.61853
10.7832
8.3372
8.96519
8.34715
8.80119
7.5396
6.59702
6.28977
6.41459
6.34149
6.14573
6.24497
6.50943
6.34007
6.52637
6.69931
6.55496
6.60884
6.66406
6.41009
6.27594
6.10291
5.83983
5.74502
4.14072
10.8425
12.5613
10.0121
9.8437
10.1266
10.2746
10.5034
10.2147
10.4276
9.92722
10.2054
10.3914
10.2269
9.87745
10.207
10.0962
9.80405
9.24522
9.84887
10.5304
9.87075
9.6864
9.29466
8.8905
10.0985
9.40093
10.0428
8.5879
9.04653
8.14487
8.7765
9.01367
9.70505
9.44902
10.8077
12.222
9.98815
10.6737
9.38484
9.8489
9.28471
8.3182
8.72697
8.21554
8.71859
8.87701
8.63629
9.3699
319.67
309.899
227.787
210.388
239.197
207.746
247.474
261.271
160.671
201.794
172.623
179.437
177.189
230.311
222.564
209.099
187.225
185.338
224.913
123.708
248.014
290.35
64.3671
42.922
157.266
254.891
106.255
146.482
79.2837
75.8448
250.437
256.861
372.347
307.775
298.659
322.345
143.32
164.781
351.398
336.695
291.922
223.801
120.497
123.145
119.957
141.775
80.4275
156.405
37.9737
42.6924
196.261
249.087
201.166
195.234
197.458
211.828
166.801
304.502
247.843
219.071
137.91
175.435
183.283
171.198
109.455
146.817
197.273
122.686
182.639
108.374
131.924
96.3282
211.493
203.379
161.194
180.017
168.518
180.47
216.634
167.698
180.661
229.155
276.082
254.286
212.327
211.244
211.115
153.991
184.933
183.173
135.421
135.582
229.05
327.389
150.876
204.448
8.9353
7.94448
9.16287
9.56912
9.54177
9.18289
9.59224
8.89125
9.82898
9.6234
9.82016
9.96469
9.67533
9.94365
10.8415
10.7338
11.3762
12.2139
13.5977
13.0902
13.0635
13.532
10.2446
11.5227
9.19046
8.34633
9.52582
9.61401
7.40042
6.7178
6.29317
6.11007
6.36093
6.14435
6.61124
6.5584
6.61512
6.62132
6.93176
6.81191
6.58875
6.56231
6.58668
6.64126
6.31732
5.96305
5.8815
4.69265
12.1435
13.2667
10.1422
10.1047
10.4909
10.6266
10.5977
10.4069
10.731
10.5498
10.2512
10.6939
10.7995
10.4878
10.6218
10.2095
9.9321
9.98607
10.2448
10.8471
10.7458
10.612
9.45559
9.32422
9.9067
10.7062
9.67746
10.3435
10.3947
9.63129
9.07794
9.826
10.6084
11.03
11.4354
12.2606
12.2976
10.5115
12.618
10.4066
10.7342
9.79514
9.35167
8.96943
9.36427
9.34398
9.0705
8.36524
288.013
218.35
277.14
212.518
237.856
194.071
231.181
244.501
157.452
147.403
167.364
152.198
163.826
197.54
209.791
205.413
198.863
202.226
233.227
242.608
150.869
218.705
70.9756
43.134
62.0107
234.25
160.221
214.311
78.1502
74.0704
185.255
259.045
137.565
295.815
285.656
311.925
82.1111
156.322
65.5835
335.565
308.536
253.829
144.188
146.759
138.06
222.378
80.2508
72.3541
176.763
24.8041
190.26
252.8
171.546
150.664
131.829
157.016
165.316
180.95
226.622
257.179
151.332
181.882
159.36
200.186
158.275
213.718
210.989
176.13
169.834
103.467
140.987
98.2904
203.314
175.595
187.823
176.654
236.271
199.604
192.187
200.116
168.673
162.917
245.379
251.031
194.098
231.24
199.529
224.895
150.412
223.059
291.237
246.585
304.867
262.973
288.213
232.056
11.3188
9.00534
9.50907
10.8432
10.2793
9.77006
10.6444
9.19047
10.2541
11.0605
11.058
10.1613
10.6898
10.9979
12.0051
11.3492
13.3132
12.9519
13.6085
14.8535
12.6441
13.5626
11.9757
10.7437
9.20979
9.2093
9.90379
9.37444
7.38021
7.16803
6.63807
6.11725
7.15868
6.50992
6.82345
6.95894
6.67496
6.7508
6.65884
7.08596
7.03998
6.86934
6.7629
6.71303
6.27203
6.20192
6.01392
5.25225
12.7541
14.3638
10.7524
10.4725
11.0524
11.1044
11.5006
11.3212
11.0673
10.7001
10.7836
10.9695
12.2836
10.7926
11.43
11.5022
10.7499
10.5406
11.2339
11.242
10.6518
10.9102
10.879
10.3696
10.7314
11.0244
10.8695
9.58589
10.8624
10.3435
10.5122
10.8919
12.8731
12.0592
12.7781
14.541
13.1472
11.3245
11.8911
12.9125
11.9475
10.1743
11.9885
10.2909
12.2135
12.1184
10.0326
9.20914
213.739
154.948
240.574
251.196
256.539
205.164
221.114
215.977
176.439
128.798
177.225
137.361
168.269
198.315
212.867
222.217
215.389
195.327
228.094
246.065
156.753
219.907
134.364
46.1585
61.9155
233.689
165.378
218.777
85.5608
71.4554
169.339
151.562
133.684
300.199
152.917
194.284
164.892
220.157
100.015
323.197
290.267
278.661
130.655
127.059
191.435
234.938
87.1147
38.8619
184.166
63.4197
132.665
262.538
181.188
152.045
119.515
111.043
160.224
170.706
150.906
230.235
130.881
98.37
108.801
141.955
148.731
200.154
264.484
246.483
176.665
150.407
133.081
109.231
172.805
146.493
177.574
196.706
174.315
122.368
146.879
178.728
143.156
150.159
244.523
262.489
253.34
199.994
229.22
179.954
175.704
170.077
282.24
238.773
252.826
235.354
100.699
222.541
14.2545
11.9607
12.4445
13.4126
10.5063
11.3023
11.7227
11.1116
11.967
10.6465
12.7213
12.1215
11.357
12.1547
14.1057
13.5639
12.1807
11.9717
13.9839
14.2289
14.5368
14.9054
10.2411
11.2925
10.2661
9.00451
10.1138
9.90796
8.2581
7.24741
7.38251
7.03112
7.19368
7.23464
7.44871
7.21369
7.01193
7.08748
7.18835
6.93894
7.58509
7.17895
6.92657
6.68543
6.45609
6.15665
6.20586
5.79447
13.702
15.2542
10.9151
11.3448
11.3807
11.5857
12.0246
11.8785
11.4241
11.0912
10.9143
11.5916
12.4702
11.6593
10.843
12.2932
12.3384
11.4372
12.4235
11.7061
11.1891
11.0166
12.8156
11.2812
11.9842
12.2492
11.0898
11.0251
13.1705
10.1541
11.393
11.0528
13.0312
14.2859
17.3373
17.2214
16.4707
12.9326
13.9014
14.1524
14.3275
12.076
12.9038
12.1683
14.8203
11.2487
12.7228
11.8204
310.086
216.852
233.903
268.368
226.538
159.273
204.323
216.65
176.875
182.674
166.062
158.27
142.835
178.368
214.751
225.948
197.852
197.706
221.472
239.404
211.061
261.483
68.4583
44.4149
64.2122
224.588
172.886
217.113
41.4057
77.9748
120.108
104.613
216.35
310.76
198.511
27.4089
151.836
284.078
231.245
26.7301
268.658
249.925
125.767
109.627
150.952
241.197
116.396
49.3473
190.12
77.1104
128.264
263.141
154.618
150.93
87.6253
130.988
181.587
174.778
127.044
153.637
173.71
89.9215
74.0239
180.655
151.307
200.871
178.933
201.04
130.846
170.167
139.343
165.792
92.7262
96.7874
162.62
233.413
159.358
157.063
124.029
133.045
119.655
132.913
215.412
235.361
219.055
198.718
166.819
174.412
189.232
252.654
244.349
189.17
262.408
283.726
307.142
250.631
15.5111
13.2542
14.514
16.093
11.9093
11.0369
10.9414
11.8745
11.9806
11.835
12.5884
13.6579
13.0446
13.0608
15.1095
14.8889
11.6905
12.7663
14.4147
15.2913
14.0752
15.1824
12.6352
11.9206
11.2131
10.433
12.0175
11.0713
9.01906
7.74456
7.49931
7.25413
7.10841
6.95388
7.58029
7.65517
7.61713
7.57141
7.29058
7.20492
7.74577
7.26946
7.22137
6.91365
6.65861
6.23059
6.27723
6.22659
13.8737
15.7965
11.5132
11.8009
12.6811
12.4229
13.0942
12.7663
12.1271
11.6442
11.9765
12.1066
13.625
12.059
12.3578
11.7638
12.8158
12.9208
11.9937
12.1908
11.9629
11.7062
13.0599
12.2477
14.3849
11.989
12.1625
12.5327
14.4988
11.9203
12.6704
11.8421
19.0929
18.4836
17.6604
19.6508
18.0751
15.1429
14.7956
12.8329
18.2502
18.2405
19.6877
14.7591
14.9173
16.1547
15.3637
11.8744
243.024
272.862
237.295
218.813
198.534
170.479
200.1
182.577
165.317
174.775
178.598
201.318
175.956
198.671
183.04
224.744
196.273
181.114
213.223
202.493
237.381
257.573
43.7301
41.8102
126.99
216.258
170.011
192.341
46.0858
56.859
79.4745
91.2023
200.228
301.261
310.079
42.8415
140.099
240.116
307.406
309.186
219.33
259.04
151.919
98.9449
201.505
246.536
119.648
76.5993
198.072
79.7669
133.594
248.088
151.274
133.152
107.898
117.64
115.656
200.79
114.657
119.347
132.143
76.1455
71.2722
95.6104
123.624
179.941
132.78
218.363
133.786
137.859
144.897
129.666
125.82
72.1584
137.37
206.692
162.146
139.015
112.61
104.296
144.229
123.567
149.439
183.752
173.977
218.024
164.18
143.515
225.926
225.647
212.136
202.568
253.089
307.283
282.952
260.499
15.3562
13.619
17.0885
18.7969
16.3618
12.4963
12.2825
11.8719
14.4564
13.0435
12.2056
15.0483
15.5448
13.4358
14.1035
14.995
13.2799
12.8814
14.2033
15.3543
15.7869
16.8079
14.0668
14.0212
12.9681
10.9758
12.7522
12.3999
9.51269
9.1413
7.63439
7.58901
7.19245
7.22998
7.72424
7.44886
7.62036
7.83091
7.59795
7.61874
7.50076
7.29122
7.61089
7.23456
6.81897
6.47366
6.38246
6.51311
14.9944
16.2756
12.6065
12.6972
13.0527
13.1688
13.2629
12.7518
13.1706
12.8133
13.4214
13.067
13.8522
12.9804
12.8706
12.5078
13.5185
13.5347
13.5916
12.3538
13.497
12.3395
13.4735
12.4327
14.6743
13.8802
14.027
14.1268
17.4247
15.6543
13.43
13.6329
21.3126
24.2244
20.4831
21.4508
27.7086
17.1248
20.2961
18.6118
28.6892
26.3327
25.5257
26.0537
20.9819
27.3512
24.7247
24.4232
286.901
278.497
205.274
190.305
203.813
190.475
162.252
162.587
148.223
157.191
196.262
192.516
168.346
153.959
201.396
211.506
194.18
158.065
214.975
259.722
233.48
258.604
36.5304
47.7622
62.9266
95.293
169.7
185.164
52.3094
53.7891
39.4054
75.6045
156.154
300.015
227.671
132.218
98.7741
230.374
259.75
301.487
184.434
194.194
200.171
127.256
126.758
216.014
122.834
79.9411
222.398
124.953
153.454
212.301
152.262
143.424
119.545
130.831
63.7624
130.005
104.953
113.005
114.294
71.8082
56.3564
78.4531
59.0906
82.853
92.2585
213.727
114.616
115.805
128.889
109.095
117.493
82.4043
94.7485
125.372
157.744
133.117
103.229
96.7768
135.323
147.239
180.049
160.576
139.696
185.599
152.455
154.821
233.73
208.491
197.483
172.349
232.624
263.44
181.935
215.736
27.1839
27.5708
24.7843
17.6588
21.0322
16.1007
14.4609
14.8535
16.8676
16.0977
14.7401
14.2375
18.546
13.9198
14.7895
15.0256
15.5746
14.3296
13.1787
13.7286
16.9972
18.1096
17.3513
14.4189
14.5047
13.9289
12.884
13.9725
9.71115
9.29023
8.9382
8.10124
7.21837
7.38646
8.15392
7.70784
7.67874
7.94583
7.49897
7.64848
7.82216
7.6724
7.79061
7.4222
7.02446
6.60756
6.36697
6.70188
17.4635
12.2126
13.3286
13.3908
14.1324
14.0618
14.0131
13.3787
14.2206
14.2373
14.8742
14.5602
14.7052
13.5167
13.7421
13.2594
14.1967
14.3871
15.3913
13.7331
14.2446
14.6412
15.4301
13.5504
15.4345
15.0953
16.7789
16.2336
18.2738
16.9938
17.9382
16.8313
27.6391
26.2839
25.0505
20.8981
34.7213
29.3843
30.2465
31.1355
52.0331
33.2111
27.3172
27.1876
41.7089
27.8247
38.5154
34.392
264.832
311.228
202.904
179.716
165.442
183.681
156.225
143.13
129.646
139.708
144.429
190.858
170.338
152.932
182.432
208.633
145.083
114.07
173.682
200.666
206.926
248.33
60.9495
72.9683
72.7201
93.641
181.972
186.073
82.4262
68.2759
43.8978
23.0095
198.805
285.638
98.6787
181.524
95.6724
169.709
144.057
144.215
73.9438
65.1712
91.6223
102.56
114.756
137.593
151.326
84.4032
230.787
126.226
174.242
161.608
125.644
130.468
101.44
116.467
49.5533
102.93
105.235
86.1182
96.994
102.598
52.1345
61.9848
96.0797
79.8037
84.2806
131.622
118.343
97.7576
123.267
103.657
91.7202
74.8308
73.9995
149.704
142.659
96.2628
96.374
81.6585
100.26
103.627
171.802
175.96
104.901
133.75
155.093
151.668
190.817
185.666
156.555
186.581
178.264
184.778
307.91
294.383
33.8383
24.6134
23.9628
24.0532
29.9915
22.4496
23.7504
19.8004
19.1142
16.3396
15.6643
15.6197
18.7183
17.6224
18.6013
16.0467
16.7189
16.6164
14.9351
16.2992
17.6042
17.185
22.3258
17.4746
14.6224
15.2017
13.508
14.9569
10.637
8.84065
8.25867
8.13934
8.02007
7.90764
8.0916
7.85877
8.10367
8.66258
7.16267
7.44008
8.3768
7.83332
7.99444
7.99843
7.51343
6.86373
6.44007
6.7577
19.1642
12.9222
14.1843
13.7017
15.1568
15.1907
14.7682
14.2349
15.5371
15.3353
16.6074
15.0998
15.7062
14.6821
15.6082
15.1714
14.2238
14.307
16.4774
16.149
18.31
16.5996
18.5889
18.0866
15.9948
18.5279
14.6272
18.2532
20.1197
18.9162
19.7945
19.0467
36.101
31.7876
27.1623
24.8177
38.0522
41.4867
39.0251
43.2845
43.6357
45.1489
34.3901
30.0006
39.7927
36.9892
43.2216
29.2446
191.082
237.396
182.619
163.92
130.115
138.002
135.789
134.366
109.272
114.057
136.329
136.552
126.299
138.453
158.396
164.072
148.829
126.238
197.799
201.943
174.017
201.083
79.1453
98.5764
76.1244
85.5598
145.926
149.29
75.2925
112.931
58.0921
22.3294
147.843
273.656
139.935
52.6494
64.2255
146.512
176.651
181.415
117.221
117.055
77.0245
69.122
109.781
138.879
170.671
108.779
239.019
128.711
137.689
193.828
129.391
105.282
68.1487
76.3615
61.6837
85.1184
97.309
66.8559
70.0251
56.4929
48.6709
58.8415
55.516
80.5497
123.59
94.9715
129.692
114.298
117.757
117.127
66.463
57.6259
63.4355
87.8515
133.54
84.2817
81.8042
79.7061
100.058
118.5
158.287
168.051
104.663
101.859
160.665
141.084
170.929
191.162
143.415
188.615
166.863
214.633
223.877
281.956
69.9408
66.2142
35.3903
28.5998
36.5737
44.251
38.9405
24.3125
23.9475
18.1654
20.0139
17.6283
18.8647
16.664
17.3606
18.2254
20.1383
19.9495
17.1636
17.6169
15.9198
17.1498
23.9167
19.6317
16.5296
14.6352
14.8588
12.9518
11.8914
9.7837
9.42602
8.97856
9.45761
8.42881
8.04722
8.33828
7.98055
8.4302
8.15544
7.98183
8.53778
8.4391
8.3733
8.02303
7.52301
7.08638
6.59402
6.89391
20.8423
13.6019
15.377
15.1962
16.224
16.1613
15.8201
15.206
16.3135
16.7454
17.506
16.153
16.8001
16.5757
17.7624
17.3044
15.4098
16.717
20.0247
19.1362
21.4647
19.7248
21.4244
20.1185
18.5256
15.4293
23.9617
23.3999
26.9337
21.9995
20.6194
22.352
36.1258
40.4982
45.8433
38.1736
46.5371
42.2316
57.4471
54.2146
39.3201
34.2011
40.995
47.181
70.4773
59.4933
57.2609
49.7071
180.276
185.102
152.612
134.971
102.317
99.3235
105.121
100.875
97.3122
98.9455
122.668
111.567
117.268
128.948
107.601
118.004
161.046
115.141
141.113
162.204
118.296
152.34
122.023
115.365
111.206
77.3559
27.133
94.3061
110.702
139.503
84.6036
23.9033
176.192
84.6298
53.9138
56.1303
79.2727
163.016
63.0359
94.2658
55.7959
60.8065
76.6494
117.834
81.7311
116.973
125.594
122.614
235.72
181.086
84.9582
136.891
76.7537
92.7626
44.6806
69.5183
52.5021
70.993
58.6982
72.1968
73.5495
69.0817
43.6895
67.2356
57.9523
100.911
126.579
124.786
82.1787
85.736
110.219
68.6911
67.6381
66.7419
50.9919
64.5214
84.4637
78.9007
67.3906
70.0781
98.8743
73.5794
131.403
153.024
85.2446
89.8893
106.086
106.046
123.458
136.588
128.643
156.994
166.261
157.245
216.518
190.673
81.5826
81.9002
43.7307
44.7911
46.3316
33.9582
48.3722
30.2222
27.7542
24.0658
22.9078
19.2092
27.2148
22.0161
16.4615
15.3091
21.4694
20.9693
17.9951
22.1046
16.7124
19.268
23.7985
22.9178
14.3344
16.7099
15.5387
14.4675
13.441
10.6444
10.9954
10.0976
8.95211
8.86653
8.33837
8.7783
8.64936
8.33732
8.64848
8.4033
8.96702
8.72774
8.54198
8.36025
7.60368
7.20682
6.83602
6.88575
23.5543
14.3223
16.0924
15.8534
17.7127
17.3778
17.1649
17.1438
18.8714
19.2047
19.4294
17.976
20.626
18.4632
19.6529
17.1519
19.6413
20.3163
21.6966
19.7061
24.6939
22.9661
23.6595
22.515
20.6362
19.5269
30.8815
26.3319
28.7361
30.2019
27.7629
20.8722
44.4367
47.0808
33.3236
61.9119
65.1076
50.1863
73.0027
61.5877
55.0359
56.7504
76.6962
59.3828
77.72
77.1616
99.2791
101.765
150.547
158.618
96.7979
101.082
80.5266
82.8646
82.1867
87.6236
69.3787
81.7503
86.5441
78.6519
90.0434
84.8801
59.3454
72.1176
93.3094
96.9906
58.9974
131.822
99.2506
119.871
62.675
127.28
101.441
105.72
25.4414
41.5292
54.4118
109.481
80.6622
47.3219
73.3364
84.8148
104.71
127.26
84.082
145.035
62.2165
122.548
36.6477
62.8892
63.6539
86.6675
61.1882
106.542
59.8148
122.091
72.5697
182.575
54.81
91.3554
34.6013
35.3049
32.802
35.0985
54.6619
43.948
41.8124
38.3837
69.5419
54.1262
24.847
46.3928
57.9391
72.2154
58.1439
75.9651
55.9874
93.2248
96.2144
84.6814
76.6524
86.8419
52.7647
54.4164
46.6131
44.2068
46.485
47.423
56.7927
55.5877
97.139
104.551
71.3481
76.9829
79.5284
71.7613
95.5741
112.16
94.8902
103.148
121.409
132.859
134.571
159.833
94.912
64.0742
44.4981
26.324
46.4064
48.6668
51.8903
46.0306
30.805
23.3336
23.8856
20.3723
23.8283
25.8188
20.6966
17.5766
22.3154
24.0398
20.6039
17.0798
17.8999
20.6717
23.572
23.5084
20.8432
17.0231
20.2353
17.7478
14.4799
10.6567
11.3912
10.0867
9.48108
9.55762
10.0295
9.50085
10.1136
8.89112
9.29912
8.81196
9.10217
9.04264
8.92459
8.61958
8.09153
7.44366
6.38465
6.99738
25.4324
27.0955
17.5837
17.4859
18.8547
18.1956
19.2863
18.283
20.601
22.0859
20.7699
20.1203
22.6923
21.2912
22.247
19.2587
24.9546
23.0852
22.7663
22.5439
24.2881
21.881
28.4562
24.5771
23.8532
21.9213
29.7789
31.727
30.6533
30.8721
32.7432
35.6676
43.5832
59.3158
55.3694
33.3253
54.7622
66.1746
76.7901
74.6377
61.3898
60.2109
77.7662
72.9047
68.6356
78.6293
88.8906
105.239
106.136
99.9925
82.3758
90.614
82.2916
82.2322
77.1945
70.8947
63.4559
61.0653
78.4593
81.2984
92.5551
69.0567
66.7443
54.6843
71.108
61.2885
54.3926
54.9508
70.2715
75.099
58.4183
45.6411
79.2542
126.04
21.8117
44.0824
51.1963
83.7155
92.9715
90.5699
73.5864
55.0982
59.6971
68.8979
84.2139
96.1784
47.7933
81.2525
50.3828
61.5318
64.1052
69.8785
62.2404
85.9061
43.9832
41.1985
64.7375
71.0972
39.2806
70.9241
46.8686
22.8403
24.5994
24.2413
22.8862
27.5389
38.732
31.6916
58.43
52.1954
22.4473
41.4092
46.1733
63.9474
51.7964
64.5153
25.826
64.4886
63.6885
88.5539
70.4643
62.7694
94.2315
35.5425
44.7954
42.7241
41.1054
44.143
36.3788
43.0138
60.8446
64.9472
65.9073
64.3271
72.9231
66.8334
77.449
78.4087
60.9255
72.5094
71.4977
72.1236
89.6151
129.802
116.823
91.2707
81.6717
62.3654
75.1582
42.975
52.6734
46.2787
39.9472
29.4721
29.1198
23.118
27.8812
28.8841
25.7878
23.1456
28.9906
25.2287
20.1865
16.445
20.4752
19.3622
24.9232
25.1345
21.6765
18.776
18.4315
19.1755
13.6338
11.3415
12.3298
11.3893
10.4728
10.0382
10.6798
10.1875
9.49824
9.10917
9.65159
9.45143
9.55254
9.51932
9.28187
9.20223
8.28895
7.71226
6.35329
6.98972
28.4421
16.2245
19.1625
19.024
20.4179
20.9709
20.0833
20.5665
24.7582
21.4988
23.3198
21.2041
24.9785
22.1105
26.9194
22.8093
25.3892
23.5309
26.4633
26.1863
25.5257
25.8026
31.4253
25.7946
33.5485
22.4632
26.5207
38.6518
38.9353
33.9642
41.2232
43.5567
46.192
38.7572
56.3767
56.6103
56.1705
56.5798
63.1472
65.2067
67.8883
84.8751
87.1677
88.5423
93.4886
106.845
102.825
110.651
96.4614
92.6106
79.8223
83.8947
67.6967
74.5184
72.6309
77.1904
58.2302
59.3373
74.1156
71.6509
86.9442
70.2297
69.9581
55.3101
58.039
52.8257
65.8076
55.5833
66.8716
84.901
58.4842
60.4584
82.3422
31.0456
22.3666
43.9672
49.5191
92.9524
104.525
93.1417
69.4861
54.8457
63.3768
28.7009
100.312
92.4482
51.1886
88.5148
46.8464
80.4701
74.4505
74.9264
53.949
80.1001
66.9963
37.7199
64.5102
29.7212
54.6865
78.5011
98.637
24.8245
22.7116
21.6094
20.6453
25.7322
51.9131
35.1576
55.8563
38.2867
25.0884
37.5821
57.8581
61.0785
58.2233
73.6063
28.8548
26.7635
60.4079
72.9498
55.1645
65.5108
47.0223
38.1443
46.8817
43.8815
40.3287
41.3279
35.307
46.857
53.9109
62.4228
59.0115
61.2753
64.698
55.7105
67.6683
73.5723
58.9438
65.0468
70.96
75.5595
65.0824
97.8636
100.084
60.3609
57.5709
76.5897
85.3227
50.1162
53.2281
51.7362
41.5254
37.7569
36.3167
35.1919
36.8848
34.0474
25.502
26.8457
28.1901
25.2711
20.5176
17.9348
23.6118
22.5617
26.9953
22.855
18.1472
18.2245
20.1065
20.3432
15.7125
12.7761
12.0196
10.9077
11.4275
11.101
11.1996
10.7971
10.3474
9.86482
10.2241
9.66026
10.197
10.0177
9.69254
9.61261
8.50686
7.97164
6.26027
6.86304
29.9661
17.2244
20.4745
20.5303
22.7158
22.9342
21.4983
22.3326
24.4298
26.5065
24.43
24.3082
26.2657
25.2152
27.5937
27.39
30.4758
29.351
32.1251
30.0549
32.244
29.0266
36.9974
31.6567
36.0057
34.0693
26.7118
27.8874
39.2659
37.3242
47.5001
56.7497
65.5288
58.7143
70.2452
52.5815
69.1516
60.9739
60.5233
64.9754
73.8948
69.718
74.0077
77.6072
70.3437
87.9156
85.05
111.418
82.793
80.0082
75.8051
69.7296
59.7191
64.6521
69.8305
74.5814
57.2215
57.5604
68.2703
67.5252
77.2568
72.3605
76.2783
76.7816
57.0065
51.5454
41.6405
43.3906
83.2083
88.5557
58.3617
54.4839
35.5374
53.3274
23.5422
17.3886
6.40551
37.1606
72.5752
70.4404
76.17
48.5563
63.4379
36.5401
65.5725
61.3273
38.8303
88.5983
42.2646
53.801
77.3597
85.7671
53.5127
66.8729
71.9622
47.1114
66.6754
25.1963
44.7501
40.2431
44.3134
24.6176
22.9833
21.5759
24.8426
24.6991
48.4356
51.2336
53.53
39.6733
25.6252
37.3745
39.3401
61.2322
30.1123
35.3769
42.1537
27.3643
50.5171
65.6549
45.1519
90.2191
49.2936
39.0405
41.6017
50.7172
34.4613
28.6938
33.0764
45.1726
42.4953
58.6604
53.0934
59.8397
56.9108
52.3918
48.2569
70.0761
53.7431
58.2904
60.9431
66.1362
68.6856
84.6634
62.7964
80.3407
55.2296
49.0984
76.8066
85.9674
49.2826
52.8718
41.5267
45.8429
33.5646
34.1929
35.7052
34.6117
25.6258
26.9643
26.4918
26.2957
21.504
18.8379
22.5898
23.2091
28.5145
22.166
17.3714
18.0836
17.9228
16.9487
13.7775
12.6391
13.2845
11.7672
12.4312
11.8364
11.2063
11.2066
10.8785
10.8807
10.4091
10.4664
10.4642
10.349
9.79197
9.63696
8.3015
7.58364
6.04675
6.56769
30.6218
18.1102
21.6046
22.0795
24.0738
23.9803
24.7657
24.1219
24.9787
25.2308
26.5939
27.0339
28.2583
26.9732
25.0413
29.9246
27.7111
27.5158
35.1545
35.3994
36.3324
36.3406
37.2005
35.1308
41.4883
41.1761
41.604
34.9918
48.6777
49.526
54.1571
55.3608
46.1458
51.2999
58.2178
63.7049
56.5068
60.5099
54.5744
70.8726
69.9567
55.9953
67.6161
65.7199
89.5226
76.2666
79.6532
80.8469
73.6634
75.7706
73.1325
71.7925
55.0926
61.3919
62.9908
60.7476
56.5974
50.4681
57.3857
61.2408
68.7692
70.0185
53.9147
49.4729
55.7843
40.3349
43.0456
38.4986
79.2341
71.0737
69.401
43.7472
39.3911
29.9804
21.883
22.3739
3.0657
40.1256
64.5363
55.6446
67.4165
40.6159
43.032
25.4304
53.9157
58.6158
35.0066
81.0152
54.7614
43.9905
33.1715
67.3546
48.8074
60.9959
75.2333
47.4633
75.1852
46.027
32.9721
29.0855
35.3495
29.3502
20.486
22.0114
16.5806
24.2988
31.0618
29.2083
42.8044
29.6562
29.5805
21.9472
36.7148
65.4016
26.822
19.7272
53.3459
50.3299
52.5796
43.2034
39.2692
79.8663
38.507
28.1402
48.3973
51.5242
29.2991
30.9292
30.2544
44.8491
39.9476
51.3066
40.9782
60.2013
48.3463
49.4467
48.9629
51.9352
50.8702
48.1916
46.1175
53.1441
44.004
65.7978
61.1243
60.549
35.9212
40.2826
62.3197
65.4319
39.5656
48.0636
45.3572
40.585
32.3292
33.7416
30.5677
34.9767
25.012
28.873
25.9661
24.8939
23.0689
21.201
23.721
25.9156
20.8182
18.3944
17.8816
17.4717
16.5872
14.7729
15.0156
13.5939
13.0883
13.2158
12.881
12.1909
11.1563
10.6132
10.4072
10.6703
10.1587
10.1517
10.005
10.2468
9.2635
9.14852
8.16167
7.47413
5.7029
6.10971
26.1926
32.5193
21.7197
22.5104
24.698
25.538
25.1251
26.5678
27.7046
26.7258
28.9675
26.6088
27.3904
29.8513
28.8075
27.3387
29.2314
31.614
27.9788
33.1473
34.1773
37.0397
44.1124
41.8567
38.0265
43.9332
43.1394
45.5806
41.0433
52.6183
42.0275
41.4725
48.3121
46.1039
46.5559
44.4196
54.4305
53.7664
70.4432
62.6062
57.7071
53.0601
51.5486
61.3706
69.5701
73.983
58.6752
61.2986
58.4319
68.9413
68.1847
53.2426
53.0582
58.0504
55.9687
55.0153
54.4461
53.5874
63.0877
53.8395
61.7479
61.1583
52.6191
45.8965
47.6753
35.0462
50.7985
33.4131
64.6724
30.442
45.6127
54.2632
41.8677
31.1496
23.5509
21.81
17.401
23.8236
63.5153
56.7026
68.1006
39.6571
53.8232
65.1305
49.6391
46.3327
48.9906
36.7795
58.9467
44.6028
30.5082
27.0427
38.546
54.878
80.306
45.4922
75.2938
64.3396
32.2638
23.1369
32.3384
24.6299
20.7845
23.9787
16.3918
23.2511
32.8118
26.5896
46.6311
32.3383
27.1494
23.5074
34.9127
67.4305
33.7961
30.3024
52.4652
37.3401
50.0134
32.7861
38.1108
44.0436
34.8841
50.7606
41.7336
41.0377
28.0273
23.2754
31.3248
48.3552
34.9321
41.3936
34.9278
39.6426
46.7755
43.0319
37.2092
47.1609
34.4728
41.3236
42.3686
40.8783
39.8579
46.244
43.2566
67.3419
41.8067
35.3626
34.8812
49.8168
35.6194
34.4735
36.8172
47.7808
32.6117
30.5806
32.134
30.9564
23.5818
24.0743
20.4284
19.8925
22.424
21.5451
20.2955
24.66
15.5147
17.1632
14.4298
15.401
14.2741
15.4871
13.6054
13.6723
12.0478
12.4502
11.0422
11.764
10.7083
10.0297
9.8497
9.85345
8.95259
9.64551
9.10101
9.41136
8.29103
8.1597
7.22372
6.82675
5.2158
5.5057
27.4121
32.4026
22.1589
23.0299
22.9104
23.8861
25.4684
25.9572
26.4961
27.6216
26.8018
27.3922
28.6696
28.7662
33.7413
31.3751
31.4988
34.71
33.1492
32.2466
34.6386
34.3328
34.5908
40.2849
35.6345
37.3807
35.5698
40.9706
39.9799
39.5676
49.6329
40.4541
38.7105
51.1294
56.233
53.0077
60.8281
66.8987
57.8253
57.4207
53.751
48.0246
50.324
56.526
55.6882
52.2005
62.2718
52.7425
49.5198
51.0208
53.6294
55.6914
55.1242
53.7054
56.1116
48.8026
50.2831
47.2704
60.7431
54.2162
49.5765
59.8194
48.231
48.0473
37.8316
38.5023
31.8619
41.4812
52.417
39.0225
35.6075
56.7756
43.2092
31.8694
25.9748
21.1984
17.1965
11.7411
63.2386
57.8933
60.7904
40.8474
34.9276
60.4249
22.0744
84.5691
44.6672
24.5955
55.7004
46.5901
49.1876
42.6255
38.9524
54.7502
81.1748
77.7629
47.26
107.74
31.5722
16.461
28.9983
18.443
19.7537
22.5879
15.466
20.053
26.836
31.6392
32.7884
30.3998
25.6161
18.9634
33.084
71.5668
33.0885
37.1181
39.1051
44.9078
53.6908
57.1142
28.5565
33.8554
31.2737
25.1851
28.3304
33.7939
28.5949
27.0332
26.0274
50.4953
32.4489
49.2034
34.0829
36.1171
44.4116
43.7921
27.7876
37.3154
26.7416
32.7529
29.5304
37.2493
24.1957
32.8955
21.3432
31.4099
30.877
37.6595
22.754
29.1083
23.0406
24.0348
19.6136
28.1434
24.1884
26.7633
26.1055
26.5122
20.49
20.4278
16.2273
17.1525
17.7222
19.1911
15.2529
20.0953
12.8435
13.9123
12.0119
13.4731
11.1412
12.2407
12.3995
11.2561
10.065
11.1226
9.32137
10.0387
9.3008
9.10893
8.01803
9.11927
7.72903
8.04618
7.6567
8.08944
6.90776
6.98742
6.09813
6.05878
4.76671
4.95941
27.1129
33.4631
22.4485
23.4586
24.2981
24.4607
24.2579
24.7239
23.7111
28.0083
28.0276
29.342
28.9413
27.3329
28.0139
29.7975
29.1772
31.4341
30.246
30.6708
33.035
32.8278
35.9006
35.66
30.1186
33.8855
34.4154
32.7024
45.7756
38.7363
44.4231
49.3472
46.3342
40.8232
47.7494
49.1364
32.869
45.1037
46.1827
48.1365
56.465
55.1671
63.2278
63.1944
65.2364
63.7511
56.2717
57.1217
58.0178
54.114
47.2345
48.1349
49.9671
55.1471
49.6022
43.076
47.3848
45.0508
47.8603
43.289
53.2291
52.4047
46.7628
43.1311
37.0709
35.0034
32.6021
48.7683
35.4927
26.2006
17.6583
26.0288
39.8692
37.1045
32.2561
20.4645
22.5132
10.7526
56.4732
63.9548
64.8779
41.3281
14.7559
28.5426
30.9882
35.7825
56.0702
58.8326
53.6827
32.1178
53.0782
61.7169
37.8837
54.4271
79.8133
84.0849
47.9834
95.7679
30.4737
41.2509
27.4037
16.4206
38.5506
20.001
14.8759
17.4743
46.1946
29.1753
29.8137
29.5304
27.9903
15.6587
24.1581
31.4335
33.7716
38.3748
34.8359
37.2674
51.6181
56.4391
22.9452
22.4725
23.5919
22.8053
28.1158
28.0271
28.2734
25.3077
24.3147
38.1961
34.1641
28.5071
30.0773
37.9468
34.1882
36.8313
24.8753
26.2963
20.0968
22.263
21.195
22.7334
20.0549
18.5077
24.2407
18.6804
15.5505
22.3787
17.5275
24.6332
18.6756
14.9668
16.6049
19.0106
19.3263
20.0208
16.8768
19.6992
15.312
15.9707
14.0733
15.4389
14.6324
14.9295
13.2794
12.2102
10.4081
11.2096
9.92534
10.4102
9.25319
9.26539
8.48702
9.51147
8.69837
8.85341
7.89672
8.382
7.69381
7.83091
6.88306
7.67433
6.52305
6.67439
6.37671
6.64137
5.80945
5.97503
5.34628
5.29448
4.38942
4.49532
24.3651
29.8459
25.6269
22.73
23.2637
23.4409
22.5804
24.6012
24.0005
24.4491
25.3898
25.3657
24.9454
26.6282
26.3823
27.3519
28.5584
30.962
25.5541
30.511
31.9673
33.0868
34.9792
33.6211
32.7047
41.7972
36.0099
35.1035
39.2983
45.4275
43.3293
45.5674
50.012
49.168
34.4033
32.2694
29.8587
34.8541
48.5281
53.7074
52.061
65.3106
54.1805
57.5944
52.0953
59.6438
47.8555
57.341
48.5184
51.0124
42.5124
47.0291
39.9304
48.6915
47.3841
46.0168
42.5365
44.6385
42.7887
40.7024
43.6568
53.3614
43.3764
40.758
29.5408
31.7897
46.4606
48.783
19.9491
23.1965
31.0063
23.4749
21.7619
33.971
34.3221
22.4649
15.7961
21.4891
34.9123
40.7519
63.2271
63.7865
15.7034
22.1076
32.2541
28.6615
74.0632
65.6016
48.3112
43.5918
45.541
63.5647
27.2764
40.4643
95.0694
82.4632
66.601
62.5495
31.212
28.433
26.1324
15.2742
18.9031
20.0788
12.1031
16.5892
28.6403
24.5587
38.2873
27.717
25.09
16.9389
26.9827
85.4019
76.5663
37.5668
36.3591
37.2775
29.9768
48.7074
26.4039
14.1584
24.0514
14.8832
29.7763
25.867
29.1176
24.6881
20.56
23.1747
41.2729
24.9089
27.4771
30.0912
33.3941
29.8218
20.1242
21.5251
15.3679
16.0145
16.2807
15.6665
15.1421
15.4588
12.3663
18.7084
13.7786
11.6505
11.9649
14.5669
14.2794
14.2911
12.1377
13.9865
12.0699
13.8946
12.3725
13.997
12.4994
13.633
11.4043
12.2219
10.0454
13.2687
9.45496
9.16517
8.60845
9.05581
8.2375
8.27243
7.86689
8.1492
6.70228
6.97483
7.24488
7.60039
6.48111
7.09389
6.32153
6.54751
6.04459
6.15992
5.78763
5.84142
5.38619
5.60157
5.10504
5.17681
4.72351
4.73966
4.07555
4.13378
23.0514
26.2941
31.8252
24.7402
22.0273
21.3685
21.4108
22.8906
24.736
23.8859
23.699
24.2546
24.2038
24.2261
23.3903
27.3151
31.637
29.7705
29.6339
29.0725
30.2305
27.6156
29.1582
28.3988
26.9307
28.697
31.2231
37.4917
30.9894
34.1667
30.9012
32.1677
40.5912
46.005
40.73
40.8776
40.6652
41.64
47.6653
43.7114
45.092
54.209
48.2449
53.944
50.8928
44.7727
38.3443
36.945
41.9065
42.5778
39.6774
38.9906
35.9851
43.3023
39.8391
44.4962
42.2923
43.0389
38.3496
37.0812
42.3837
47.0441
39.954
38.8305
25.0969
26.525
29.6472
34.9472
94.9004
27.6343
19.4872
24.3526
21.2796
29.893
34.4513
33.5036
6.88511
25.4217
30.9782
74.165
36.2038
64.6021
25.2442
20.5385
29.5061
30.9235
64.7553
53.0967
43.0227
37.8495
36.8233
57.5478
19.0123
36.1889
85.4619
86.3027
57.1389
39.7318
23.4988
32.0345
21.742
13.3196
16.5568
18.3332
17.202
15.493
31.5937
22.0605
34.4339
24.2168
23.1166
15.7821
33.4836
57.3256
105.447
38.5068
31.4072
24.8273
17.5505
44.8031
29.3393
15.357
23.2831
15.9376
24.8354
29.4531
25.921
20.2902
17.6214
22.4548
26.5933
23.9071
22.9257
26.0852
24.7797
27.5334
18.1767
15.7514
13.8899
12.5605
11.1732
10.9165
10.9474
11.7676
10.7374
10.5553
10.065
12.261
10.3977
9.73235
10.8783
10.7572
8.55804
10.6983
8.90713
9.63349
9.08295
9.19506
7.99667
10.0519
8.36621
8.6576
7.67465
8.97153
7.35015
7.90336
6.61529
6.81864
6.7877
7.59225
6.6399
7.19507
6.36408
6.37542
5.91182
6.27665
5.71946
5.8915
5.49923
5.3918
5.08646
5.40257
5.03047
5.05037
4.68818
4.90345
4.5648
4.65627
4.24355
4.28884
3.836
3.83522
20.9467
22.4562
32.7013
28.7352
21.3631
21.554
23.7657
23.4754
21.6187
21.5864
23.0094
22.8861
24.7693
26.2462
25.396
26.803
23.2875
27.9322
29.0699
28.3876
24.8579
28.7832
26.9721
27.7914
29.1752
26.2736
28.7901
26.4393
28.0285
30.2656
33.6499
36.555
31.3313
34.377
35.7315
41.3873
41.0289
45.4038
45.2482
44.2176
45.0656
45.2433
37.9981
37.9039
32.4036
42.2017
43.9572
42.5042
36.7596
41.0012
35.6076
35.8362
33.4956
37.1834
35.0344
37.6777
41.764
42.6756
36.1206
34.2092
43.5964
40.1189
40.5269
36.0054
21.9368
25.7719
31.5927
35.9911
56.7707
29.7922
39.6252
14.8289
20.9568
26.686
45.3154
49.8222
7.37135
17.8181
22.1318
29.0105
35.5001
56.4455
26.4382
19.7701
32.6049
34.0471
48.2329
31.3889
28.3377
23.5832
40.3469
48.9326
23.1817
21.196
84.5609
78.3098
48.5833
42.6264
20.3199
23.2813
20.7509
12.6485
15.6954
17.1814
11.679
16.6208
24.7528
21.7603
32.5064
22.0617
21.2916
14.8783
27.8534
66.1908
112.38
20.6496
24.6978
13.8616
9.92611
20.3291
35.0813
17.5792
16.5154
16.5491
18.1666
20.5063
29.485
18.5073
16.7865
20.9535
25.7096
25.5101
19.374
23.9426
22.0692
21.9704
14.5434
14.085
11.6046
10.5704
8.36018
9.73108
7.80169
7.64884
7.02735
9.84332
8.45225
8.04328
7.76637
9.27379
7.34424
7.84903
7.90989
7.96908
7.90103
8.22222
7.3318
7.39363
6.71636
8.22419
6.47522
6.58117
6.22563
7.06292
6.34193
6.32692
6.36059
6.45412
5.52175
6.31218
5.52653
5.87136
5.55469
5.59462
5.27987
5.18884
5.11132
5.14568
4.72427
4.82514
4.57523
4.81597
4.29076
4.53564
4.24976
4.42509
4.14616
4.18965
3.90953
3.92617
3.65526
3.57482
19.2329
21.6799
29.197
27.0422
21.727
22.4843
22.607
22.3616
22.2814
22.4106
21.7645
22.6613
21.1381
23.2931
21.3043
25.8946
25.6551
26.0609
28.3162
27.6915
26.9796
27.5565
27.0622
29.8868
30.8701
30.4295
31.2982
26.8235
28.0709
27.1056
30.8354
27.5038
35.69
32.8125
31.72
36.3234
30.8493
40.7191
34.8568
37.4879
35.6594
36.8381
31.7064
36.8945
32.652
38.3942
33.9902
35.4642
33.9378
36.9754
33.0746
29.7847
33.0097
35.3687
35.7818
37.3182
38.6476
38.8272
35.1847
35.5142
44.205
39.6076
38.2308
36.044
18.6729
19.696
49.1118
38.6854
89.9822
28.3231
16.842
29.0124
40.3497
38.5164
55.8202
65.6882
7.41573
18.9066
20.8127
28.9048
18.6133
46.2832
16.0926
12.9283
23.2411
28.8726
37.5779
24.2574
24.9922
19.2107
45.4158
45.513
25.1076
19.7077
36.186
90.212
44.3416
25.2982
10.8597
24.1732
22.9664
10.1921
15.162
16.1069
11.892
14.2899
20.798
17.7296
26.7788
21.0571
22.5848
15.3419
32.6888
72.978
95.822
65.0178
18.4783
13.5473
16.8694
19.2292
30.2312
31.1849
14.4413
15.2686
18.1433
20.361
26.7131
18.4501
17.2355
16.632
24.718
24.7839
18.0808
19.0283
19.3588
19.6975
13.1424
13.1811
9.48366
9.55519
7.28606
7.88378
7.39465
6.70475
6.32867
7.29148
6.70918
7.38663
6.11357
6.7137
6.23525
6.95584
6.76233
7.02169
6.01159
6.66314
6.01769
6.13516
5.73116
5.97179
5.80438
5.58238
5.34684
5.84002
5.08869
5.63596
5.29709
5.61599
4.79775
5.35037
4.84119
5.03459
4.8457
4.68175
4.60756
4.63542
4.38992
4.67379
4.42942
4.37561
4.06977
4.22229
4.02328
4.16632
3.9811
3.99222
3.88407
3.86003
3.69103
3.7124
3.53208
3.39025
17.3569
16.5807
28.0402
28.4804
20.0389
22.0552
21.2643
20.8293
21.3137
22.0079
23.7092
21.2414
22.991
22.5583
22.5103
20.9175
26.7372
21.8242
26.0695
26.7629
26.9434
26.8645
26.6812
28.0622
27.7645
31.9516
31.4682
31.9829
28.5649
34.7538
28.9883
30.2412
24.3096
26.1275
27.1321
29.6894
32.8622
32.4244
32.3675
37.6991
33.5595
33.4046
31.9694
31.0626
30.0175
32.9856
37.5029
34.8745
34.2718
31.919
26.752
27.6657
32.207
34.1759
35.875
36.4243
36.4016
38.7461
32.8383
34.7551
42.4397
38.037
35.6875
28.4819
24.8401
24.5098
40.0456
35.2511
21.872
9.96712
19.5399
33.0281
43.8949
35.8071
30.5171
7.21119
7.43002
27.401
10.3097
26.7997
10.3548
38.2395
15.6093
13.94
13.9202
16.7677
16.3384
29.0226
15.2128
18.8254
39.4197
57.7412
28.3489
28.9105
26.6873
34.712
34.0866
12.7627
9.57451
29.7729
14.987
10.4043
15.9308
17.3165
11.09
14.2621
18.2664
16.6089
24.0572
23.7862
15.8654
18.3881
34.3587
75.1678
89.9302
98.3506
16.2127
15.5579
13.4746
16.1147
23.4376
25.4029
13.5132
13.2672
13.4315
22.3199
24.9068
13.9435
18.3661
16.3969
20.1924
19.5843
17.215
16.2985
17.9011
18.1835
12.2863
11.7828
8.68307
7.86962
6.85581
6.72442
6.18359
6.27802
5.37167
6.21799
5.85565
6.41858
5.28009
6.11074
5.82909
5.44829
5.35801
5.51915
5.16825
5.23757
5.00228
4.98111
4.88847
5.31908
4.92701
5.32351
5.07371
4.77923
4.5908
4.66445
4.50475
4.72512
4.38876
4.3398
4.49916
4.42433
4.24779
4.45035
4.08263
4.17095
4.15807
4.12452
3.93226
3.99962
3.82498
3.83807
3.79942
3.89783
3.7501
3.7466
3.65015
3.67016
3.52814
3.55085
3.45548
3.12321
17.346
14.8942
26.9078
23.4184
21.9221
21.0634
20.049
22.3377
21.3881
21.443
20.663
22.6758
22.5562
23.9058
23.7261
24.14
22.5463
19.6859
19.315
22.0624
19.7103
23.9299
22.0628
22.6078
22.1932
20.2794
24.5489
24.0228
24.042
23.1183
29.9715
28.2494
27.2652
29.5591
27.9173
29.1101
25.9502
28.0307
26.7839
30.1981
30.7488
32.1497
27.5399
28.6135
29.3471
29.9024
29.9131
32.7927
34.1551
30.071
26.1619
27.6405
31.9266
31.1226
32.7776
35.1453
36.0744
39.2346
33.8939
36.2617
40.6216
38.0634
33.1395
29.7996
25.0331
25.2771
29.4729
23.376
22.3623
17.6285
23.9285
30.7576
23.4745
17.8136
19.4325
20.9405
18.3363
3.49571
8.64015
17.3697
10.0345
14.2594
13.6478
11.9323
12.5099
13.9167
12.4397
13.977
14.3693
13.7301
45.5338
59.6674
29.4372
35.201
30.9793
51.6778
12.6205
9.66364
9.2839
14.2885
11.6012
11.0259
15.0623
19.1257
10.7975
13.9411
19.0553
17.5337
21.8025
25.8826
14.8414
18.5938
32.1163
72.3555
80.7757
89.5294
14.0915
12.0059
28.5921
8.20754
15.513
15.4981
13.1641
12.9755
11.6626
18.0921
25.7277
14.0095
17.9449
14.9064
18.3453
17.3638
14.9757
16.0008
15.034
14.6453
11.9031
11.143
7.83631
7.13192
5.92462
5.78104
5.27904
5.41522
5.05955
4.97597
4.89843
5.16571
4.46567
4.83785
4.71419
5.02116
4.50862
4.69006
4.33532
4.39849
4.39002
4.4682
4.51805
4.38475
4.18227
4.66335
4.18576
4.59644
4.00622
4.05552
4.12748
4.11334
4.05144
4.21488
3.88627
4.05334
3.86672
3.93788
3.83918
3.76378
3.83804
3.86716
3.7631
3.72616
3.55475
3.63893
3.56488
3.63189
3.57038
3.58683
3.50994
3.52358
3.47173
3.45914
3.39313
2.82089
17.0389
13.1572
22.5394
22.5756
19.4628
18.719
18.9922
19.149
18.2787
18.0818
18.6621
22.5044
21.9009
21.0021
24.279
21.8632
21.7415
19.8283
22.3662
22.0183
24.6486
21.0417
24.3844
24.3592
26.1768
27.5059
28.481
28.4226
23.7459
25.8878
22.8778
21.8726
27.084
27.2844
29.2918
27.3237
29.8621
28.6336
31.9701
31.428
29.6052
26.9436
25.3853
25.6447
29.6701
29.577
31.2654
32.338
29.0302
26.2246
27.6058
27.3766
32.3951
32.6045
29.5899
36.5527
33.7178
38.4228
31.9392
35.9787
37.3212
37.0108
30.2656
29.9775
22.0504
25.8362
28.0619
27.8341
20.9279
11.6601
21.5247
24.1217
18.6751
23.1401
23.928
19.2279
25.4831
25.7617
6.24774
9.27307
13.8675
9.12635
19.1408
8.49875
16.0228
16.2973
11.1669
16.5159
12.5993
14.5957
55.1905
72.9006
31.7844
37.2412
29.6026
41.6431
8.77213
14.9549
8.78669
10.7591
15.0594
10.1546
15.1909
19.1659
11.1067
14.5082
16.1833
16.6697
21.5739
28.731
13.8086
18.6764
31.7285
41.2533
67.8453
89.431
14.7658
12.9463
12.6174
16.2834
7.06637
16.0328
13.797
14.5816
12.5782
13.5316
23.6849
16.8525
17.6008
14.4625
15.9738
15.8625
13.5387
15.2359
12.9859
12.9849
10.8396
10.3663
7.12746
6.23531
5.77104
5.08135
4.95975
4.97324
4.45553
4.49111
4.42905
4.35707
3.94721
4.3069
4.11078
4.33473
4.20051
4.31583
3.89082
4.13866
3.87666
4.02562
3.98175
4.04054
4.0084
3.89831
3.82424
3.85916
3.96779
3.95361
3.79008
3.88668
3.7146
4.02952
3.86216
3.77346
3.57981
3.72506
3.62318
3.6496
3.57894
3.6484
3.4959
3.54499
3.47423
3.46441
3.40168
3.45564
3.42063
3.43939
3.42152
3.44273
3.4002
3.42421
3.32344
2.6536
14.1992
14.076
22.8346
22.417
20.77
20.121
20.981
19.7045
21.4622
21.4529
23.9422
20.3052
23.6912
21.2076
23.1954
23.4597
28.6931
24.8621
25.8573
27.8643
34.0854
33.1406
32.0301
28.8768
31.998
30.1157
28.4168
26.1423
23.8967
25.4314
23.0773
23.0199
25.3129
27.0705
25.571
23.8066
29.143
32.503
26.7467
26.8765
23.0828
22.3911
26.4182
30.7031
26.3869
27.2766
27.5361
29.6674
25.5409
25.263
27.8195
28.3906
32.1993
32.6558
30.2912
33.3348
33.6822
35.8188
31.7216
35.4192
35.2266
35.79
28.5125
26.1889
25.9642
25.8078
26.2653
25.9519
10.344
6.42531
22.4244
20.0359
17.756
22.999
10.8324
11.6264
18.0384
32.2042
10.2632
8.03261
15.9353
7.51943
10.4061
8.41866
9.734
13.3987
9.81898
9.17024
13.5036
19.0275
47.4273
52.1036
36.0126
36.7744
29.5788
25.486
59.0301
5.44574
10.84
10.8744
13.1791
10.2143
15.461
18.709
11.4067
14.4709
15.9951
16.9206
20.682
29.988
13.3791
19.0251
28.1172
38.4076
64.7512
72.9785
21.5944
11.4294
31.9959
7.44703
12.2242
10.4374
11.9121
15.2046
12.26
16.8352
20.6259
12.7775
16.2481
14.988
14.0079
15.5968
13.6581
14.0265
13.2964
11.5401
9.70699
9.16064
7.29803
5.97377
5.16011
5.04359
4.57225
4.61347
4.21623
4.6092
4.13131
3.9973
3.69411
3.95481
3.88548
3.89673
3.79712
3.91452
3.94674
3.56622
3.57345
3.72439
3.55322
3.88119
3.64027
3.82073
3.48406
3.63766
3.67874
3.70766
3.64967
3.73097
3.55734
3.65502
3.41597
3.58036
3.46932
3.45755
3.37905
3.53268
3.47371
3.482
3.40309
3.37921
3.27387
3.32816
3.31798
3.34884
3.34367
3.36657
3.31766
3.35213
3.24136
3.33345
3.27604
2.49284
12.9
14.1946
21.5221
20.2928
19.5993
18.6339
17.9483
16.1653
16.4961
21.6488
18.1528
19.7996
21.2385
25.497
19.7902
21.1717
21.1595
25.1891
25.9687
23.1868
22.9834
24.7809
22.6305
24.1378
24.7271
24.0513
21.6488
27.2379
24.9983
25.4576
22.7233
22.9167
21.6521
24.4549
23.1419
25.268
26.6919
24.9626
27.7738
25.2734
25.9012
27.7818
27.3925
27.8083
26.6801
29.1183
23.5231
24.6589
24.4736
25.8726
28.9979
29.0716
30.9219
30.9692
30.1234
30.5663
33.7714
35.4027
31.6746
34.5276
31.6733
34.2992
32.7103
26.7249
26.5581
24.6603
22.7684
20.505
10.0867
9.06675
19.2329
22.7533
28.8952
21.2281
12.6256
13.9804
5.04794
19.1482
14.3639
6.80737
19.7637
6.83182
10.9265
10.0684
10.429
10.2753
11.567
16.4782
16.564
21.3807
45.4119
78.8118
35.1766
39.8535
43.5651
27.4125
59.5758
53.7559
16.231
8.47633
13.1679
9.93668
14.3693
16.6639
12.0205
14.5271
15.4647
14.5021
19.1732
30.731
13.3385
23.5984
19.3479
36.4624
52.6946
78.3859
20.5907
12.616
29.8275
26.9913
12.3676
13.3056
13.8633
16.9169
10.7478
15.1683
15.9055
13.167
14.1252
14.2368
12.9237
15.2567
12.168
12.0782
12.4526
11.7717
8.79641
8.06951
7.31025
6.22062
4.49885
4.75706
4.18063
4.29984
4.0644
3.71127
3.60384
3.85522
3.52828
3.62363
3.36515
3.53281
3.72119
3.82392
3.60493
3.4899
3.55052
3.47317
3.34603
3.52345
3.59764
3.77487
3.532
3.36446
3.25169
3.46826
3.49153
3.62479
3.48994
3.36818
3.33405
3.32089
3.30596
3.39438
3.30575
3.30533
3.24839
3.41352
3.28897
3.27792
3.20912
3.2187
3.19572
3.28906
3.25528
3.27326
3.2843
3.30351
2.97811
2.9885
3.25679
2.35585
14.826
17.4591
19.6615
20.2513
20.7724
18.1784
17.951
17.5384
15.8136
18.5381
16.8785
19.6103
19.7974
19.947
19.0741
19.1868
19.768
21.2188
22.64
24.882
19.2601
24.2308
26.2637
23.8537
21.4117
23.9134
20.7904
27.1944
19.1978
22.248
21.6182
21.9665
29.4804
20.7657
25.2705
24.4775
26.3576
28.7941
24.2684
26.036
23.5511
28.3424
23.5604
22.645
20.8185
21.7073
27.0242
28.3553
24.2928
25.5767
26.6975
30.2162
29.3931
29.953
29.9646
28.5328
33.9127
34.7883
30.7225
34.3583
32.1587
34.7511
27.4359
24.7888
26.9064
24.8912
25.208
20.9955
24.5363
5.34683
17.9095
21.5355
25.8413
39.7005
26.6269
31.9015
7.91754
8.80816
11.8214
8.71946
13.0704
11.1888
10.1267
10.6979
10.2997
11.511
15.0855
19.5621
15.237
23.243
45.8572
79.6651
38.6839
46.5701
41.3846
39.5328
65.5879
53.3916
11.9507
12.8079
10.7052
10.8413
13.0991
15.8726
12.329
14.4884
15.248
21.3108
16.3563
31.1672
12.9217
24.1866
18.8776
31.4503
57.5458
84.9658
19.9223
12.7594
9.11248
23.3991
12.8599
15.6404
13.5402
17.83
10.1343
15.6143
14.4532
9.10428
14.0806
11.6215
13.131
13.1646
12.2801
11.4125
11.3171
10.9558
8.83784
7.75012
6.68325
6.18766
4.84097
4.53167
3.89327
4.03066
4.05127
4.01305
3.69408
3.8493
3.68408
3.55171
3.40729
3.29765
3.42147
3.5599
3.34603
3.41627
3.31495
3.47654
3.26308
3.44525
3.38997
3.39817
3.31625
3.49016
3.1867
3.26799
3.24886
3.54903
3.39771
3.391
3.27701
3.22978
3.20661
3.24385
3.17762
3.23529
3.3074
3.2511
3.20467
3.16781
3.17698
3.17367
3.11272
3.18346
3.22885
3.20901
3.25353
3.27372
2.87929
2.42072
3.17275
2.27115
22.7332
22.7069
18.3054
19.6205
19.5004
21.3487
18.2924
16.4881
17.3885
17.2702
17.9884
17.2122
18.5568
20.343
18.5858
17.9916
21.6468
21.2715
20.6683
20.2436
21.4524
19.3802
18.3995
21.5148
17.576
29.9869
21.345
27.3295
24.6372
24.0463
24.7618
26.7678
27.5154
28.8096
22.0073
27.2068
23.9735
23.0788
20.572
22.4546
26.2508
26.6934
20.8286
21.1107
22.2633
23.806
26.4181
26.3974
24.8489
25.2877
28.4043
30.5401
29.6144
29.7454
29.9033
28.5923
34.7688
34.0144
33.5647
33.1542
35.6337
34.5558
28.6855
29.6662
21.5093
22.1591
22.1379
21.1939
10.4726
17.5132
10.7525
12.4565
26.421
23.9648
39.1912
40.3318
26.6989
8.98895
10.7356
9.90365
15.0552
9.69546
16.6603
17.6001
11.7521
12.9058
18.4939
19.3485
16.7109
24.0012
69.8211
78.7549
61.2029
84.0459
69.7589
46.2975
6.83148
4.9539
15.5615
11.5241
12.3118
11.9159
14.3653
16.0839
13.6342
14.8224
19.7345
21.5533
20.5515
31.526
20.0495
23.7749
31.279
29.2308
62.7269
88.885
13.6335
11.3126
7.86809
4.37537
11.8635
15.5915
12.5315
16.5976
10.1669
11.321
9.15551
7.89703
13.5198
11.4301
12.9395
12.6464
13.0608
10.915
10.3232
10.0763
8.21705
7.66138
6.37736
6.02735
4.58699
4.47644
3.91547
3.79457
4.0739
3.88441
3.69913
3.53008
3.75498
3.61702
3.45558
3.36405
3.42731
3.29136
3.35746
3.37675
3.20902
3.11709
3.25538
3.17309
3.35017
3.31683
3.19732
3.28097
3.24612
3.19757
3.35115
3.23501
3.23339
3.22515
3.3589
3.25175
3.11532
3.14101
3.2408
3.20393
3.24842
3.22772
3.16323
3.15029
3.08917
3.12737
3.04613
3.09316
3.15484
3.22488
3.22753
3.27658
2.88155
2.28139
2.66231
2.15113
9.06758
28.6525
13.4217
18.3892
10.8624
14.2394
20.9909
19.0738
30.9758
17.0954
22.7209
11.9404
33.5314
32.4954
9.93194
14.0712
11.9312
10.0979
12.0018
55.4487
30.1041
11.5509
33.1654
9.0652
5.97293
7.86517
8.82975
11.7612
9.89737
16.1967
23.3779
35.002
11.0261
10.4941
10.7918
11.4098
10.4503
28.9521
9.50869
8.97443
5.88925
11.981
55.2056
40.7526
26.816
27.1381
4.7541
18.0842
8.79678
