# Recycling particle source (#.s@S@-1@N@) <ix = 96> D@S@0@N@
 -0.184044678655113       0.000000000000000E+000
 -0.175510906072658        111569180928.531     
 -0.158952377405136        178598293931.476     
 -0.143393517325423        283115931608.063     
 -0.129023194297168        432091685097.051     
 -0.115621953563179        654699719820.574     
 -0.103160355079347        992358954248.107     
 -9.165724895675945E-002   1487231991325.80     
 -8.097036866619640E-002   2261521119374.25     
 -7.090682039060232E-002   3509221925702.14     
 -6.141331326515989E-002   5305047559093.19     
 -5.232033240094133E-002   7193268575790.17     
 -4.362280589793280E-002   8920403494759.64     
 -3.550790830820258E-002   10018670592509.1     
 -2.793742381931230E-002   10526582325628.0     
 -2.087409877587013E-002   10411333602350.6     
 -1.434462420051139E-002   10062775785883.2     
 -8.325585803276442E-003   9914015786946.37     
 -2.713280790128669E-003   10059954095897.2     
  4.393869075974749E-003   17162868168120.4     
  1.478912199492310E-002   23895934921318.5     
  2.836378320415420E-002   39343003460611.0     
  4.493081926735973E-002   78844747145520.2     
  6.424936612593746E-002   137044520508277.     
  7.503964435826663E-002   152293396137871.     
  9.252781101207799E-002   149330371706720.     
  0.116080375383502        141270960230438.     
  0.142297918725612        138624233963826.     
  0.171164560566388        123326174166453.     
  0.202834510929530        107803954409644.     
  0.237449395130309        88686991243385.1     
  0.275046708291833        71345987273036.7     
  0.315856222827603        53265630487658.7     
  0.360259619472911        35124092403720.5     
  0.408205264563137        16120086302477.7     
  0.460281070042709        6938194219237.17     
  0.517314361100545        3977435477924.45     
  0.547461617992650       0.000000000000000E+000
# Recycling particle source (#.s@S@-1@N@) <ix = 96> D@S@+1@N@
 -0.184044678655113       0.000000000000000E+000
 -0.175510906072658       0.000000000000000E+000
 -0.158952377405136       0.000000000000000E+000
 -0.143393517325423       0.000000000000000E+000
 -0.129023194297168       0.000000000000000E+000
 -0.115621953563179       0.000000000000000E+000
 -0.103160355079347       0.000000000000000E+000
 -9.165724895675945E-002  0.000000000000000E+000
 -8.097036866619640E-002  0.000000000000000E+000
 -7.090682039060232E-002  0.000000000000000E+000
 -6.141331326515989E-002  0.000000000000000E+000
 -5.232033240094133E-002  0.000000000000000E+000
 -4.362280589793280E-002  0.000000000000000E+000
 -3.550790830820258E-002  0.000000000000000E+000
 -2.793742381931230E-002  0.000000000000000E+000
 -2.087409877587013E-002  0.000000000000000E+000
 -1.434462420051139E-002  0.000000000000000E+000
 -8.325585803276442E-003  0.000000000000000E+000
 -2.713280790128669E-003  0.000000000000000E+000
  4.393869075974749E-003  0.000000000000000E+000
  1.478912199492310E-002  0.000000000000000E+000
  2.836378320415420E-002  0.000000000000000E+000
  4.493081926735973E-002  0.000000000000000E+000
  6.424936612593746E-002  0.000000000000000E+000
  7.503964435826663E-002  0.000000000000000E+000
  9.252781101207799E-002  0.000000000000000E+000
  0.116080375383502       0.000000000000000E+000
  0.142297918725612       0.000000000000000E+000
  0.171164560566388       0.000000000000000E+000
  0.202834510929530       0.000000000000000E+000
  0.237449395130309       0.000000000000000E+000
  0.275046708291833       0.000000000000000E+000
  0.315856222827603       0.000000000000000E+000
  0.360259619472911       0.000000000000000E+000
  0.408205264563137       0.000000000000000E+000
  0.460281070042709       0.000000000000000E+000
  0.517314361100545       0.000000000000000E+000
  0.547461617992650       0.000000000000000E+000
# Recycling particle source (#.s@S@-1@N@) <ix = 96> T@S@0@N@
 -0.184044678655113       0.000000000000000E+000
 -0.175510906072658        106289445768.699     
 -0.158952377405136        169282380768.885     
 -0.143393517325423        267261496841.068     
 -0.129023194297168        424872661095.514     
 -0.115621953563179        645031306969.236     
 -0.103160355079347        1003958326222.49     
 -9.165724895675945E-002   1564086304047.78     
 -8.097036866619640E-002   2499659641587.65     
 -7.090682039060232E-002   4031469152775.00     
 -6.141331326515989E-002   6164692778089.85     
 -5.232033240094133E-002   8466674822181.88     
 -4.362280589793280E-002   10228835954246.7     
 -3.550790830820258E-002   11332422456031.1     
 -2.793742381931230E-002   11593408985455.4     
 -2.087409877587013E-002   11266887966691.6     
 -1.434462420051139E-002   10805390518979.4     
 -8.325585803276442E-003   10396887114467.7     
 -2.713280790128669E-003   10574495769792.4     
  4.393869075974749E-003   17911490169673.7     
  1.478912199492310E-002   24438593244867.2     
  2.836378320415420E-002   37209743774275.0     
  4.493081926735973E-002   69414298355128.1     
  6.424936612593746E-002   119775832190856.     
  7.503964435826663E-002   140153899105584.     
  9.252781101207799E-002   139193085581565.     
  0.116080375383502        140734247897159.     
  0.142297918725612        132373242511441.     
  0.171164560566388        124872044151219.     
  0.202834510929530        110869514639044.     
  0.237449395130309        93622018915472.5     
  0.275046708291833        75330422162598.1     
  0.315856222827603        58723487685112.3     
  0.360259619472911        41266349961888.7     
  0.408205264563137        19340633027433.1     
  0.460281070042709        7653249671781.28     
  0.517314361100545        4163723441262.51     
  0.547461617992650       0.000000000000000E+000
# Recycling particle source (#.s@S@-1@N@) <ix = 96> T@S@+1@N@
 -0.184044678655113       0.000000000000000E+000
 -0.175510906072658       0.000000000000000E+000
 -0.158952377405136       0.000000000000000E+000
 -0.143393517325423       0.000000000000000E+000
 -0.129023194297168       0.000000000000000E+000
 -0.115621953563179       0.000000000000000E+000
 -0.103160355079347       0.000000000000000E+000
 -9.165724895675945E-002  0.000000000000000E+000
 -8.097036866619640E-002  0.000000000000000E+000
 -7.090682039060232E-002  0.000000000000000E+000
 -6.141331326515989E-002  0.000000000000000E+000
 -5.232033240094133E-002  0.000000000000000E+000
 -4.362280589793280E-002  0.000000000000000E+000
 -3.550790830820258E-002  0.000000000000000E+000
 -2.793742381931230E-002  0.000000000000000E+000
 -2.087409877587013E-002  0.000000000000000E+000
 -1.434462420051139E-002  0.000000000000000E+000
 -8.325585803276442E-003  0.000000000000000E+000
 -2.713280790128669E-003  0.000000000000000E+000
  4.393869075974749E-003  0.000000000000000E+000
  1.478912199492310E-002  0.000000000000000E+000
  2.836378320415420E-002  0.000000000000000E+000
  4.493081926735973E-002  0.000000000000000E+000
  6.424936612593746E-002  0.000000000000000E+000
  7.503964435826663E-002  0.000000000000000E+000
  9.252781101207799E-002  0.000000000000000E+000
  0.116080375383502       0.000000000000000E+000
  0.142297918725612       0.000000000000000E+000
  0.171164560566388       0.000000000000000E+000
  0.202834510929530       0.000000000000000E+000
  0.237449395130309       0.000000000000000E+000
  0.275046708291833       0.000000000000000E+000
  0.315856222827603       0.000000000000000E+000
  0.360259619472911       0.000000000000000E+000
  0.408205264563137       0.000000000000000E+000
  0.460281070042709       0.000000000000000E+000
  0.517314361100545       0.000000000000000E+000
  0.547461617992650       0.000000000000000E+000
