# Poloidal particle flux (s@S@-1@N@)/(m@S@2@N@) <ix = 66> D@S@0@N@
 -4.896286005779825E-002 -1.429410473156524E+017
 -4.606780664578556E-002 -1.431037530918173E+017
 -4.062590875304795E-002 -5.563652842898032E+018
 -3.575651372308666E-002 -3.063532756152223E+018
 -3.143001162480916E-002 -1.143582153541890E+018
 -2.758761290672610E-002 -2.181199339307193E+018
 -2.417226113042079E-002 -1.752004797430194E+019
 -2.111556927752552E-002 -2.862900767208494E+019
 -1.838408633444761E-002 -3.472825169657221E+019
 -1.596690772772455E-002 -3.698868933694458E+019
 -1.381436823976933E-002 -3.519218816142514E+019
 -1.188142234340263E-002 -3.986422543927033E+019
 -1.012356400599137E-002 -3.803336096225486E+019
 -8.499179465347957E-003 -4.387503868453982E+019
 -6.964141382546751E-003 -4.281363273581083E+019
 -5.472285811085553E-003 -4.342959604032030E+019
 -3.980356388617677E-003 -5.843833225937886E+019
 -2.447611707520815E-003 -6.417809297725593E+019
 -8.331396635056221E-004 -6.928633584410273E+019
  2.619483157512842E-004 -1.523113401897813E+020
  7.699716814110746E-004 -1.004715318649671E+020
  1.244601661323085E-003 -9.147705574040468E+019
  1.691795371622361E-003 -9.395884170112326E+019
  2.127963504256127E-003 -1.088544026280094E+020
  2.572882717182638E-003 -9.479354005026236E+019
  3.044794287454210E-003 -9.491892957779727E+019
  3.556202725642443E-003 -1.030004551685477E+020
  4.121318022290758E-003 -1.145598455094261E+020
  4.755909278046241E-003 -1.227556100180998E+020
  5.475956711488220E-003 -1.248459733607802E+020
  6.299249695038311E-003 -1.503296408712834E+020
  7.243094352648700E-003 -1.099495853631278E+020
  8.320969343907463E-003 -1.446077124195245E+020
  9.550305452262903E-003 -1.569462651253510E+020
  1.095086548982838E-002 -1.792707500319690E+020
  1.253840687936142E-002 -2.008919765426553E+020
  1.432854315005590E-002 -2.176122204872054E+020
  1.528562321705990E-002 -2.177038035054708E+020
# Poloidal particle flux (s@S@-1@N@)/(m@S@2@N@) <ix = 66> D@S@+1@N@
 -4.896286005779825E-002  0.000000000000000E+000
 -4.606780664578556E-002 -3.737434141104085E+021
 -4.062590875304795E-002 -2.891651855848698E+021
 -3.575651372308666E-002 -2.984057210478728E+021
 -3.143001162480916E-002 -3.583676534271436E+021
 -2.758761290672610E-002 -4.380941222097243E+021
 -2.417226113042079E-002 -5.165960716322136E+021
 -2.111556927752552E-002 -5.545008966090762E+021
 -1.838408633444761E-002 -5.591639452642974E+021
 -1.596690772772455E-002 -5.228273059133143E+021
 -1.381436823976933E-002 -4.572385758850108E+021
 -1.188142234340263E-002 -3.748108865250675E+021
 -1.012356400599137E-002 -2.914082370300956E+021
 -8.499179465347957E-003 -1.975190178308178E+021
 -6.964141382546751E-003 -9.309860188131104E+020
 -5.472285811085553E-003  2.347071803018740E+020
 -3.980356388617677E-003  1.527082444738362E+021
 -2.447611707520815E-003  3.055668139617914E+021
 -8.331396635056221E-004  4.843525305026855E+021
  2.619483157512842E-004  6.032536925491325E+021
  7.699716814110746E-004  6.537072135177373E+021
  1.244601661323085E-003  6.947324485304235E+021
  1.691795371622361E-003  7.408307123336075E+021
  2.127963504256127E-003  7.767133836198030E+021
  2.572882717182638E-003  8.010807647857620E+021
  3.044794287454210E-003  8.347843091112223E+021
  3.556202725642443E-003  8.828542237353398E+021
  4.121318022290758E-003  9.373781836163891E+021
  4.755909278046241E-003  1.000967916128849E+022
  5.475956711488220E-003  1.065248892164974E+022
  6.299249695038311E-003  1.128853776927780E+022
  7.243094352648700E-003  1.200611056646534E+022
  8.320969343907463E-003  1.279533265195687E+022
  9.550305452262903E-003  1.347166395662302E+022
  1.095086548982838E-002  1.407878933971072E+022
  1.253840687936142E-002  1.451968062251409E+022
  1.432854315005590E-002  1.481205720492532E+022
  1.528562321705990E-002  0.000000000000000E+000
# Poloidal particle flux (s@S@-1@N@)/(m@S@2@N@) <ix = 66> C@S@0@N@
 -4.896286005779825E-002  0.000000000000000E+000
 -4.606780664578556E-002  -74050369295012.9     
 -4.062590875304795E-002  -23236856437686.7     
 -3.575651372308666E-002   11606690872819.4     
 -3.143001162480916E-002   37356691480163.0     
 -2.758761290672610E-002   59621128488342.0     
 -2.417226113042079E-002   83204147288932.3     
 -2.111556927752552E-002   101820689343925.     
 -1.838408633444761E-002   117782786000010.     
 -1.596690772772455E-002  -363417331665768.     
 -1.381436823976933E-002 -5.668476308078159E+015
 -1.188142234340263E-002 -5.708702031195252E+015
 -1.012356400599137E-002 -5.731299296402155E+015
 -8.499179465347957E-003 -6.255778683631911E+015
 -6.964141382546751E-003 -4.806039938711546E+015
 -5.472285811085553E-003  -848271076796913.     
 -3.980356388617677E-003 -1.143146311366618E+015
 -2.447611707520815E-003 -2.559095273851976E+015
 -8.331396635056221E-004 -2.934822090843255E+015
  2.619483157512842E-004 -3.062981958477010E+015
  7.699716814110746E-004 -3.378186187773771E+015
  1.244601661323085E-003 -4.630941526220726E+015
  1.691795371622361E-003 -5.157956011504508E+015
  2.127963504256127E-003 -9.949670840050094E+015
  2.572882717182638E-003 -1.337258042065073E+016
  3.044794287454210E-003 -1.622447872635384E+016
  3.556202725642443E-003 -1.678472165937343E+016
  4.121318022290758E-003 -1.735375024727798E+016
  4.755909278046241E-003 -2.204360728440104E+016
  5.475956711488220E-003 -2.943120182091465E+016
  6.299249695038311E-003 -3.132114091996712E+016
  7.243094352648700E-003 -5.085209576643741E+016
  8.320969343907463E-003 -1.329950424502251E+017
  9.550305452262903E-003 -2.017211361988064E+017
  1.095086548982838E-002 -3.526994449515494E+017
  1.253840687936142E-002 -7.522790278413202E+017
  1.432854315005590E-002 -1.589749236806634E+018
  1.528562321705990E-002 -1.590851730865886E+018
# Poloidal particle flux (s@S@-1@N@)/(m@S@2@N@) <ix = 66> C@S@+1@N@
 -4.896286005779825E-002  0.000000000000000E+000
 -4.606780664578556E-002  -22409705807309.7     
 -4.062590875304795E-002  -24248568173237.7     
 -3.575651372308666E-002  -44643471730955.4     
 -3.143001162480916E-002  -87794722859193.1     
 -2.758761290672610E-002  -115241779547561.     
 -2.417226113042079E-002  -175272487964874.     
 -2.111556927752552E-002  -250602628372221.     
 -1.838408633444761E-002  -330400358989704.     
 -1.596690772772455E-002  -362637790531977.     
 -1.381436823976933E-002  -224974912858502.     
 -1.188142234340263E-002  -128584851973789.     
 -1.012356400599137E-002  -135431477422221.     
 -8.499179465347957E-003  -180631204650737.     
 -6.964141382546751E-003   14235392023986.3     
 -5.472285811085553E-003   497727848002221.     
 -3.980356388617677E-003  1.665568800974802E+015
 -2.447611707520815E-003  3.739893726190450E+015
 -8.331396635056221E-004  8.998954699008599E+015
  2.619483157512842E-004  1.708563512818894E+016
  7.699716814110746E-004  2.142495417694894E+016
  1.244601661323085E-003  2.616206286022343E+016
  1.691795371622361E-003  3.188452343259245E+016
  2.127963504256127E-003  3.808128836961031E+016
  2.572882717182638E-003  4.475866936550958E+016
  3.044794287454210E-003  5.332794126416164E+016
  3.556202725642443E-003  6.503379029096298E+016
  4.121318022290758E-003  8.070459116718739E+016
  4.755909278046241E-003  1.022056128153224E+017
  5.475956711488220E-003  1.324337692914174E+017
  6.299249695038311E-003  1.764813901354840E+017
  7.243094352648700E-003  2.426952409727490E+017
  8.320969343907463E-003  3.433111289649956E+017
  9.550305452262903E-003  4.899330498705648E+017
  1.095086548982838E-002  7.115131326855012E+017
  1.253840687936142E-002  1.068443886306438E+018
  1.432854315005590E-002  1.467212318224410E+018
  1.528562321705990E-002  0.000000000000000E+000
# Poloidal particle flux (s@S@-1@N@)/(m@S@2@N@) <ix = 66> C@S@+2@N@
 -4.896286005779825E-002  0.000000000000000E+000
 -4.606780664578556E-002 -1.622000745190740E+015
 -4.062590875304795E-002 -1.703757473470960E+015
 -3.575651372308666E-002 -2.470548729522938E+015
 -3.143001162480916E-002 -5.604818394247873E+015
 -2.758761290672610E-002 -1.366134305160672E+016
 -2.417226113042079E-002 -2.823935475872112E+016
 -2.111556927752552E-002 -4.651405929160498E+016
 -1.838408633444761E-002 -6.476206566831854E+016
 -1.596690772772455E-002 -7.702338402010240E+016
 -1.381436823976933E-002 -8.048282825883218E+016
 -1.188142234340263E-002 -7.737583973180811E+016
 -1.012356400599137E-002 -7.610853920515197E+016
 -8.499179465347957E-003 -8.077905996882914E+016
 -6.964141382546751E-003 -5.401159807719353E+016
 -5.472285811085553E-003  2.593486920613133E+016
 -3.980356388617677E-003  1.687448287705409E+017
 -2.447611707520815E-003  4.230118024364762E+017
 -8.331396635056221E-004  8.295124921858248E+017
  2.619483157512842E-004  1.232342995954205E+018
  7.699716814110746E-004  1.413079147348218E+018
  1.244601661323085E-003  1.585666922311294E+018
  1.691795371622361E-003  1.780557118237887E+018
  2.127963504256127E-003  1.964267522934791E+018
  2.572882717182638E-003  2.131849198755448E+018
  3.044794287454210E-003  2.341529163305232E+018
  3.556202725642443E-003  2.619808218521058E+018
  4.121318022290758E-003  2.960841579946846E+018
  4.755909278046241E-003  3.391147792264970E+018
  5.475956711488220E-003  3.906792289574137E+018
  6.299249695038311E-003  4.528303292778966E+018
  7.243094352648700E-003  5.324169263519539E+018
  8.320969343907463E-003  6.337217456475934E+018
  9.550305452262903E-003  7.511796894907830E+018
  1.095086548982838E-002  8.885852462209155E+018
  1.253840687936142E-002  1.046023319939009E+019
  1.432854315005590E-002  1.179968593277044E+019
  1.528562321705990E-002  0.000000000000000E+000
# Poloidal particle flux (s@S@-1@N@)/(m@S@2@N@) <ix = 66> C@S@+3@N@
 -4.896286005779825E-002  0.000000000000000E+000
 -4.606780664578556E-002 -2.269767068944194E+016
 -4.062590875304795E-002 -6.110834675326939E+016
 -3.575651372308666E-002 -1.689827795142399E+017
 -3.143001162480916E-002 -3.694734948550198E+017
 -2.758761290672610E-002 -6.489752025018385E+017
 -2.417226113042079E-002 -9.745367691058333E+017
 -2.111556927752552E-002 -1.242669828696236E+018
 -1.838408633444761E-002 -1.428776136719863E+018
 -1.596690772772455E-002 -1.485449138838545E+018
 -1.381436823976933E-002 -1.427327654026158E+018
 -1.188142234340263E-002 -1.297952131636035E+018
 -1.012356400599137E-002 -1.178212247833033E+018
 -8.499179465347957E-003 -1.065348488572739E+018
 -6.964141382546751E-003 -8.409426263972699E+017
 -5.472285811085553E-003 -4.451036234298954E+017
 -3.980356388617677E-003  7.870080914912258E+016
 -2.447611707520815E-003  6.947689731586111E+017
 -8.331396635056221E-004  1.493012988459796E+018
  2.619483157512842E-004  2.096796874447651E+018
  7.699716814110746E-004  2.356824185141870E+018
  1.244601661323085E-003  2.580805263063511E+018
  1.691795371622361E-003  2.821799990499024E+018
  2.127963504256127E-003  3.025954026612482E+018
  2.572882717182638E-003  3.186623324572142E+018
  3.044794287454210E-003  3.386887353897741E+018
  3.556202725642443E-003  3.651640115436357E+018
  4.121318022290758E-003  3.953431291550871E+018
  4.755909278046241E-003  4.306207340410553E+018
  5.475956711488220E-003  4.676064903272124E+018
  6.299249695038311E-003  5.055626029066527E+018
  7.243094352648700E-003  5.480962892352121E+018
  8.320969343907463E-003  5.943977278928593E+018
  9.550305452262903E-003  6.350962351130650E+018
  1.095086548982838E-002  6.710555766081972E+018
  1.253840687936142E-002  6.964518672999152E+018
  1.432854315005590E-002  7.103462604145389E+018
  1.528562321705990E-002  0.000000000000000E+000
# Poloidal particle flux (s@S@-1@N@)/(m@S@2@N@) <ix = 66> C@S@+4@N@
 -4.896286005779825E-002  0.000000000000000E+000
 -4.606780664578556E-002 -2.751921916844192E+018
 -4.062590875304795E-002 -2.879622753668293E+018
 -3.575651372308666E-002 -3.544410674781627E+018
 -3.143001162480916E-002 -4.546458405763395E+018
 -2.758761290672610E-002 -5.658304558065774E+018
 -2.417226113042079E-002 -6.721825940770269E+018
 -2.111556927752552E-002 -7.262455328763473E+018
 -1.838408633444761E-002 -7.423957355587220E+018
 -1.596690772772455E-002 -7.101402599951693E+018
 -1.381436823976933E-002 -6.430261291399730E+018
 -1.188142234340263E-002 -5.560476485150535E+018
 -1.012356400599137E-002 -4.708376778340930E+018
 -8.499179465347957E-003 -3.670264950641409E+018
 -6.964141382546751E-003 -2.488246293809075E+018
 -5.472285811085553E-003 -1.126535088785441E+018
 -3.980356388617677E-003  3.545478081955420E+017
 -2.447611707520815E-003  2.091778915651705E+018
 -8.331396635056221E-004  4.100478738427351E+018
  2.619483157512842E-004  5.457165234343150E+018
  7.699716814110746E-004  6.033530038475220E+018
  1.244601661323085E-003  6.506799169611471E+018
  1.691795371622361E-003  7.015343876903186E+018
  2.127963504256127E-003  7.424753262268657E+018
  2.572882717182638E-003  7.721572744957611E+018
  3.044794287454210E-003  8.106369295975596E+018
  3.556202725642443E-003  8.630957810471128E+018
  4.121318022290758E-003  9.221574100835199E+018
  4.755909278046241E-003  9.906088546859420E+018
  5.475956711488220E-003  1.060198260146274E+019
  6.299249695038311E-003  1.129171828651053E+019
  7.243094352648700E-003  1.205817267380325E+019
  8.320969343907463E-003  1.288800741795720E+019
  9.550305452262903E-003  1.359033291548596E+019
  1.095086548982838E-002  1.420488387435526E+019
  1.253840687936142E-002  1.462278025775489E+019
  1.432854315005590E-002  1.486101866238589E+019
  1.528562321705990E-002  0.000000000000000E+000
# Poloidal particle flux (s@S@-1@N@)/(m@S@2@N@) <ix = 66> C@S@+5@N@
 -4.896286005779825E-002  0.000000000000000E+000
 -4.606780664578556E-002  -180137189793644.     
 -4.062590875304795E-002  -156514980279366.     
 -3.575651372308666E-002  -158744796856740.     
 -3.143001162480916E-002  -176169996673280.     
 -2.758761290672610E-002  -199784121942916.     
 -2.417226113042079E-002  -223984533675799.     
 -2.111556927752552E-002  -233425339192677.     
 -1.838408633444761E-002  -233516321958481.     
 -1.596690772772455E-002  -220579683458859.     
 -1.381436823976933E-002  -198280590720567.     
 -1.188142234340263E-002  -170622429399146.     
 -1.012356400599137E-002  -143906373993555.     
 -8.499179465347957E-003  -111523547071411.     
 -6.964141382546751E-003  -75481848839954.8     
 -5.472285811085553E-003  -34522135350934.0     
 -3.980356388617677E-003   10045414308258.8     
 -2.447611707520815E-003   64173844740993.0     
 -8.331396635056221E-004   126991233550034.     
  2.619483157512842E-004   169851559418106.     
  7.699716814110746E-004   188028891358934.     
  1.244601661323085E-003   202985787634781.     
  1.691795371622361E-003   219035695703426.     
  2.127963504256127E-003   232036795687294.     
  2.572882717182638E-003   241570301708570.     
  3.044794287454210E-003   253893888105805.     
  3.556202725642443E-003   270658646133200.     
  4.121318022290758E-003   289569236942661.     
  4.755909278046241E-003   311544578530638.     
  5.475956711488220E-003   334029789794257.     
  6.299249695038311E-003   356487562043671.     
  7.243094352648700E-003   381557479678623.     
  8.320969343907463E-003   408867273859125.     
  9.550305452262903E-003   432357303021221.     
  1.095086548982838E-002   453240423375137.     
  1.253840687936142E-002   468050872449608.     
  1.432854315005590E-002   476811462147552.     
  1.528562321705990E-002  0.000000000000000E+000
# Poloidal particle flux (s@S@-1@N@)/(m@S@2@N@) <ix = 66> C@S@+6@N@
 -4.896286005779825E-002  0.000000000000000E+000
 -4.606780664578556E-002  -1424741451383.07     
 -4.062590875304795E-002  -1505257310659.14     
 -3.575651372308666E-002  -1863164775242.29     
 -3.143001162480916E-002  -2399581347847.72     
 -2.758761290672610E-002  -2997731147971.57     
 -2.417226113042079E-002  -3578732419071.42     
 -2.111556927752552E-002  -3882143758234.11     
 -1.838408633444761E-002  -3984171752680.47     
 -1.596690772772455E-002  -3823053772612.24     
 -1.381436823976933E-002  -3470656608614.45     
 -1.188142234340263E-002  -3008772480811.13     
 -1.012356400599137E-002  -2564488523937.59     
 -8.499179465347957E-003  -2035400326295.30     
 -6.964141382546751E-003  -1417084928823.14     
 -5.472285811085553E-003  -667625207406.710     
 -3.980356388617677E-003   178311343925.843     
 -2.447611707520815E-003   1221175610663.16     
 -8.331396635056221E-004   2491661245030.74     
  2.619483157512842E-004   3410148054590.09     
  7.699716814110746E-004   3804765078867.80     
  1.244601661323085E-003   4138980253626.89     
  1.691795371622361E-003   4498689140550.02     
  2.127963504256127E-003   4800413611479.35     
  2.572882717182638E-003   5034737882850.32     
  3.044794287454210E-003   5332051867247.73     
  3.556202725642443E-003   5730596957685.47     
  4.121318022290758E-003   6186188705040.31     
  4.755909278046241E-003   6722822382651.16     
  5.475956711488220E-003   7290312105304.52     
  6.299249695038311E-003   7880520589194.15     
  7.243094352648700E-003   8556009626306.64     
  8.320969343907463E-003   9314477107971.98     
  9.550305452262903E-003   10019634393271.6     
  1.095086548982838E-002   10697527298294.1     
  1.253840687936142E-002   11279302122641.2     
  1.432854315005590E-002   11724458770429.4     
  1.528562321705990E-002  0.000000000000000E+000
