9.81248e+15
2.09233e+17
5.90126e+16
9.45782e+16
2.31981e+17
2.09285e+17
1.89046e+17
6.58517e+16
1.8926e+16
2.10693e+16
2.7482e+16
1.05759e+17
1.39175e+17
9.84357e+16
1.45365e+17
1.041e+17
1.29125e+17
2.57155e+16
1.45718e+17
1.43042e+17
1.24009e+17
1.01349e+17
9.6204e+16
1.9564e+16
5.11662e+16
3.90992e+16
9.20465e+16
1.26582e+17
1.64539e+17
6.60865e+16
9.3682e+16
3.89031e+16
2.9397e+16
1.39723e+16
3.88373e+18
3.74234e+18
4.06961e+18
3.30512e+18
5.18026e+18
2.98153e+18
5.92446e+18
7.69337e+16
2.66967e+18
8.36076e+18
2.47304e+18
8.36935e+16
2.24373e+18
2.07461e+18
9.11473e+16
1.12222e+17
1.75121e+19
1.39171e+18
1.51238e+18
8.60623e+15
1.26476e+18
1.81518e+18
1.95352e+18
1.25025e+18
1.83949e+18
1.07717e+18
6.59564e+16
5.6983e+16
8.54101e+16
2.27814e+18
5.98607e+16
9.96601e+16
1.78843e+18
9.83629e+17
5.07657e+16
1.36027e+17
2.8217e+18
5.45164e+16
1.66135e+17
8.42032e+17
5.89942e+16
1.5558e+18
2.06543e+17
4.51927e+16
2.18801e+17
5.14284e+16
1.41762e+18
9.25539e+15
2.39828e+16
1.83274e+17
3.73885e+16
1.42075e+18
3.09485e+16
1.65889e+17
4.66109e+18
3.6977e+18
4.14705e+18
5.57656e+18
5.11828e+18
3.38219e+18
8.81812e+18
2.51027e+16
1.43911e+18
2.95241e+18
1.06608e+19
1.05417e+17
7.11716e+17
3.06684e+18
5.78953e+17
2.53321e+18
1.61348e+17
2.40607e+16
1.26421e+19
9.80543e+18
6.61207e+18
9.16132e+17
1.2986e+18
2.19585e+18
1.18402e+18
1.22469e+18
2.77497e+16
2.57858e+18
1.93272e+18
1.85711e+17
2.28338e+16
1.89212e+18
5.61096e+17
2.71461e+16
5.33922e+17
2.57382e+17
1.79745e+16
1.65099e+18
1.25132e+16
2.12328e+18
7.26741e+17
2.0553e+16
1.66565e+18
1.53198e+18
1.35716e+18
2.10076e+18
4.76601e+17
7.53579e+17
1.618e+18
2.05273e+18
7.17237e+16
1.68405e+16
8.34932e+16
2.06888e+16
5.71569e+17
4.40699e+17
1.38555e+18
4.64868e+17
6.82741e+16
1.10433e+17
1.0378e+17
1.57058e+16
4.54493e+18
1.7125e+18
4.78922e+18
8.06364e+15
1.36503e+18
7.36517e+15
3.81091e+18
1.04732e+16
5.50002e+16
6.30281e+18
1.16988e+18
8.74778e+16
1.0549e+16
3.23642e+18
1.65172e+16
8.09579e+15
1.12108e+18
3.28196e+16
1.01377e+18
1.50035e+18
9.99442e+17
1.12051e+18
1.2767e+18
2.10179e+17
2.4699e+18
1.73906e+19
4.05644e+18
2.90217e+16
8.68074e+16
2.98675e+18
2.05258e+18
1.92275e+18
1.3135e+18
1.45605e+18
6.35653e+16
7.57455e+16
4.57223e+16
1.0388e+18
2.68243e+18
8.54173e+17
2.93279e+16
2.13555e+18
4.11794e+16
2.24979e+18
1.15618e+17
1.74308e+17
9.16594e+16
1.88984e+17
5.95243e+17
2.80333e+16
2.37355e+16
2.96186e+18
1.84473e+18
1.73703e+18
1.50831e+16
1.43715e+16
2.32783e+16
3.48089e+16
5.26879e+17
6.45343e+17
7.31946e+17
1.01714e+16
7.69661e+15
1.53649e+18
5.59963e+17
3.82914e+17
3.81122e+17
1.33976e+18
2.69827e+16
1.57871e+18
1.05231e+18
4.36899e+18
4.60956e+18
4.46825e+18
4.32292e+18
3.42943e+18
3.10399e+18
6.17659e+18
1.198e+16
1.50305e+16
5.33262e+18
9.1332e+18
9.35495e+15
8.48362e+15
6.25631e+17
3.47792e+18
2.89838e+18
5.53526e+18
8.2171e+18
5.38192e+17
7.01831e+17
3.15647e+17
2.74427e+16
1.30311e+18
8.01569e+18
3.06101e+18
1.12217e+17
9.68884e+16
8.15826e+16
2.6372e+16
2.23365e+16
5.10451e+18
1.31533e+16
1.01951e+16
1.51869e+16
3.33282e+16
1.09163e+18
2.99285e+16
1.51041e+16
2.29596e+18
1.18343e+18
6.71293e+18
9.38467e+18
5.06114e+15
2.27759e+18
9.48504e+16
2.46427e+17
4.16377e+17
3.03658e+17
9.00642e+15
1.60085e+16
3.057e+18
1.52636e+16
8.05193e+16
1.88733e+18
1.00831e+17
7.04879e+16
5.67795e+16
5.7276e+16
4.83299e+16
4.92981e+16
3.80386e+16
3.3513e+16
3.79302e+16
1.11834e+18
7.04908e+17
3.33649e+16
1.53415e+18
5.19487e+16
1.21516e+18
9.0836e+15
1.21443e+16
1.07779e+18
1.36882e+16
1.13156e+17
9.78603e+16
5.68592e+17
1.31726e+18
1.48661e+18
1.9398e+18
1.36924e+16
1.36911e+16
3.89378e+16
3.35703e+16
1.71621e+16
1.42952e+16
4.28114e+16
5.56749e+16
5.62038e+16
4.20473e+16
3.89327e+16
8.04191e+16
7.23721e+16
6.26847e+16
5.27058e+16
5.46745e+16
4.70022e+16
1.09494e+17
8.55736e+16
7.81578e+16
5.33901e+16
1.01256e+18
8.16099e+15
1.6664e+16
1.70418e+16
1.99657e+16
1.66782e+16
7.73008e+15
3.06265e+15
4.01674e+15
4.04715e+15
7.21989e+15
9.96074e+15
9.78882e+15
8.37989e+15
1.16417e+16
1.01436e+16
6.83014e+15
6.71814e+15
5.49924e+15
1.22194e+16
1.57201e+16
1.9081e+16
6.44558e+15
1.47771e+16
7.73298e+15
7.27197e+15
6.503e+15
1.19914e+16
8.19695e+15
8.50981e+15
8.021e+15
1.08972e+16
7.16681e+15
7.90155e+15
6.50997e+15
5.74572e+15
7.7998e+15
8.9127e+15
2.37305e+16
2.78162e+16
1.58224e+16
1.44306e+16
1.1041e+16
1.04164e+16
9.37545e+15
7.03375e+15
1.00069e+16
6.4673e+15
1.63477e+16
1.9522e+16
1.55856e+16
2.00789e+16
1.36565e+16
2.38501e+16
1.93178e+16
1.34052e+16
9.05191e+16
9.56507e+16
1.41917e+16
1.19142e+16
1.01101e+16
1.07664e+16
1.43744e+16
3.54513e+16
7.88858e+15
2.29287e+16
1.69568e+16
1.27192e+16
6.9775e+15
1.16937e+16
3.17077e+15
3.81618e+15
4.15105e+15
1.27395e+16
1.02002e+16
9.57899e+15
8.1169e+15
6.24688e+15
3.07591e+15
8.82969e+15
1.23418e+16
1.12263e+16
8.51091e+15
7.47714e+15
3.0599e+16
3.04565e+16
2.87134e+16
3.13089e+16
1.08615e+16
5.02888e+16
3.06859e+16
2.63799e+16
2.25268e+16
2.49545e+16
3.27795e+16
1.90014e+16
4.45627e+16
3.7443e+16
3.00904e+16
3.03886e+16
2.5952e+16
2.97637e+16
2.11465e+16
2.60644e+16
1.94806e+16
2.04323e+16
1.65217e+16
1.78307e+16
3.41498e+16
4.48804e+16
4.72168e+16
3.10044e+16
2.55955e+16
2.87827e+16
2.10383e+16
2.09823e+16
2.40638e+16
1.73727e+16
2.81877e+16
3.12947e+16
3.77877e+16
2.57467e+16
2.37969e+16
2.76649e+16
1.30786e+16
1.25567e+16
1.90745e+16
8.21683e+16
9.15917e+16
9.20329e+15
3.34722e+16
1.11222e+16
9.13507e+15
5.2028e+15
7.49821e+15
1.43407e+16
6.94991e+16
4.73465e+16
8.3156e+16
4.54417e+15
2.24417e+17
2.77352e+17
1.91105e+17
9.0286e+17
6.59971e+17
3.4442e+17
4.16565e+17
1.34676e+16
8.69173e+15
1.81537e+16
1.71299e+16
6.83234e+15
1.71839e+16
1.48516e+16
7.92716e+16
1.08032e+17
4.95451e+16
4.75209e+16
8.87873e+17
2.11018e+16
4.14999e+16
3.66007e+16
2.487e+16
2.9106e+16
3.35511e+16
2.26168e+17
3.7435e+16
3.04823e+16
1.06404e+17
4.60475e+15
5.87879e+15
3.82078e+15
9.02951e+15
2.54139e+16
1.88374e+16
1.3092e+16
2.5211e+16
3.37586e+16
3.26235e+16
2.19271e+16
1.17083e+16
1.26924e+16
1.61561e+16
2.41213e+16
1.79122e+16
1.71135e+16
1.53494e+16
1.05444e+16
1.32718e+16
1.45032e+17
1.15468e+16
1.29625e+16
1.85826e+16
1.54413e+16
1.25825e+16
1.38687e+16
2.07749e+16
1.65458e+16
1.2713e+16
1.55899e+16
1.5761e+16
2.83136e+16
2.11194e+16
1.71856e+16
3.17843e+16
3.19094e+16
5.31282e+16
6.54102e+16
5.62534e+16
4.8227e+16
3.82645e+16
2.6703e+16
1.44202e+17
1.11372e+17
1.8633e+16
1.24488e+17
1.34202e+17
1.21941e+17
1.40181e+17
1.74386e+16
1.25455e+16
1.17699e+16
1.05979e+16
8.3159e+15
1.18319e+16
1.47415e+17
1.91386e+17
1.50318e+17
2.42045e+17
1.67612e+17
1.03273e+16
5.38e+15
1.58455e+16
8.97669e+16
9.70532e+16
9.24953e+16
8.47531e+15
6.30919e+15
3.12993e+15
3.7799e+15
5.5581e+15
6.46328e+15
3.60764e+15
3.72615e+15
3.68707e+15
2.65772e+15
7.83612e+16
7.33938e+16
9.93073e+15
9.61583e+16
4.53481e+15
4.83233e+15
2.31887e+16
2.19873e+16
2.21478e+16
2.31803e+16
2.63823e+16
2.23171e+16
2.15577e+16
2.54273e+16
2.80098e+16
2.97014e+16
2.34062e+16
1.99363e+16
2.66933e+16
3.73083e+16
4.82531e+15
5.51942e+15
9.6549e+15
3.97423e+15
9.12616e+15
6.10152e+15
5.52038e+15
6.18935e+15
1.32365e+16
4.31771e+15
3.31791e+16
5.13047e+15
3.6535e+15
2.54899e+16
3.55124e+15
3.6528e+15
7.60993e+15
6.84386e+15
3.86392e+15
4.62862e+15
1.29689e+16
1.34992e+16
5.88884e+15
1.5436e+16
4.73783e+15
7.093e+15
2.35283e+16
2.08059e+16
3.05808e+16
1.34705e+16
1.78584e+16
2.41747e+16
2.20823e+16
2.18351e+16
2.32675e+16
2.79186e+16
3.85663e+16
3.89343e+16
3.2074e+16
2.01407e+16
2.4582e+16
6.40746e+15
6.98301e+15
5.67964e+15
6.00396e+15
1.01106e+16
2.30205e+16
9.57735e+15
5.9866e+16
6.64563e+16
5.79056e+16
1.82671e+16
2.24218e+16
3.57353e+16
5.05095e+16
3.72879e+16
3.53587e+16
3.44806e+16
3.87808e+16
3.28837e+16
3.64891e+16
1.82245e+16
2.54629e+16
3.89498e+15
7.41553e+15
1.62998e+16
1.51663e+16
2.39079e+16
1.29619e+16
1.09264e+16
1.60182e+16
2.48231e+16
3.62076e+16
3.12733e+16
3.01549e+16
2.77525e+16
1.62009e+16
2.23453e+16
1.43556e+16
1.02426e+16
1.47269e+16
9.41393e+15
1.26233e+16
1.70216e+16
1.06108e+16
5.67849e+15
1.09453e+16
1.24501e+16
1.79146e+16
1.89485e+16
2.20871e+16
1.46468e+16
1.14299e+16
6.7998e+15
1.77424e+16
2.2522e+16
1.81972e+16
1.21614e+16
1.79948e+16
1.67334e+16
1.98043e+16
2.20677e+16
2.23409e+16
1.98616e+16
1.89275e+16
2.16102e+16
1.88627e+16
2.37015e+16
2.85094e+16
2.10161e+16
1.71474e+16
1.5392e+16
1.03386e+16
1.53036e+16
1.77239e+16
2.04753e+16
2.30269e+16
1.85142e+16
2.20138e+16
1.40514e+16
1.75035e+16
1.75378e+16
1.90967e+16
2.15101e+16
2.13885e+16
2.83469e+16
2.2566e+16
5.72132e+15
7.12717e+15
1.95295e+16
1.65699e+16
2.82954e+16
3.41617e+16
2.76906e+16
3.19336e+16
7.35421e+15
9.43539e+15
6.8079e+15
6.49841e+15
3.54943e+16
1.49175e+16
1.56049e+16
1.97416e+16
2.01648e+16
1.64102e+16
2.00851e+16
1.61749e+16
1.13116e+16
2.05764e+16
2.32192e+16
2.14468e+16
2.18481e+16
1.93517e+16
3.84877e+16
7.80358e+15
5.12172e+15
8.42784e+15
1.78289e+16
1.98116e+16
1.89322e+16
1.33022e+16
2.01969e+16
1.90569e+16
2.09047e+16
2.30745e+16
1.58382e+16
2.16193e+16
2.76563e+16
2.2305e+16
1.65787e+16
1.8696e+16
2.18078e+16
2.08835e+16
2.33001e+16
2.15548e+16
1.83155e+16
1.72194e+16
2.94862e+16
2.21357e+16
2.73843e+16
3.41219e+15
8.98334e+15
6.03141e+15
8.21157e+15
3.748e+15
6.2699e+15
7.9873e+15
7.33008e+15
2.64808e+16
2.87371e+16
3.20265e+16
3.21273e+16
3.40692e+16
2.30611e+16
1.94272e+16
5.41367e+15
7.19296e+15
7.5903e+15
5.86496e+15
1.23634e+16
1.05033e+16
8.50703e+15
9.33959e+15
6.56711e+15
5.27269e+15
6.79631e+15
6.54085e+15
9.70348e+15
1.04141e+16
1.56519e+16
1.55627e+16
1.39221e+16
1.5974e+16
1.74499e+16
1.99044e+16
1.32613e+16
1.2928e+16
9.78017e+15
4.69072e+15
7.41849e+15
4.0538e+15
6.71634e+15
7.01032e+15
8.61088e+15
1.42451e+16
8.37769e+15
8.23134e+15
5.77115e+15
1.7882e+16
2.17939e+16
1.58292e+16
2.10222e+16
1.80727e+16
2.29692e+16
1.86845e+16
1.85805e+16
2.03851e+16
2.42239e+16
2.01694e+16
2.20115e+16
2.1226e+16
1.67282e+16
3.05903e+16
2.89094e+16
2.5086e+16
2.07859e+16
1.78106e+16
1.83783e+16
2.16431e+16
2.0998e+16
2.23014e+16
2.71869e+16
2.5189e+16
1.75228e+16
2.15829e+16
2.11452e+16
1.69616e+16
2.11884e+16
1.51903e+16
1.60253e+16
1.85803e+16
2.02271e+16
1.84532e+16
2.99762e+16
3.52867e+16
2.78436e+16
2.19564e+16
2.60302e+16
2.26006e+16
2.49784e+16
2.49932e+16
1.64777e+16
1.60048e+16
2.21026e+16
5.6357e+15
6.20111e+15
2.7678e+16
2.98372e+16
3.37297e+16
3.96833e+16
3.52806e+16
3.14936e+16
3.29801e+16
2.35041e+16
3.112e+16
2.71998e+16
3.72771e+16
4.06548e+16
3.34889e+16
3.32747e+16
2.35927e+16
2.55906e+16
1.64046e+16
1.80633e+16
1.35533e+16
2.63352e+16
2.71039e+16
2.70182e+16
2.9305e+16
2.15086e+16
2.38937e+16
3.15086e+16
2.78551e+16
3.62253e+16
3.02388e+16
3.1097e+16
2.81196e+16
2.99371e+16
2.59195e+16
2.51128e+16
2.86643e+16
2.1051e+16
2.02001e+16
1.31872e+16
2.18967e+16
2.97711e+16
2.95144e+16
2.42413e+16
1.52399e+16
1.325e+16
3.07713e+16
2.63565e+16
3.78692e+16
3.09601e+16
2.76361e+16
1.47189e+16
2.36898e+16
2.54637e+16
3.18065e+16
2.24411e+16
2.03047e+16
1.84125e+16
1.58696e+16
1.81878e+16
2.18588e+16
2.17524e+16
2.37914e+16
2.02626e+16
2.35469e+16
1.76951e+16
1.82866e+16
1.77135e+16
1.76895e+16
2.06736e+16
2.297e+16
2.03791e+16
2.7315e+16
3.24878e+16
1.42557e+17
1.44109e+16
1.48785e+16
1.29403e+16
1.92904e+16
1.4097e+16
1.95764e+16
1.72622e+16
1.86772e+16
2.21016e+16
5.38505e+15
5.50369e+15
7.71053e+15
5.64479e+15
4.89331e+15
3.56869e+16
3.16526e+16
2.14602e+16
1.72041e+16
1.49849e+16
2.15683e+16
2.19236e+16
1.66895e+16
8.54474e+15
6.52661e+15
5.34719e+15
3.77399e+15
6.68942e+15
2.24822e+16
2.33252e+16
6.07517e+15
2.86291e+16
1.25088e+16
1.5432e+16
1.06028e+16
8.64329e+15
6.05453e+15
2.8356e+15
7.33144e+15
8.03259e+15
1.14295e+16
1.01812e+16
1.24971e+16
7.62866e+15
7.36792e+15
1.20457e+16
2.19844e+16
3.29717e+16
4.65464e+16
3.52724e+16
1.44548e+16
1.57903e+16
1.30827e+16
1.64561e+16
1.0956e+16
1.59337e+16
1.19443e+16
1.37389e+16
2.09642e+16
5.77536e+15
3.77274e+15
4.17933e+15
5.00155e+15
7.17639e+15
5.47032e+16
4.17004e+16
4.86837e+16
4.47491e+15
1.43229e+16
2.13028e+16
1.79649e+16
2.05194e+16
1.7214e+16
1.57599e+16
2.48826e+16
1.65316e+16
4.49857e+15
1.86823e+16
1.98833e+16
2.30189e+16
2.98093e+16
2.74634e+16
1.72808e+16
9.35919e+15
3.10864e+16
1.78455e+16
3.46435e+16
7.42541e+16
9.91105e+15
1.34969e+16
6.59033e+15
1.97575e+16
1.11908e+16
8.73502e+15
9.74605e+15
1.65585e+16
1.21551e+16
9.55542e+15
7.43143e+15
6.44775e+15
1.02962e+16
5.69291e+15
7.7224e+15
4.46002e+15
8.06375e+15
1.29325e+16
1.01781e+16
9.08857e+15
1.50869e+16
1.46548e+16
1.03473e+16
1.96725e+16
1.12212e+16
1.11715e+16
1.07038e+19
8.71889e+18
6.25901e+18
5.82257e+18
4.46978e+18
4.12162e+18
3.37516e+18
3.31628e+18
2.9941e+18
3.16072e+18
2.796e+18
2.97583e+18
2.29593e+18
2.59807e+18
2.52186e+18
2.54643e+18
1.98122e+18
2.08668e+18
1.65786e+18
1.83077e+18
1.61021e+18
1.93407e+18
1.61536e+18
1.69457e+18
1.13585e+18
1.35874e+18
1.165e+18
1.63527e+18
9.81889e+17
1.15802e+18
9.17949e+17
1.17766e+18
8.69055e+17
9.92013e+17
8.53921e+17
1.01302e+18
8.21763e+17
9.29278e+17
8.43757e+17
1.04824e+18
5.80107e+17
8.3369e+17
8.75884e+17
8.32585e+17
6.80805e+17
7.04517e+17
5.10788e+17
4.4367e+17
0
0
0
0
0
0
0
0
0
0
0
0
0
0
0
0
0
0
0
0
0
0
0
0
0
0
0
0
0
0
0
0
0
0
0
0
0
0
0
0
0
0
0
0
0
0
0
0
0
0
0
0
1.11266e+09
3.87709e+08
0
0
0
0
0
0
0
0
0
0
0
0
0
0
7.72398e+09
1.66676e+09
0
0
0
0
0
0
0
0
0
0
0
0
0
0
0
0
0
0
0
0
0
0
0
0
0
0
3.45936e+17
3.9556e+17
4.047e+17
4.80438e+17
3.73437e+17
4.65538e+17
3.75752e+17
4.28355e+17
3.03281e+17
3.66138e+17
3.54588e+17
3.51465e+17
2.06142e+17
2.02588e+17
1.13895e+17
1.66875e+17
1.06692e+17
1.90858e+17
6.41117e+16
6.34438e+16
9.73313e+16
1.15296e+17
1.31117e+17
1.53701e+17
2.71786e+17
4.02722e+17
5.7874e+17
6.1031e+17
7.39225e+17
7.58984e+17
7.21851e+17
8.92268e+17
9.87969e+17
9.50601e+17
9.75327e+17
1.16094e+18
9.81609e+17
1.10287e+18
1.16958e+18
1.21156e+18
1.42089e+18
1.64896e+18
1.47434e+18
1.62938e+18
1.72232e+18
2.13001e+18
3.24606e+18
4.29949e+18
1.07689e+19
8.80335e+18
5.9542e+18
5.43834e+18
4.02053e+18
3.70907e+18
2.99174e+18
2.89222e+18
2.56258e+18
2.65262e+18
2.52126e+18
2.53853e+18
1.8827e+18
2.03147e+18
2.07841e+18
2.08788e+18
1.62151e+18
1.58164e+18
1.38424e+18
1.38529e+18
1.33932e+18
1.23752e+18
1.19856e+18
1.04587e+18
8.28897e+17
9.56319e+17
6.75992e+17
8.9357e+17
6.3712e+17
7.00059e+17
5.75038e+17
7.06812e+17
5.76367e+17
6.01985e+17
5.19445e+17
5.73992e+17
5.21361e+17
5.65503e+17
4.41783e+17
5.53911e+17
2.85778e+17
3.86362e+17
3.99223e+17
4.90193e+17
2.97429e+17
3.94023e+17
2.9628e+17
2.95234e+17
0
0
0
0
0
0
0
0
0
0
0
0
0
0
0
0
0
0
0
0
0
0
0
0
0
0
0
0
0
0
0
0
0
0
0
0
0
0
0
0
0
0
0
0
0
0
0
0
0
0
0
0
1.0351e+09
4.41068e+09
0
0
0
0
0
0
0
0
0
0
0
0
0
0
7.93997e+09
1.39712e+09
0
0
0
0
0
0
0
0
0
0
0
0
0
0
0
0
0
0
0
0
0
0
0
0
0
0
2.0193e+17
2.65084e+17
2.43542e+17
2.84853e+17
2.59556e+17
3.08766e+17
2.41702e+17
2.93076e+17
2.55622e+17
2.57047e+17
2.56355e+17
2.57987e+17
1.80448e+17
1.50217e+17
8.54629e+16
9.58189e+16
8.3601e+16
9.45327e+16
6.06377e+16
4.81035e+16
6.00637e+16
6.94407e+16
1.09826e+17
1.5245e+17
2.43439e+17
4.0791e+17
3.8815e+17
4.80608e+17
4.98132e+17
5.12001e+17
5.93962e+17
7.12338e+17
7.24209e+17
8.01361e+17
8.08678e+17
8.451e+17
8.65359e+17
1.03985e+18
9.8554e+17
1.04447e+18
1.16908e+18
1.33546e+18
1.39081e+18
1.53454e+18
1.5633e+18
1.90236e+18
3.64667e+18
4.59528e+18
1.07292e+19
8.47108e+18
5.8631e+18
5.08424e+18
3.76206e+18
3.18134e+18
2.69836e+18
2.50721e+18
2.19137e+18
2.34049e+18
1.9855e+18
2.12524e+18
1.58297e+18
1.7111e+18
1.68905e+18
1.69892e+18
1.31536e+18
1.21307e+18
1.06386e+18
1.11995e+18
1.02312e+18
9.21189e+17
8.22325e+17
7.88907e+17
5.88693e+17
6.59523e+17
5.11084e+17
6.23315e+17
3.91205e+17
4.16856e+17
4.33836e+17
4.71552e+17
3.74589e+17
4.02414e+17
3.5912e+17
3.57016e+17
2.86692e+17
3.03839e+17
2.5029e+17
2.94482e+17
2.01877e+17
1.94031e+17
1.74264e+17
2.43397e+17
2.04761e+17
2.3204e+17
1.42395e+17
1.51082e+17
0
0
0
0
0
0
0
0
0
0
0
0
0
0
0
0
0
0
0
0
0
0
0
0
0
0
0
0
0
0
0
0
0
0
0
0
0
0
0
0
0
0
0
0
0
0
0
0
0
0
0
0
9.5975e+08
4.45274e+09
0
0
0
0
0
0
0
0
0
0
0
0
0
0
8.15142e+09
1.13265e+09
0
0
0
0
0
0
0
0
0
0
0
0
0
0
0
0
0
0
0
0
0
0
0
0
0
0
1.34455e+17
1.39633e+17
1.1373e+17
1.61708e+17
1.48421e+17
1.86347e+17
1.5009e+17
1.65481e+17
1.56929e+17
1.99531e+17
1.5007e+17
2.1067e+17
1.38157e+17
1.08795e+17
5.56603e+16
8.11116e+16
5.91723e+16
7.00133e+16
6.11844e+16
6.84474e+16
4.62915e+16
5.53948e+16
8.96177e+16
1.0238e+17
1.98305e+17
2.63226e+17
2.91376e+17
3.91343e+17
3.34245e+17
4.2203e+17
4.40641e+17
4.85509e+17
6.01068e+17
6.28976e+17
6.10594e+17
6.43094e+17
7.44629e+17
7.73133e+17
8.98222e+17
9.0474e+17
9.45504e+17
1.04866e+18
1.16117e+18
1.42345e+18
1.44223e+18
1.82064e+18
3.66473e+18
4.97178e+18
1.05633e+19
8.56244e+18
5.59319e+18
4.5909e+18
3.0289e+18
2.79356e+18
2.15077e+18
2.18709e+18
1.77202e+18
1.9189e+18
1.50024e+18
1.50215e+18
1.2495e+18
1.38219e+18
1.18503e+18
1.33971e+18
9.61054e+17
9.26007e+17
8.30752e+17
8.33875e+17
6.51876e+17
7.3253e+17
5.47813e+17
6.36275e+17
3.99937e+17
4.28091e+17
4.02056e+17
4.31441e+17
3.17403e+17
3.35925e+17
2.13817e+17
2.40693e+17
2.42996e+17
2.49663e+17
1.67703e+17
2.20742e+17
1.48793e+17
2.15216e+17
1.42133e+17
1.54132e+17
1.09552e+17
1.35833e+17
1.1586e+17
1.34792e+17
1.12269e+17
1.11276e+17
6.8954e+16
8.01025e+16
0
0
0
0
0
0
0
0
0
0
0
0
0
0
0
0
0
0
0
0
0
0
0
0
0
0
0
0
0
0
0
0
0
0
0
0
0
0
0
0
0
0
0
0
0
0
0
0
0
0
0
0
8.86525e+08
4.49303e+09
0
0
0
0
0
0
0
0
0
0
0
0
0
0
8.35727e+09
8.74705e+08
0
0
0
0
0
0
0
0
0
0
0
0
0
0
0
0
0
0
0
0
0
0
0
0
0
0
8.04491e+16
9.07876e+16
6.73574e+16
7.70181e+16
8.78641e+16
1.14575e+17
8.75917e+16
9.50863e+16
6.87731e+16
1.23148e+17
1.11785e+17
1.63603e+17
1.03401e+17
1.05083e+17
4.16654e+16
5.76082e+16
2.97848e+16
3.8472e+16
4.76069e+16
2.91951e+16
2.19258e+16
5.03578e+16
5.91946e+16
9.88189e+16
1.31258e+17
1.46522e+17
2.09239e+17
2.64309e+17
2.29924e+17
3.18703e+17
3.1446e+17
4.1311e+17
4.71375e+17
5.01823e+17
4.2348e+17
4.71136e+17
6.13523e+17
6.84487e+17
7.17368e+17
6.95709e+17
7.7742e+17
9.62721e+17
9.46789e+17
1.12789e+18
1.40459e+18
1.81705e+18
3.79632e+18
5.14711e+18
1.05992e+19
8.33046e+18
4.43552e+18
3.6314e+18
2.387e+18
2.27206e+18
1.67738e+18
1.64019e+18
1.4648e+18
1.43311e+18
1.1328e+18
1.11461e+18
9.58321e+17
9.71862e+17
8.91869e+17
9.11491e+17
6.49006e+17
6.15006e+17
5.93688e+17
6.28567e+17
4.31938e+17
4.75072e+17
3.10946e+17
3.25495e+17
2.81192e+17
2.70161e+17
2.2047e+17
2.80189e+17
2.13283e+17
2.03318e+17
1.21338e+17
1.60233e+17
1.22218e+17
1.27193e+17
1.13548e+17
1.36338e+17
1.15754e+17
1.11154e+17
9.82866e+16
8.86702e+16
6.94341e+16
8.82536e+16
7.97447e+16
8.13592e+16
4.78888e+16
5.9153e+16
3.27612e+16
3.98702e+16
0
0
0
0
0
0
0
0
0
0
0
0
0
0
0
0
0
0
0
0
0
0
0
0
0
0
0
0
0
0
0
0
0
0
0
0
0
0
0
0
0
0
0
0
0
0
0
0
0
0
0
0
8.1524e+08
4.53211e+09
0
0
0
0
0
0
0
0
0
0
0
0
0
0
8.55853e+09
6.21507e+08
0
0
0
0
0
0
0
0
0
0
0
0
0
0
0
0
0
0
0
0
0
0
0
0
0
0
3.39271e+16
4.58922e+16
3.49383e+16
4.47469e+16
3.85023e+16
5.98559e+16
4.88216e+16
6.65015e+16
2.43444e+16
7.03137e+16
5.5931e+16
8.32837e+16
7.06372e+16
7.78183e+16
4.18117e+16
3.82029e+16
2.81645e+16
2.01834e+16
2.39848e+16
3.522e+16
2.00684e+16
3.14099e+16
3.3849e+16
7.48119e+16
5.92937e+16
9.27069e+16
1.36714e+17
1.38841e+17
1.45587e+17
2.05314e+17
2.00433e+17
3.07627e+17
3.39721e+17
3.64657e+17
3.09321e+17
3.45592e+17
4.59531e+17
5.69382e+17
5.41665e+17
5.55338e+17
6.39557e+17
8.01016e+17
7.10287e+17
8.88096e+17
1.20731e+18
1.74754e+18
3.77677e+18
5.43431e+18
1.02557e+19
7.76237e+18
3.83945e+18
2.94234e+18
1.97685e+18
1.66636e+18
1.37871e+18
1.39993e+18
1.02358e+18
1.04683e+18
7.58304e+17
7.86442e+17
6.0018e+17
7.67768e+17
5.89045e+17
5.58838e+17
4.19131e+17
4.6268e+17
3.6199e+17
3.66591e+17
2.84684e+17
3.38301e+17
1.79431e+17
1.88541e+17
1.31526e+17
1.72519e+17
1.61034e+17
1.9343e+17
1.04296e+17
1.3474e+17
8.3328e+16
7.51859e+16
5.25406e+16
6.97242e+16
6.57634e+16
8.18666e+16
6.92446e+16
6.07678e+16
3.96541e+16
4.47156e+16
3.43025e+16
5.0883e+16
3.39327e+16
5.77796e+16
4.25839e+16
4.20779e+16
2.59479e+16
2.72203e+16
0
0
0
0
0
0
0
0
0
0
0
0
0
0
0
0
0
0
0
0
0
0
0
0
0
0
0
0
0
0
0
0
0
0
0
0
0
0
0
0
0
0
0
0
0
0
0
0
0
0
0
0
7.45912e+08
4.56968e+09
0
0
0
0
0
0
0
0
0
0
0
0
0
0
8.75562e+09
3.73425e+08
0
0
0
0
0
0
0
0
0
0
0
0
0
0
0
0
0
0
0
0
0
0
0
0
0
0
1.52868e+16
2.4441e+16
1.94805e+16
2.62219e+16
3.27935e+16
2.60816e+16
3.06839e+16
3.9972e+16
1.20182e+16
2.32335e+16
2.11267e+16
3.57069e+16
4.17478e+16
4.17969e+16
4.21046e+16
2.71892e+16
1.80886e+16
1.28365e+16
1.45289e+16
1.3274e+16
1.18923e+16
2.85693e+16
1.8983e+16
3.99616e+16
2.88141e+16
6.52582e+16
8.2656e+16
8.95215e+16
1.11612e+17
1.18213e+17
1.33957e+17
2.1331e+17
1.80712e+17
2.28173e+17
2.31065e+17
2.52995e+17
3.42737e+17
3.78503e+17
3.76176e+17
4.36348e+17
5.34956e+17
6.09311e+17
5.88214e+17
7.19117e+17
1.0306e+18
1.51187e+18
3.91509e+18
5.70053e+18
9.59691e+18
7.06384e+18
3.00415e+18
2.3914e+18
1.43184e+18
1.35076e+18
1.00292e+18
1.12766e+18
7.47949e+17
8.34883e+17
5.42115e+17
6.03368e+17
4.15165e+17
4.44655e+17
3.82493e+17
3.56202e+17
3.20364e+17
2.8021e+17
1.77912e+17
1.90689e+17
2.06638e+17
2.4151e+17
1.25138e+17
1.47301e+17
9.48744e+16
9.51951e+16
7.13439e+16
1.09663e+17
5.343e+16
5.78596e+16
4.54831e+16
4.1541e+16
2.66116e+16
4.30439e+16
3.88858e+16
4.36421e+16
4.35922e+16
3.36277e+16
2.44788e+16
2.59516e+16
2.05059e+16
2.33206e+16
1.69729e+16
1.90011e+16
2.89907e+16
2.72172e+16
1.7094e+16
2.10013e+16
0
0
0
0
0
0
0
0
0
0
0
0
0
0
0
0
0
0
0
0
0
0
0
0
0
0
0
0
0
0
0
0
0
0
0
0
0
0
0
0
0
0
0
0
0
0
0
0
6.9714e+07
0
0
0
6.78461e+08
4.60571e+09
0
0
3.52157e+12
7.4614e+11
0
0
0
0
0
0
0
0
8.70475e+07
3.61534e+09
4.82572e+09
1.30564e+08
0
0
0
0
0
0
0
0
0
0
0
0
0
0
0
0
0
0
0
0
0
0
0
0
0
0
8.39585e+15
8.48429e+15
1.2431e+16
1.14701e+16
1.83769e+16
1.96826e+16
1.98123e+16
1.88744e+16
1.44149e+16
1.09469e+16
1.09321e+16
1.51421e+16
1.60641e+16
1.99354e+16
3.0307e+16
2.38775e+16
4.89368e+15
7.84727e+15
4.7474e+15
1.16672e+16
6.32032e+15
1.02463e+16
1.45045e+16
2.2513e+16
1.46738e+16
4.20899e+16
4.23146e+16
6.45646e+16
3.75391e+16
6.30987e+16
7.11565e+16
1.0449e+17
1.33293e+17
1.71188e+17
1.66938e+17
1.90746e+17
2.32617e+17
2.57995e+17
2.51175e+17
3.09253e+17
3.56924e+17
4.84239e+17
3.91923e+17
5.60903e+17
8.79565e+17
1.38491e+18
3.89904e+18
6.01857e+18
9.74887e+18
6.88787e+18
2.40984e+18
1.8402e+18
1.1197e+18
1.04431e+18
7.20786e+17
7.383e+17
5.79267e+17
5.69601e+17
3.85925e+17
4.14443e+17
2.99493e+17
2.67756e+17
2.29499e+17
2.51288e+17
2.2505e+17
1.99583e+17
1.21332e+17
9.9133e+16
1.29343e+17
1.41893e+17
6.21412e+16
7.48518e+16
5.41486e+16
5.01432e+16
3.38765e+16
4.57719e+16
2.41686e+16
3.56973e+16
1.72516e+16
2.52074e+16
1.27762e+16
1.3898e+16
1.15005e+16
2.51612e+16
2.27312e+16
2.22746e+16
2.11478e+16
1.37598e+16
9.74355e+15
1.26667e+16
1.26023e+16
1.13237e+16
9.66265e+15
1.43627e+16
8.19268e+15
1.07962e+16
0
0
0
0
0
0
0
0
0
0
0
0
0
0
0
0
0
0
0
0
0
0
0
0
0
0
0
0
0
0
0
0
0
0
0
0
0
0
0
0
0
0
0
0
0
0
0
0
1.56818e+09
2.56586e+09
0
0
6.12811e+08
4.64054e+09
0
0
4.10397e+12
2.71543e+13
0
0
0
0
0
0
0
0
2.76628e+08
7.83482e+09
0
0
0
0
0
0
0
0
0
0
0
0
0
0
0
0
0
0
0
0
0
0
0
0
0
0
0
0
1.51449e+16
7.13789e+15
6.19401e+15
6.88664e+15
6.54133e+15
1.19718e+16
1.1437e+16
1.06435e+16
1.1271e+16
1.02065e+16
6.98872e+15
9.21175e+15
5.75606e+15
6.72366e+15
2.71998e+15
1.17602e+16
9.40125e+14
1.51481e+15
3.91423e+15
4.60396e+15
2.44196e+15
4.23267e+15
4.64118e+15
8.79881e+15
4.56433e+15
1.22069e+16
1.92339e+16
3.068e+16
1.7322e+16
2.62622e+16
3.71941e+16
6.14145e+16
7.25977e+16
8.62515e+16
1.08164e+17
1.1493e+17
1.5519e+17
1.88464e+17
1.72664e+17
2.18786e+17
2.25953e+17
3.18905e+17
2.65373e+17
3.92665e+17
6.61088e+17
1.24596e+18
3.55167e+18
6.32389e+18
8.77684e+18
6.06225e+18
1.77897e+18
1.52157e+18
7.6418e+17
7.82041e+17
4.45485e+17
3.88307e+17
3.47719e+17
3.54005e+17
2.63467e+17
2.51838e+17
1.54125e+17
1.52785e+17
1.74722e+17
1.72634e+17
1.29318e+17
1.25888e+17
7.4786e+16
6.71292e+16
6.85485e+16
7.66943e+16
3.77843e+16
3.57252e+16
1.99532e+16
1.957e+16
1.64657e+16
1.98798e+16
1.92564e+16
2.28906e+16
1.40929e+16
1.17738e+16
2.62867e+15
7.60901e+15
4.05431e+15
1.06087e+16
1.35693e+16
1.63215e+16
9.54293e+15
6.37523e+15
7.20683e+15
9.2471e+15
9.70754e+15
7.66413e+15
4.40991e+15
6.26019e+15
4.80043e+15
5.6444e+15
0
0
0
0
0
0
0
0
0
0
0
0
0
0
0
0
0
0
0
0
0
0
0
0
0
0
0
0
0
0
0
0
0
0
0
0
0
0
0
0
0
0
0
0
0
0
0
0
1.56094e+09
2.55029e+09
0
0
5.48821e+08
4.67408e+09
0
0
4.67809e+12
2.64466e+13
0
0
0
0
0
0
0
0
4.6245e+08
7.60637e+09
0
0
0
0
0
0
0
0
0
0
0
0
0
0
0
0
0
0
0
0
0
0
0
0
0
0
0
0
7.03233e+15
7.6153e+15
3.69917e+15
4.4845e+15
2.80757e+15
3.62166e+15
3.61805e+15
4.20351e+15
4.66188e+15
3.26417e+15
4.98008e+15
7.54145e+15
3.45944e+15
3.55015e+15
1.53926e+15
1.00864e+15
5.57296e+14
1.11056e+15
1.56012e+15
2.49657e+15
1.03695e+15
2.11168e+15
2.68964e+15
2.83162e+15
1.90108e+15
2.15889e+15
1.04422e+16
1.74546e+16
8.23837e+15
2.30979e+16
1.66775e+16
3.19196e+16
4.20459e+16
4.6855e+16
6.38835e+16
8.31719e+16
1.09638e+17
1.20218e+17
1.11823e+17
1.43703e+17
1.19282e+17
1.89388e+17
1.62074e+17
2.72419e+17
4.74678e+17
8.72921e+17
3.45313e+18
6.56623e+18
8.41437e+18
4.87456e+18
1.35932e+18
9.74761e+17
5.44074e+17
5.25605e+17
3.00402e+17
2.66336e+17
2.17661e+17
2.14596e+17
1.28588e+17
1.70755e+17
8.60838e+16
1.00194e+17
1.20282e+17
1.16018e+17
7.64462e+16
8.02502e+16
4.54138e+16
5.97745e+16
4.92348e+16
3.91284e+16
2.23003e+16
2.24279e+16
7.39199e+15
8.23766e+15
1.0748e+16
8.32957e+15
8.5251e+15
1.59033e+16
4.02223e+15
6.2919e+15
2.96799e+15
3.96136e+15
2.74047e+15
3.94872e+15
4.68617e+15
7.10333e+15
6.60989e+15
5.41065e+15
3.53822e+15
5.52632e+15
4.4791e+15
5.70886e+15
1.00549e+15
1.45605e+15
5.78517e+15
3.22138e+15
0
0
0
0
0
0
0
0
0
0
0
0
0
0
0
0
0
0
0
0
0
0
0
0
0
0
0
0
0
0
0
0
0
0
0
0
0
0
0
0
0
0
0
0
0
0
0
0
1.55463e+09
2.53434e+09
0
0
4.86448e+08
4.7066e+09
0
0
5.24518e+12
2.57486e+13
0
0
4.59534e+08
3.73608e+08
0
0
0
0
6.44717e+08
7.38274e+09
0
0
0
0
0
0
0
0
0
0
0
0
0
0
0
0
0
0
0
0
0
0
0
0
0
0
0
0
2.58736e+15
4.27534e+15
1.82818e+15
3.50351e+15
9.54329e+14
6.36069e+14
1.31591e+15
2.01462e+15
3.34386e+15
1.96921e+15
8.13809e+14
1.30716e+15
1.42236e+15
2.85045e+15
9.73421e+14
1.11453e+15
3.98554e+14
5.4455e+14
7.05953e+14
1.08175e+15
3.73439e+13
1.70263e+15
1.32174e+15
1.4991e+15
1.95332e+15
1.67671e+15
8.02892e+15
1.2703e+16
2.7676e+15
9.68026e+15
1.18611e+16
1.74477e+16
2.38109e+16
2.37694e+16
4.26121e+16
4.63484e+16
5.82261e+16
8.79746e+16
5.3911e+16
7.0948e+16
9.30692e+16
1.13607e+17
1.11806e+17
1.69163e+17
3.17574e+17
6.58086e+17
3.31921e+18
6.69911e+18
8.15747e+18
4.21831e+18
1.03137e+18
6.81069e+17
3.58665e+17
4.07957e+17
1.63507e+17
1.63672e+17
1.0219e+17
1.10702e+17
7.02013e+16
8.04647e+16
4.57055e+16
5.61973e+16
4.89468e+16
7.02656e+16
3.58936e+16
3.70729e+16
2.40508e+16
4.93676e+16
2.06676e+16
1.98261e+16
1.39499e+16
9.90959e+15
3.84656e+15
2.8026e+15
4.87221e+15
6.0752e+15
5.99759e+15
6.98637e+15
9.68824e+14
1.24975e+15
1.30188e+15
1.84717e+15
8.67396e+14
2.14547e+15
3.49637e+15
4.58163e+15
3.77522e+15
2.58934e+15
4.07326e+14
1.95988e+15
4.51272e+14
3.10243e+15
6.66427e+13
5.18008e+13
5.30161e+14
2.07963e+15
0
0
0
0
0
0
0
0
0
0
0
0
0
0
0
0
0
0
0
0
0
0
0
0
0
0
0
0
0
0
0
0
0
0
0
0
0
0
0
0
0
0
0
0
0
0
0
0
1.5492e+09
2.51803e+09
0
0
4.25793e+08
4.73787e+09
7.63437e+08
5.10311e+08
5.80585e+12
2.50588e+13
0
0
5.68754e+08
6.15305e+09
0
0
0
0
8.23927e+08
7.16238e+09
0
0
0
0
5.31149e+11
0
0
0
0
0
0
0
0
0
0
0
0
0
0
0
0
0
0
0
0
0
0
0
6.57488e+14
1.57727e+15
8.07508e+14
1.86877e+15
6.87462e+14
4.81524e+14
6.85038e+14
9.02993e+14
1.78742e+15
1.66411e+15
1.21233e+13
3.73333e+14
5.83325e+14
1.86593e+15
6.18478e+14
1.23895e+15
3.27973e+14
5.73372e+14
1.42846e+14
4.24179e+14
2.26943e+14
2.192e+13
6.22919e+14
6.87978e+14
1.65028e+15
1.96691e+15
4.01877e+15
1.2549e+16
1.52587e+15
4.50696e+15
7.58706e+15
9.93964e+15
4.53646e+15
1.11132e+16
1.10594e+16
1.30051e+16
3.10302e+16
4.99506e+16
3.2832e+16
3.57321e+16
5.82267e+16
7.28642e+16
6.6431e+16
1.14059e+17
2.17317e+17
5.02833e+17
2.96749e+18
6.67738e+18
7.6391e+18
3.59849e+18
6.22952e+17
4.42501e+17
2.05372e+17
1.82429e+17
1.03945e+17
9.56336e+16
3.99762e+16
4.87918e+16
2.89133e+16
3.20876e+16
2.58682e+16
3.21818e+16
2.04472e+16
2.11771e+16
1.74389e+16
1.80869e+16
1.85643e+16
1.41334e+16
8.34156e+15
8.12862e+15
1.19395e+16
1.04546e+16
8.89035e+14
2.57193e+15
2.88963e+15
1.63711e+15
3.2112e+15
4.83371e+15
5.00501e+14
2.09253e+14
1.93154e+14
2.68599e+14
6.3957e+14
7.48318e+14
1.66647e+15
2.12697e+15
1.06285e+15
1.35938e+15
5.44829e+13
3.15931e+14
0
8.69863e+14
3.97884e+13
0
0
1.79803e+13
0
0
0
0
0
0
0
0
0
0
0
0
0
0
0
0
0
0
0
0
0
0
0
0
0
0
0
0
0
0
0
0
0
0
0
0
0
0
0
0
0
0
0
0
1.44516e+08
0
0
0
1.54464e+09
2.50137e+09
0
0
3.66637e+08
4.76784e+09
7.61818e+08
7.01005e+09
6.35836e+12
2.4376e+13
0
0
6.76043e+08
6.01373e+09
0
0
0
0
9.99627e+08
6.94584e+09
0
0
1.10985e+08
0
1.69622e+13
4.72063e+11
0
0
0
0
0
0
0
0
0
0
0
0
0
0
0
0
0
0
0
0
0
0
7.58478e+13
1.40363e+14
3.76659e+14
2.70055e+14
1.38531e+15
3.27928e+14
4.37041e+14
7.48632e+14
9.4556e+14
1.55201e+15
3.45557e+12
4.41245e+13
2.98646e+14
1.75348e+15
2.02076e+14
3.80515e+14
8.91073e+14
6.20343e+14
5.06773e+13
8.60401e+12
7.11894e+13
1.94928e+14
2.94891e+14
3.99562e+14
1.64296e+15
1.92535e+15
1.94306e+15
8.52411e+15
1.11555e+15
3.29864e+15
2.75987e+15
3.25888e+15
2.35307e+15
5.61989e+15
6.88996e+15
8.10217e+15
1.70003e+16
2.74458e+16
2.16693e+16
2.54031e+16
3.26761e+16
4.52693e+16
4.3752e+16
6.34798e+16
1.49724e+17
3.00761e+17
2.72065e+18
6.31852e+18
7.98522e+18
3.05287e+18
5.18165e+17
3.43871e+17
1.11128e+17
1.05632e+17
4.81689e+16
7.04066e+16
1.95451e+16
2.41683e+16
1.76714e+16
2.49771e+16
1.63046e+16
1.37934e+16
7.50552e+15
9.2777e+15
4.08084e+15
1.22865e+16
3.00702e+15
1.12214e+16
2.56894e+15
5.28749e+15
7.67633e+15
1.06711e+16
3.00768e+15
6.42426e+14
3.48063e+14
8.54378e+14
6.68157e+14
5.92991e+14
2.89558e+14
9.99776e+13
1.77163e+14
9.5576e+13
5.33901e+13
2.57952e+14
4.44756e+14
6.36152e+14
3.20206e+14
5.11117e+14
1.18858e+14
1.18766e+13
0
0
0
0
0
0
0
0
0
0
0
0
0
0
0
0
0
0
0
0
0
0
0
0
0
0
0
0
0
0
0
0
0
0
0
0
0
0
0
0
0
0
0
0
0
0
0
0
0
0
1.26191e+09
5.4307e+08
0
0
1.25679e+10
2.48437e+09
0
0
3.08874e+08
4.79674e+09
7.60541e+08
6.97411e+09
6.9047e+12
2.37027e+13
0
0
7.82057e+08
5.87607e+09
0
0
0
0
1.17264e+09
6.73267e+09
0
0
1.04153e+09
2.0863e+08
1.68423e+13
5.18321e+11
0
0
0
0
0
0
0
0
0
0
0
0
0
0
0
0
0
0
0
0
0
0
0
0
4.00928e+13
3.74407e+13
8.04662e+14
5.40072e+14
1.48361e+14
3.79114e+14
1.89828e+14
6.03822e+14
1.5787e+12
5.89643e+12
4.244e+12
5.34598e+14
1.1868e+14
1.55846e+14
7.61304e+14
8.00675e+14
3.89998e+13
1.0815e+13
1.18824e+11
6.69772e+13
1.16461e+12
3.76099e+14
1.06528e+15
1.47771e+15
5.11552e+14
1.41557e+15
8.63662e+14
1.91324e+15
1.4024e+15
1.31521e+15
4.55008e+14
3.24359e+15
3.31874e+15
4.40978e+15
1.15514e+16
1.86393e+16
1.27229e+16
1.38636e+16
1.32077e+16
2.30551e+16
1.86528e+16
3.81058e+16
1.00686e+17
2.13619e+17
2.42141e+18
5.95298e+18
7.18855e+18
2.50121e+18
3.88478e+17
2.7301e+17
7.96753e+16
6.54396e+16
2.03965e+16
3.86753e+16
1.30525e+16
1.24389e+16
1.17345e+16
1.2506e+16
9.52475e+15
8.4564e+15
1.76546e+15
3.91416e+15
2.0622e+15
4.52794e+15
1.06141e+15
2.45077e+15
3.76191e+15
4.323e+15
1.84358e+15
1.15532e+15
1.22172e+15
1.09916e+15
1.55576e+13
2.16279e+14
0
9.20607e+12
0
0
0
2.84807e+13
0
0
0
1.09713e+12
1.29214e+13
6.49224e+12
0
0
0
0
0
0
0
0
0
0
0
0
0
0
0
0
0
0
0
0
0
0
0
0
0
0
0
0
0
0
0
0
0
0
0
0
0
0
0
0
0
0
0
0
0
0
0
0
0
0
0
0
1.22476e+09
5.63245e+08
0
0
2.75736e+10
7.83058e+09
0
0
2.23414e+09
5.29475e+09
1.55154e+09
6.9382e+09
7.44524e+12
2.30358e+13
0
0
1.77176e+09
5.74038e+09
0
0
2.79413e+09
4.44113e+09
1.34251e+09
6.52251e+09
1.86301e+09
7.76779e+08
1.10717e+09
1.34597e+08
1.67233e+13
5.64629e+11
0
0
0
0
0
0
0
0
0
0
0
0
0
0
0
0
0
0
0
0
0
0
0
0
2.47428e+13
4.83627e+13
5.12527e+14
2.73629e+14
3.15324e+13
4.89398e+13
2.11679e+14
1.13917e+13
0
0
0
3.86631e+11
1.05537e+14
1.04213e+14
3.78227e+14
4.12646e+14
1.50137e+14
8.01124e+12
7.04745e+10
4.1387e+11
0
2.07256e+13
8.77093e+14
7.95198e+14
2.34057e+14
1.63246e+14
1.07707e+15
2.34976e+15
3.19549e+14
2.91957e+14
1.39737e+14
2.13123e+15
1.71977e+15
2.61488e+15
4.26089e+15
9.92186e+15
6.03597e+15
6.85406e+15
4.44966e+15
7.89171e+15
1.36234e+16
2.02293e+16
6.01777e+16
1.50145e+17
2.07091e+18
5.88885e+18
6.58976e+18
1.99917e+18
2.25312e+17
1.36342e+17
3.47241e+16
4.67667e+16
6.09545e+15
1.50989e+16
8.34178e+15
8.84047e+15
2.21827e+15
4.08224e+15
1.49079e+15
4.72958e+15
2.55156e+15
1.10368e+15
2.07319e+15
2.31247e+15
8.71731e+14
1.70906e+15
2.27158e+14
7.21331e+14
0
1.30126e+13
2.41865e+14
7.27846e+13
0
0
0
0
0
0
0
0
0
0
0
0
0
2.30181e+11
0
0
0
0
0
0
0
0
0
0
0
0
0
0
0
0
0
0
0
0
0
0
0
0
0
0
0
0
0
0
0
0
0
0
0
0
0
0
0
0
0
0
0
0
0
0
0
0
0
0
0
0
1.18998e+09
5.81727e+08
0
0
2.68882e+10
8.28656e+09
0
0
2.03266e+09
1.24327e+10
8.64587e+09
7.20072e+09
7.97887e+12
2.23784e+13
0
0
9.95439e+09
1.34548e+10
0
0
8.36221e+09
2.42511e+10
1.50943e+09
6.31624e+09
1.91764e+09
6.29767e+09
3.1071e+09
6.20726e+07
2.99996e+13
2.63353e+12
0
0
0
0
0
0
0
0
0
0
0
0
0
0
0
0
0
0
0
0
0
0
0
0
0
2.39613e+13
3.07491e+14
1.23765e+14
1.22929e+14
5.36352e+12
0
5.31343e+12
0
0
0
0
1.03788e+14
8.48375e+13
2.18578e+14
4.27738e+14
1.24982e+14
3.25507e+13
1.67569e+10
4.64222e+11
0
0
6.04448e+14
6.7895e+14
4.42597e+13
1.1923e+14
2.34494e+14
1.35295e+15
1.82939e+14
3.49111e+14
1.0388e+14
8.30953e+14
8.39555e+14
2.01595e+15
3.06153e+15
5.79302e+15
3.6409e+15
4.53e+15
3.69017e+15
7.33204e+15
1.13398e+16
1.50698e+16
3.42923e+16
8.43732e+16
1.83633e+18
5.46133e+18
6.62009e+18
1.72297e+18
1.46859e+17
8.05129e+16
1.98785e+16
1.5225e+16
8.25608e+15
6.78699e+15
5.83922e+15
3.40981e+15
6.30263e+14
1.38059e+15
5.44187e+14
2.66876e+15
7.50136e+14
9.0873e+14
1.49084e+15
1.56828e+15
5.76215e+14
1.11753e+15
1.13575e+14
3.59287e+14
1.98811e+13
1.08651e+14
1.62502e+14
2.85225e+13
0
0
0
0
0
0
0
0
0
0
0
0
0
0
0
0
0
0
0
0
0
0
0
0
0
0
0
0
0
0
0
0
0
0
0
0
0
0
0
0
0
0
0
0
0
0
0
0
0
0
0
0
0
0
0
0
0
0
0
0
0
0
0
0
0
0
1.15745e+09
5.98638e+08
1.54746e+10
0
2.62258e+10
8.72486e+09
2.82564e+09
0
4.60748e+09
1.25486e+10
8.69889e+09
7.07867e+09
8.50747e+12
2.17255e+13
0
0
9.54732e+09
1.37435e+10
0
0
9.39254e+09
2.30591e+10
1.67366e+09
6.11277e+09
2.01233e+09
7.03902e+09
1.51139e+10
3.26257e+09
2.89828e+13
5.80107e+13
0
0
0
0
0
0
0
0
0
0
0
0
0
0
0
0
0
0
0
0
0
0
0
0
0
0
0
0
1.10994e+11
2.45309e+13
0
0
0
0
0
0
1.02034e+14
8.0104e+13
0
8.1842e+13
8.17474e+13
4.7215e+13
0
1.38003e+11
1.57463e+10
0
4.89185e+14
7.83857e+14
2.41355e+13
1.34662e+14
1.91688e+14
6.27617e+14
6.76849e+13
4.61931e+14
2.92076e+13
5.49494e+14
7.26206e+14
1.72124e+15
1.75318e+15
5.1977e+15
1.97814e+15
3.41217e+15
3.52151e+15
6.26941e+15
7.66299e+15
7.58276e+15
2.97572e+16
6.95848e+16
1.50527e+18
5.05676e+18
5.70719e+18
1.39617e+18
6.77019e+16
2.80561e+16
8.51951e+15
6.8228e+15
3.88726e+15
4.89333e+15
1.87064e+15
2.38547e+15
9.18251e+14
6.30107e+13
0
8.51695e+14
0
2.6395e+14
1.07357e+14
2.36987e+14
4.02815e+14
2.65403e+14
0
1.31352e+14
0
6.23117e+13
0
0
0
0
0
0
0
0
0
0
0
0
0
0
0
0
0
0
0
0
0
0
0
0
0
0
0
0
0
0
0
0
0
0
0
0
0
0
0
0
0
0
0
0
8.74483e+07
0
0
0
0
0
0
0
0
0
0
0
0
0
0
0
0
0
0
0
0
0
2.77003e+08
1.42222e+08
1.12706e+09
6.14074e+08
2.95407e+11
7.34482e+11
3.17989e+10
9.61077e+09
2.75498e+10
6.44488e+09
1.72108e+10
1.8554e+10
8.75207e+09
6.95707e+09
9.12979e+12
2.3943e+13
0
0
9.14787e+09
1.40262e+10
0
0
1.04068e+10
2.18844e+10
1.83532e+09
5.91236e+09
7.23666e+09
7.69432e+09
1.58193e+10
2.44578e+09
2.80174e+13
5.87122e+13
0
0
2.12277e+09
5.49152e+09
1.66302e+08
0
1.27325e+11
0
0
0
0
0
9.869e+12
0
0
0
0
0
0
0
0
0
0
0
0
0
0
0
0
0
0
0
0
0
0
0
1.1025e+14
6.89562e+13
0
0
0
7.1555e+12
0
0
0
0
6.02648e+13
9.14883e+14
0
1.56838e+14
4.40007e+11
3.61152e+13
0
2.50697e+14
5.51421e+13
2.6077e+14
4.57051e+14
1.57915e+15
1.5726e+15
2.56712e+15
9.32381e+14
2.5833e+15
2.25258e+15
4.16835e+15
5.15124e+15
4.91035e+15
1.97317e+16
4.588e+16
1.22304e+18
4.71237e+18
4.64731e+18
1.08173e+18
3.86332e+16
1.56225e+16
1.62141e+15
2.98544e+15
2.75878e+15
4.45159e+15
6.6784e+14
7.5745e+14
1.16037e+14
1.89319e+13
0
0
0
0
1.07475e+14
2.37126e+14
2.12545e+14
1.25388e+14
0
0
0
0
0
0
0
0
0
0
0
0
0
0
0
0
0
0
0
0
0
0
0
0
0
0
0
0
0
0
0
0
0
0
0
0
0
0
0
0
1.93636e+09
1.07225e+08
0
0
0
0
4.4451e+08
1.43735e+10
1.77903e+12
1.31611e+08
0
0
0
0
0
0
0
0
0
0
0
0
0
0
0
0
0
0
0
0
7.6779e+09
1.22658e+09
1.0987e+09
6.28121e+08
2.53407e+11
7.65142e+11
3.27796e+10
2.55263e+10
3.55748e+10
1.12602e+10
2.84497e+10
2.22377e+10
4.13344e+11
9.60598e+09
9.83659e+12
3.42786e+13
6.34096e+12
4.69883e+10
3.3964e+12
1.5845e+14
9.65522e+13
2.86051e+10
8.17221e+13
1.22187e+14
2.60593e+14
7.41076e+13
4.9773e+13
2.53395e+10
7.44297e+13
2.08181e+12
2.7098e+13
5.9407e+13
2.21541e+13
6.22507e+13
9.15278e+09
7.46386e+10
4.75329e+10
1.06494e+10
1.10256e+13
4.42605e+13
0
0
0
0
3.39716e+13
2.88353e+13
0
0
0
0
0
0
0
0
0
0
0
0
0
0
0
0
0
0
0
0
0
0
1.24364e+14
5.94049e+13
0
0
0
0
0
0
0
0
0
0
0
0
1.6216e+14
7.20109e+10
0
0
6.51994e+11
4.58345e+11
2.07327e+14
8.00314e+14
1.42808e+15
1.99751e+15
9.38324e+14
1.53757e+15
1.72162e+15
3.56757e+15
4.31177e+15
3.43506e+15
1.10725e+16
3.25947e+16
9.37349e+17
4.47114e+18
3.98499e+18
9.17189e+17
1.81562e+16
4.77855e+15
2.05265e+15
3.49119e+14
7.11977e+14
2.49877e+15
1.95604e+14
6.84639e+14
0
0
0
0
0
0
0
3.70068e+12
2.82584e+13
8.07457e+13
0
0
0
0
0
0
0
0
0
0
0
0
0
0
0
0
0
0
0
0
0
0
0
0
0
0
0
0
0
0
0
0
0
0
0
0
0
0
0
0
2.06161e+09
9.36606e+09
0
0
0
0
5.52438e+08
1.83675e+10
1.73681e+13
9.51317e+11
0
0
0
0
0
0
0
0
0
0
0
0
0
0
0
0
0
0
0
0
4.28809e+10
1.12873e+10
1.08216e+09
6.37966e+08
2.37955e+11
7.71888e+11
5.0993e+10
4.95405e+10
7.82035e+10
3.65597e+10
1.37626e+12
1.77697e+11
3.0026e+13
8.62629e+11
1.02293e+13
3.4111e+13
2.16841e+13
2.37344e+12
1.11127e+13
4.57734e+14
1.70536e+14
1.69515e+14
1.79692e+14
5.8797e+14
3.77608e+14
3.86273e+14
2.57364e+14
3.93634e+14
7.4593e+13
7.42305e+13
2.70504e+13
5.98648e+13
2.13906e+13
1.42497e+14
1.32209e+13
1.93941e+10
1.60698e+11
6.84675e+10
9.94845e+12
4.55042e+13
0
0
0
0
3.77573e+13
2.39005e+13
0
0
0
0
0
0
0
0
0
0
0
0
0
0
0
0
0
0
0
0
0
0
1.24781e+13
3.85363e+13
0
0
0
0
0
0
0
0
0
0
3.03323e+12
1.81387e+13
1.20552e+14
2.05634e+13
0
0
8.99123e+11
4.78784e+11
2.61161e+14
4.39876e+14
1.06783e+15
1.00838e+15
5.02775e+14
3.75902e+14
1.78093e+15
3.18226e+15
2.12909e+15
3.10727e+15
8.53933e+15
2.40572e+16
7.94509e+17
4.21276e+18
3.16769e+18
5.44639e+17
1.22444e+16
4.19122e+15
0
1.2749e+14
0
3.97227e+14
0
5.29805e+12
0
0
0
0
0
0
0
0
0
0
0
0
0
0
0
0
0
0
0
0
0
0
0
0
0
0
0
0
0
0
0
0
0
0
0
0
0
0
0
0
0
0
0
0
0
0
0
0
0
0
2.16216e+09
9.28004e+09
0
0
0
0
6.87893e+08
1.82379e+10
1.75129e+13
8.04142e+11
0
0
0
0
0
0
0
0
0
0
0
0
0
0
0
0
0
0
0
0
4.2277e+10
1.168e+10
1.07752e+09
6.4005e+08
2.3027e+11
7.77701e+11
5.11253e+10
1.46884e+11
9.48095e+10
7.14206e+10
3.64382e+13
1.01074e+14
3.543e+14
6.08104e+14
1.03824e+13
3.39666e+13
6.2403e+13
2.55799e+12
2.72869e+14
8.83931e+14
1.70523e+14
1.69403e+14
2.78568e+14
7.07899e+14
3.78471e+14
3.84896e+14
2.58372e+14
3.92258e+14
7.47258e+13
7.42369e+13
2.69948e+13
6.01564e+13
2.07276e+13
1.43118e+14
8.68885e+14
9.21051e+13
1.36652e+13
3.01812e+11
9.133e+12
4.63938e+13
0
0
0
0
3.84091e+13
2.30272e+13
2.89008e+13
2.10511e+11
0
0
0
0
0
0
0
0
0
0
0
0
0
0
0
0
0
0
0
0
0
0
0
0
0
0
0
0
0
0
0
0
1.2591e+12
1.32514e+14
0
0
0
0
1.14323e+12
4.63932e+11
2.68109e+14
3.30084e+14
8.37766e+14
3.95628e+14
4.94255e+14
4.36232e+14
1.81963e+15
2.67031e+15
2.38959e+15
2.54494e+15
7.99133e+15
2.20423e+16
6.75683e+17
4.0434e+18
2.61928e+18
2.61325e+17
5.2522e+15
2.15082e+15
0
0
0
0
0
0
0
0
0
0
0
0
0
0
0
0
0
0
0
0
0
0
0
0
0
0
0
0
0
0
0
0
0
0
0
0
0
0
0
0
0
0
0
0
0
0
0
0
0
0
5.03178e+11
0
0
0
2.04584e+09
0
2.29299e+09
9.17028e+09
0
0
0
0
1.60842e+09
1.8076e+10
1.77139e+13
6.00944e+11
0
0
0
0
0
0
0
0
0
0
0
0
0
0
0
0
0
0
6.57661e+08
0
4.14851e+10
1.2212e+10
1.0715e+09
6.42793e+08
2.20551e+11
7.8493e+11
5.12859e+10
1.46533e+11
1.02797e+11
1.33852e+11
4.66602e+13
1.01195e+14
3.72333e+14
7.74719e+14
3.58911e+13
6.51388e+13
1.89829e+14
6.10953e+13
3.2326e+14
1.2466e+15
2.22847e+14
1.72553e+14
3.96375e+14
9.07255e+14
3.89287e+14
3.83241e+14
3.3001e+14
3.90703e+14
7.47608e+13
7.43377e+13
5.34436e+13
1.5741e+14
2.18809e+13
1.43955e+14
8.60946e+14
3.95747e+14
1.30925e+13
1.37066e+13
8.07397e+12
4.75598e+13
0
0
0
0
3.9206e+13
2.19508e+13
2.74205e+13
1.52944e+13
0
0
0
0
0
0
0
0
0
0
0
0
0
0
0
0
0
0
0
0
0
0
0
0
0
0
0
0
0
0
0
0
0
0
0
0
2.01593e+10
1.09156e+11
1.25535e+12
2.33368e+11
3.5128e+13
2.38139e+14
6.0682e+14
1.05454e+14
3.67695e+14
3.80863e+14
1.74116e+15
2.30608e+15
2.44923e+15
1.76692e+15
6.31386e+15
1.96416e+16
6.22387e+17
4.03398e+18
2.17754e+18
1.77697e+17
5.23795e+15
7.95589e+14
8.16897e+12
0
0
0
0
0
0
0
0
0
0
0
0
0
0
0
0
0
0
0
0
0
0
0
0
0
0
0
0
0
0
0
0
0
0
0
0
0
0
0
0
0
0
0
0
0
0
0
4.26853e+10
2.95103e+10
1.35178e+13
4.92553e+12
3.31704e+09
0
2.52881e+10
6.83395e+09
1.93893e+10
9.03885e+09
0
0
0
0
1.38836e+10
3.05996e+10
1.79651e+13
3.48791e+11
0
0
0
0
0
0
0
0
0
0
0
0
0
0
0
0
0
0
1.57234e+10
4.17841e+10
4.05452e+10
1.28529e+10
1.06435e+09
6.46077e+08
2.1502e+11
7.94292e+11
1.83376e+12
1.76003e+11
1.12788e+11
2.41899e+11
9.34359e+13
1.21723e+14
6.39982e+14
9.40763e+14
1.59422e+14
2.24594e+14
1.90283e+14
6.2069e+13
3.8932e+14
1.45891e+15
3.0852e+14
2.12962e+14
3.98706e+14
9.8822e+14
4.36432e+14
4.10733e+14
1.8693e+15
6.49771e+14
1.89014e+14
8.63974e+13
1.2559e+14
2.83727e+14
2.94216e+13
1.50364e+14
8.52008e+14
4.07633e+14
3.04292e+13
1.76126e+13
7.99372e+12
4.89807e+13
0
0
2.0216e+13
0
4.67776e+13
2.0976e+13
5.55036e+13
2.10035e+13
0
0
0
0
0
0
0
0
0
0
0
0
0
0
0
0
0
0
0
0
0
0
0
0
0
0
0
0
0
0
0
0
0
0
0
0
7.33237e+13
1.36898e+14
0
0
1.39228e+14
5.72874e+14
1.42769e+14
2.8109e+14
4.08734e+14
8.71294e+14
2.15267e+15
2.81528e+15
1.66825e+15
2.0209e+15
6.35587e+15
1.58565e+16
7.87597e+17
4.5753e+18
2.16997e+18
1.69344e+17
6.48601e+15
9.69428e+14
1.92129e+14
1.52567e+14
0
0
0
0
0
0
0
0
0
0
0
0
0
0
0
0
0
0
0
0
0
0
0
0
0
0
0
0
0
0
0
0
0
0
0
0
0
0
0
0
0
0
0
0
0
0
5.03944e+12
1.60723e+11
1.45082e+13
4.24815e+12
4.11341e+10
7.08814e+09
2.5086e+10
7.09482e+09
2.15045e+13
1.5886e+12
0
0
0
0
3.86009e+11
1.44692e+13
2.87669e+12
5.34061e+10
0
0
1.16623e+09
0
0
0
0
0
0
0
0
0
0
0
0
0
0
0
1.51075e+10
5.31132e+10
3.94855e+10
1.35766e+10
2.89729e+10
6.4977e+08
2.02275e+11
8.20048e+11
1.93399e+12
1.98452e+12
1.90352e+14
1.64337e+14
1.39103e+14
1.42302e+14
6.4717e+14
9.41319e+14
5.53585e+14
5.22572e+14
4.65617e+14
7.67348e+13
4.3691e+14
1.54329e+15
3.73313e+14
2.19256e+14
4.5023e+14
1.06763e+15
4.55817e+14
4.16328e+14
2.04078e+15
1.01324e+15
4.83896e+14
5.67239e+14
4.02931e+14
5.90767e+14
3.9845e+13
1.84939e+14
8.81442e+14
5.62516e+14
3.47322e+13
1.76077e+14
1.85632e+13
8.01559e+13
8.39237e+12
9.43268e+11
1.31034e+14
4.67379e+13
2.17185e+14
1.1399e+14
5.02943e+13
6.01807e+13
0
0
0
0
0
0
0
0
0
0
0
0
0
0
0
0
0
0
1.15359e+08
0
1.38233e+13
0
0
0
0
0
0
0
0
0
6.55766e+14
7.02261e+14
0
0
0
0
1.71546e+14
6.47111e+14
9.32613e+11
3.90956e+12
6.1516e+14
5.42888e+14
1.32144e+15
1.06037e+15
1.83897e+15
1.40811e+15
2.63498e+15
2.92713e+15
3.13518e+15
2.45368e+15
1.10034e+16
1.92346e+16
1.20914e+18
5.979e+18
2.20671e+18
2.10771e+17
1.11211e+16
2.80139e+15
3.47677e+14
3.10776e+12
3.81452e+13
1.48899e+13
8.31474e+13
0
0
0
0
0
0
0
0
0
0
0
0
0
0
0
0
0
6.10916e+13
0
0
0
0
0
0
0
0
0
0
0
0
0
0
0
0
0
0
0
0
0
0
0
0
0
3.11679e+13
4.95142e+12
1.56878e+13
3.43291e+12
4.22655e+10
6.32703e+09
4.08564e+10
7.3691e+09
2.28137e+13
4.52783e+13
9.06854e+10
6.4642e+09
1.23122e+12
8.7698e+09
8.8008e+11
1.7287e+13
0
0
5.00211e+10
0
5.05739e+10
3.68257e+10
0
0
0
0
0
0
0
1.7491e+11
1.63086e+11
0
0
0
0
0
1.12188e+10
1.97884e+11
2.4153e+11
9.67566e+10
2.03739e+11
2.17629e+10
2.71991e+14
9.98234e+12
2.37521e+12
2.19434e+12
4.45628e+14
7.95371e+14
2.23199e+14
3.05846e+14
9.34683e+14
1.16398e+15
9.1547e+14
1.17581e+15
1.41067e+15
3.67589e+14
5.75316e+14
1.95932e+15
4.8114e+14
2.75424e+14
7.47291e+14
1.14358e+15
9.77044e+14
7.4959e+14
2.19684e+15
1.51981e+15
8.94242e+14
1.03793e+15
4.84577e+14
1.18586e+15
7.21743e+14
2.74118e+14
1.07862e+15
9.65348e+14
3.37102e+13
1.84432e+14
4.55954e+14
3.43482e+14
1.10713e+13
4.53073e+12
2.29115e+14
6.16964e+13
3.02046e+14
2.69675e+14
4.3828e+13
6.86251e+13
8.59513e+11
0
0
0
0
0
0
0
0
0
0
0
0
0
0
0
0
0
3.43644e+10
1.09919e+11
9.11809e+13
9.26802e+13
0
0
0
0
0
0
0
0
5.60651e+14
3.88744e+14
5.10111e+13
5.49937e+14
2.9368e+14
2.53862e+14
2.81855e+14
5.49624e+14
9.33716e+13
2.55023e+13
1.80146e+15
4.97159e+14
3.34306e+15
2.42819e+15
3.14613e+15
2.18164e+15
5.83551e+15
5.92471e+15
1.00499e+16
8.50766e+15
3.46293e+16
5.57569e+16
2.0808e+18
8.43185e+18
2.32763e+18
4.00482e+17
2.30853e+16
8.75207e+15
3.22252e+15
1.22333e+15
1.6279e+15
9.35018e+14
2.06131e+14
1.35664e+14
2.64743e+14
2.16944e+14
2.70312e+14
5.99591e+13
3.98051e+13
1.7628e+13
3.97338e+13
0
0
0
0
0
1.20735e+14
6.70795e+13
1.24826e+14
1.67014e+14
1.92094e+13
3.38113e+13
0
0
0
0
0
0
0
0
0
0
0
0
0
0
0
0
0
0
0
0
0
0
0
0
3.41935e+13
2.97969e+12
1.70677e+13
2.46942e+12
6.71378e+10
5.89113e+09
1.85045e+11
2.94656e+10
5.77483e+13
4.46138e+13
2.19508e+14
2.6221e+11
8.53361e+12
3.878e+12
1.46263e+12
1.69782e+13
4.85765e+10
5.59886e+10
2.2402e+11
1.21194e+11
1.33207e+11
3.45932e+10
0
0
8.65347e+09
2.04785e+08
0
0
0
0
7.71333e+11
6.11669e+09
0
0
2.22045e+13
2.74091e+12
4.12983e+10
6.4002e+10
2.55832e+12
4.50243e+11
4.11133e+11
2.35472e+11
2.71102e+14
2.16162e+14
2.92155e+13
3.43937e+12
7.04369e+14
8.27164e+14
3.73083e+14
5.73137e+14
1.12131e+15
1.49545e+15
9.4106e+14
1.27034e+15
1.58627e+15
8.5252e+14
8.67525e+14
2.45777e+15
6.93305e+14
5.80126e+14
1.28939e+15
2.17077e+15
1.29081e+15
1.14867e+15
2.4428e+15
2.23589e+15
1.3831e+15
1.29789e+15
1.08318e+15
1.40055e+15
1.87253e+15
1.28712e+15
1.60043e+15
1.22972e+15
1.25579e+14
2.97565e+14
5.4008e+14
6.76965e+14
1.42502e+14
1.7117e+13
3.1761e+14
1.23493e+14
2.67665e+14
3.83282e+14
2.58634e+14
1.64175e+14
1.05476e+14
2.77906e+13
0
0
0
0
0
0
0
0
0
0
0
0
0
0
1.15937e+14
5.62389e+13
6.31312e+13
3.58206e+13
1.23711e+14
6.3422e+13
2.40266e+14
4.35332e+14
2.29023e+14
6.50934e+13
9.25075e+12
0
0
0
1.87743e+15
6.00031e+14
1.7536e+15
1.08465e+15
1.93227e+15
6.35958e+14
1.41409e+15
6.08981e+14
1.1227e+15
1.52006e+15
4.01641e+15
2.92947e+15
7.29829e+15
7.48862e+15
9.94828e+15
6.53357e+15
1.76009e+16
1.29096e+16
2.68613e+16
2.3236e+16
1.13008e+17
1.71531e+17
3.14893e+18
1.02266e+19
2.3232e+18
6.2812e+17
4.52809e+16
1.68334e+16
4.31792e+15
3.19739e+15
2.53603e+15
1.2728e+15
1.28617e+15
4.53401e+14
1.02882e+15
5.00054e+14
8.69534e+14
5.08491e+14
4.0455e+13
8.47214e+13
0
0
9.03448e+13
4.9238e+13
1.51442e+14
1.54744e+14
4.08029e+13
7.41175e+13
0
0
0
0
0
0
0
0
0
0
0
0
0
0
0
0
0
0
0
0
0
0
0
0
1.82118e+10
0
1.36685e+13
3.20859e+13
6.74617e+12
6.46998e+11
1.87617e+13
1.44005e+12
4.88702e+11
3.73691e+10
4.04987e+11
7.15014e+10
1.59323e+14
1.16054e+14
5.54645e+14
2.38292e+14
9.12339e+12
4.07429e+12
2.44549e+12
1.667e+13
5.72437e+11
5.8017e+11
2.55945e+11
3.83288e+11
5.2967e+13
2.09263e+13
2.91904e+11
6.20976e+11
1.11587e+10
1.13393e+10
3.86991e+09
0
2.06058e+10
9.82414e+10
7.3304e+11
3.75874e+10
0
0
1.54629e+13
4.62531e+13
2.61997e+11
1.96362e+11
8.62042e+13
7.37214e+12
9.03529e+11
4.24088e+11
2.79934e+14
4.43648e+14
5.68971e+13
1.72772e+14
9.34665e+14
1.47845e+15
1.09883e+15
1.16199e+15
1.82772e+15
2.03596e+15
2.27647e+15
1.54048e+15
2.42764e+15
1.26489e+15
1.6315e+15
3.38013e+15
8.66483e+14
1.35605e+15
1.78208e+15
2.37387e+15
2.61669e+15
2.17509e+15
2.97197e+15
2.62211e+15
2.28093e+15
1.77971e+15
1.59987e+15
2.27842e+15
3.35655e+15
1.87878e+15
1.94397e+15
1.4056e+15
5.30324e+14
7.42994e+14
7.85483e+14
1.4099e+15
4.1942e+14
1.12303e+15
4.97343e+14
5.25262e+14
5.93091e+14
2.90013e+14
6.68778e+14
8.01649e+14
3.37207e+14
1.53912e+14
2.14352e+13
4.19182e+13
1.2925e+14
1.10076e+14
0
8.71536e+11
1.17153e+14
0
0
0
0
0
6.47329e+13
1.29952e+14
1.61199e+14
3.31272e+14
4.53097e+14
3.64531e+14
1.88007e+14
3.60855e+13
4.85789e+14
8.07671e+14
3.61437e+14
3.54042e+14
2.44138e+14
1.01571e+14
1.05226e+15
1.26283e+15
2.97894e+15
3.59719e+15
2.79722e+15
1.42618e+15
2.09346e+15
2.38814e+15
6.3308e+15
2.48431e+15
4.07915e+15
5.26089e+15
7.29035e+15
7.32744e+15
1.50894e+16
1.33559e+16
2.44068e+16
2.48045e+16
4.24921e+16
4.15709e+16
7.42379e+16
7.39041e+16
2.94403e+17
4.59781e+17
4.7189e+18
1.25206e+19
2.32869e+18
9.57722e+17
1.23236e+17
4.12325e+16
1.4256e+16
5.69782e+15
3.40694e+15
2.0795e+15
2.76342e+15
2.19689e+15
1.21093e+15
7.5251e+14
5.92838e+14
4.07455e+14
3.85391e+14
1.88782e+14
5.23197e+14
2.76297e+14
9.38485e+13
1.19948e+14
1.75335e+14
5.25348e+13
1.98662e+13
0
0
0
0
0
0
0
0
0
0
0
0
0
5.15178e+10
1.52318e+11
0
0
0
0
0
0
0
0
1.24246e+10
1.14891e+10
1.41105e+13
4.28449e+13
3.38672e+13
4.50407e+13
1.76853e+13
2.53395e+13
4.93843e+13
2.9681e+13
5.9386e+13
5.08819e+11
6.30773e+11
7.05549e+10
1.98975e+14
1.11949e+14
8.9155e+14
5.87726e+14
9.65903e+12
4.44884e+12
2.93549e+12
1.68738e+13
1.15943e+12
1.54142e+12
5.03619e+11
5.25642e+11
6.04733e+13
1.63106e+14
9.37337e+11
1.3404e+12
2.5865e+11
1.27885e+11
4.41647e+11
1.23466e+11
3.53378e+10
1.07055e+11
6.9422e+11
7.01252e+10
0
0
9.81027e+12
4.87318e+13
8.27758e+11
1.86015e+12
8.89629e+13
2.08639e+14
7.20133e+12
1.46193e+12
2.73604e+14
1.00931e+15
1.85328e+14
4.27459e+14
9.43645e+14
1.76061e+15
2.11051e+15
1.63749e+15
2.70906e+15
2.40621e+15
3.03388e+15
2.23461e+15
2.85303e+15
2.03388e+15
2.77055e+15
4.29362e+15
2.02968e+15
1.52715e+15
3.19165e+15
3.41728e+15
2.96225e+15
2.90195e+15
4.18071e+15
3.04158e+15
2.70219e+15
2.01949e+15
2.56936e+15
2.40224e+15
4.47716e+15
2.55232e+15
3.76561e+15
2.21182e+15
2.3467e+15
2.12132e+15
1.11815e+15
1.52849e+15
1.80465e+15
1.88304e+15
6.72196e+14
1.0427e+15
3.01576e+15
7.562e+14
9.74484e+14
1.04218e+15
1.17805e+15
7.97557e+14
1.0414e+15
2.49286e+14
5.30275e+14
5.18125e+14
1.04424e+15
6.6681e+13
2.62527e+14
2.85177e+14
3.28731e+14
1.2167e+10
4.79224e+14
6.41557e+14
5.12823e+14
1.33843e+14
7.5016e+14
7.77724e+14
5.65926e+14
7.88824e+14
7.04102e+14
4.42789e+14
2.28772e+15
1.76744e+15
1.6361e+15
1.01638e+15
1.10682e+15
1.03717e+15
3.20124e+15
2.98282e+15
6.83633e+15
7.39525e+15
4.50091e+15
4.09072e+15
8.21951e+15
5.96399e+15
1.19333e+16
1.00706e+16
1.35351e+16
8.57379e+15
2.71698e+16
2.23934e+16
3.98938e+16
3.40515e+16
6.81789e+16
5.80735e+16
1.00264e+17
9.54518e+16
2.12088e+17
1.97962e+17
7.225e+17
9.5977e+17
6.45594e+18
1.39023e+19
2.01776e+18
1.17075e+18
2.90422e+17
1.12164e+17
5.35739e+16
1.77759e+16
1.75926e+16
5.42815e+15
6.1223e+15
2.42318e+15
1.61362e+15
8.32911e+14
1.36124e+15
5.45104e+14
2.98674e+14
2.75128e+14
4.92468e+14
2.22468e+15
9.69358e+13
1.52928e+14
0
0
2.28012e+12
0
3.09313e+10
0
0
0
0
0
0
9.66359e+13
1.00177e+14
0
0
0
9.10817e+10
2.79998e+11
3.25771e+11
1.38543e+11
1.79527e+11
1.70217e+10
0
0
2.00566e+10
1.71822e+10
1.04188e+11
1.07427e+11
7.00884e+13
5.92563e+13
7.62896e+13
1.63261e+14
6.06655e+13
5.72156e+13
7.70822e+13
2.16231e+14
1.00068e+14
1.3816e+13
1.36057e+14
4.61548e+13
7.75016e+14
2.66375e+14
1.31892e+15
5.78513e+14
1.07594e+13
5.30199e+12
4.42938e+12
1.73657e+13
2.02359e+12
2.05697e+12
2.19409e+12
2.25261e+12
7.30123e+13
1.67641e+14
2.31243e+12
2.50276e+12
8.34721e+11
8.24505e+11
7.64527e+11
4.96626e+11
4.20285e+10
1.07933e+11
6.66507e+11
1.03493e+11
1.31336e+10
1.68616e+08
5.39246e+12
5.04779e+13
1.04974e+12
3.75335e+12
9.34617e+13
5.22212e+14
1.50727e+13
3.80768e+13
2.92122e+14
3.15475e+14
1.12514e+15
6.7423e+14
1.08622e+15
1.88491e+15
2.67388e+15
1.87755e+15
3.65073e+15
2.83529e+15
3.50231e+15
3.19059e+15
3.54698e+15
2.73874e+15
4.8893e+15
5.47844e+15
3.19752e+15
2.30482e+15
3.66941e+15
4.62208e+15
3.1152e+15
2.98922e+15
4.47471e+15
4.48975e+15
3.2497e+15
2.15e+15
3.7597e+15
2.72337e+15
4.77886e+15
2.7031e+15
5.88864e+15
3.87532e+15
3.43383e+15
3.51145e+15
1.65165e+15
1.71468e+15
2.8554e+15
2.86756e+15
1.30916e+15
1.34977e+15
5.92991e+15
3.17573e+15
2.64454e+15
1.57622e+15
2.93553e+15
1.62856e+15
2.87867e+15
1.39416e+15
3.25207e+15
1.9617e+15
1.11477e+15
5.27799e+14
1.55886e+15
8.84709e+14
2.96503e+15
1.39132e+15
1.86125e+15
1.52974e+15
1.51903e+15
1.5161e+15
4.44664e+15
2.28342e+15
2.0083e+15
1.88016e+15
2.2916e+15
3.48075e+15
2.76678e+15
3.71111e+15
4.10155e+15
2.3733e+15
7.11054e+15
6.63661e+15
6.91499e+15
8.04038e+15
1.22529e+16
9.48093e+15
1.28938e+16
9.64415e+15
2.06634e+16
1.71872e+16
3.48697e+16
2.35115e+16
3.90275e+16
2.52419e+16
6.91768e+16
6.06873e+16
1.05421e+17
8.077e+16
1.75338e+17
1.67244e+17
2.88897e+17
2.56846e+17
5.24061e+17
5.22477e+17
1.44635e+18
1.8432e+18
8.40047e+18
1.46707e+19
1.8674e+18
1.25789e+18
4.0736e+17
2.33676e+17
9.36009e+16
5.78187e+16
4.2349e+16
2.69574e+16
1.24811e+16
1.19485e+16
5.27394e+15
4.60214e+15
2.11673e+15
1.8502e+15
1.76136e+15
1.32014e+15
1.20929e+15
2.84812e+15
3.41995e+14
3.73896e+14
1.93712e+14
4.79776e+14
5.83117e+13
2.0955e+14
1.35452e+12
3.62644e+11
6.93001e+11
3.7977e+10
6.0354e+11
7.42788e+10
4.87064e+11
1.35897e+11
4.57459e+14
1.47456e+14
2.31765e+11
2.95213e+11
3.94938e+11
6.73256e+11
4.19387e+10
0
0
0
3.3886e+13
1.27832e+13
1.21494e+11
1.10727e+11
3.4301e+10
0
1.29412e+14
8.32226e+13
1.98605e+14
3.53696e+14
1.78283e+14
1.39441e+14
5.14024e+14
4.87274e+14
2.09817e+14
4.97778e+13
8.14888e+14
2.18318e+14
1.17568e+15
3.53503e+14
1.55211e+15
8.57376e+14
1.14131e+13
6.34896e+12
1.30976e+13
1.87084e+13
5.89689e+13
2.52405e+13
3.28244e+12
4.22956e+12
7.95275e+13
1.65644e+14
5.35501e+14
1.24851e+13
2.7479e+12
1.75024e+12
4.10707e+13
8.45544e+11
9.59954e+13
1.66725e+14
7.27238e+11
1.95785e+11
2.46455e+10
4.3633e+10
1.80695e+12
5.16346e+13
7.92557e+13
2.19989e+13
4.66741e+14
5.26583e+14
5.04937e+13
9.01842e+13
5.55279e+14
2.70602e+14
1.2473e+15
1.58576e+15
1.39986e+15
2.18324e+15
3.26801e+15
2.15279e+15
4.43891e+15
3.20876e+15
4.67345e+15
4.75728e+15
3.82505e+15
2.46661e+15
6.98172e+15
6.65238e+15
5.16538e+15
3.69791e+15
5.71624e+15
6.02259e+15
3.66822e+15
3.84733e+15
5.66239e+15
5.46493e+15
4.11092e+15
2.74837e+15
4.94979e+15
3.31197e+15
5.35811e+15
3.02098e+15
6.21723e+15
5.15653e+15
4.68969e+15
5.5275e+15
3.26898e+15
3.43994e+15
5.13421e+15
5.37956e+15
2.17653e+15
2.11608e+15
8.45938e+15
5.52305e+15
6.10197e+15
5.22542e+15
7.11354e+15
5.03055e+15
7.1791e+15
4.13419e+15
7.94564e+15
4.9759e+15
5.52799e+15
1.69966e+15
4.47548e+15
3.78842e+15
5.54317e+15
4.27675e+15
3.29975e+15
3.1834e+15
3.42448e+15
4.91497e+15
9.64223e+15
8.5088e+15
7.62481e+15
3.26729e+15
6.01518e+15
7.76869e+15
4.94326e+15
3.95036e+15
1.57646e+16
1.10663e+16
1.81721e+16
1.57387e+16
2.86741e+16
2.47041e+16
3.54233e+16
2.68784e+16
3.72857e+16
2.87792e+16
5.68495e+16
4.88888e+16
1.06252e+17
8.52301e+16
1.13775e+17
9.91512e+16
1.76901e+17
1.57923e+17
2.57011e+17
2.07117e+17
4.32091e+17
3.76949e+17
6.71284e+17
5.6579e+17
1.10626e+18
1.13087e+18
2.58125e+18
3.2142e+18
9.96319e+18
1.47223e+19
1.61138e+18
1.22653e+18
4.45881e+17
2.91558e+17
1.77891e+17
1.14293e+17
5.89601e+16
3.9614e+16
2.26451e+16
1.4787e+16
6.13712e+15
3.83314e+15
9.00612e+15
3.40817e+15
2.62763e+15
6.63061e+14
1.52776e+15
1.93882e+15
5.07119e+14
8.05656e+12
1.64074e+15
6.58127e+13
4.1328e+14
1.28176e+14
2.66877e+14
2.41697e+14
6.50213e+12
1.0401e+12
0
0
5.11406e+12
2.69605e+12
1.82741e+11
2.77203e+14
4.19431e+14
2.4164e+11
7.80984e+11
7.39302e+11
1.37339e+15
1.47791e+15
1.15933e+14
8.28327e+13
1.52795e+15
1.60676e+15
1.35482e+15
4.24807e+14
8.64679e+14
1.92467e+14
9.06106e+14
4.9075e+13
4.36509e+14
6.73715e+14
6.50473e+14
7.11441e+14
1.47634e+15
9.77969e+14
9.4994e+14
9.4956e+14
9.98745e+14
3.81646e+14
2.12695e+15
9.93255e+14
2.41972e+15
1.25901e+15
1.388e+13
9.20709e+12
5.63942e+13
2.75954e+13
4.21123e+14
2.38299e+14
1.40177e+13
5.73511e+12
1.60713e+14
1.78773e+14
5.41449e+14
1.32118e+14
1.01897e+14
1.83391e+14
9.45958e+13
1.1931e+13
1.0193e+14
2.02327e+14
1.40089e+12
2.01033e+11
1.83484e+11
1.85475e+11
2.44792e+13
1.60436e+14
2.13165e+14
1.61149e+14
4.74273e+14
6.53934e+14
2.09888e+14
2.30991e+14
6.68325e+14
3.28967e+14
1.34918e+15
1.79236e+15
1.78202e+15
2.82771e+15
4.63766e+15
2.70382e+15
5.18841e+15
4.71678e+15
5.20425e+15
6.32376e+15
4.82031e+15
3.1186e+15
7.67148e+15
7.50717e+15
6.61547e+15
5.54935e+15
6.31125e+15
7.72901e+15
4.13552e+15
4.1235e+15
6.4529e+15
6.32426e+15
4.11085e+15
4.08477e+15
5.96193e+15
4.19044e+15
6.95445e+15
5.92533e+15
7.91003e+15
7.25402e+15
6.65455e+15
8.18789e+15
5.56061e+15
6.16576e+15
9.59932e+15
8.86289e+15
5.50079e+15
4.35756e+15
1.06172e+16
7.79254e+15
1.42047e+16
9.4366e+15
1.16428e+16
1.09364e+16
1.81031e+16
1.05034e+16
2.08887e+16
1.5646e+16
1.43754e+16
9.00095e+15
1.84321e+16
1.21974e+16
9.36235e+15
1.30383e+16
1.20407e+16
8.04863e+15
1.31211e+16
1.0758e+16
1.7663e+16
1.34886e+16
1.50278e+16
7.27989e+15
1.64536e+16
1.52409e+16
1.52445e+16
9.99946e+15
3.31893e+16
2.86455e+16
4.70908e+16
4.56759e+16
7.06523e+16
6.56079e+16
8.46164e+16
7.21542e+16
9.68381e+16
7.89392e+16
1.49881e+17
1.18586e+17
1.85981e+17
1.75113e+17
2.5031e+17
2.70962e+17
3.53148e+17
3.50119e+17
5.24969e+17
4.56198e+17
8.21757e+17
7.40737e+17
1.1691e+18
1.09304e+18
2.04172e+18
2.02555e+18
3.89921e+18
4.83669e+18
1.13711e+19
1.42617e+19
1.41618e+18
1.12348e+18
5.4971e+17
3.56404e+17
2.13499e+17
1.49215e+17
6.82216e+16
6.07186e+16
2.64886e+16
1.38323e+16
1.42963e+16
8.95314e+15
1.30997e+16
8.83671e+15
6.89531e+15
5.43707e+15
1.50375e+15
2.32769e+15
3.35644e+15
3.88866e+15
2.91962e+15
2.52673e+15
1.89474e+15
1.10464e+15
5.22922e+14
2.31545e+14
5.52463e+13
1.33881e+12
2.83288e+12
2.76832e+12
7.14508e+14
3.88189e+14
2.60187e+14
3.1137e+12
1.08123e+12
4.78738e+14
4.4518e+14
3.73424e+13
2.54979e+15
5.58159e+15
1.72601e+15
1.84103e+15
2.92078e+15
2.0666e+15
3.02879e+15
2.63397e+15
1.81117e+15
6.32938e+14
2.71737e+15
9.6893e+14
1.51292e+15
8.52348e+14
1.29207e+15
1.75546e+15
2.65418e+15
1.21441e+15
1.58149e+15
1.62024e+15
1.22188e+15
6.72119e+14
4.1395e+15
1.49388e+15
2.73851e+15
1.22987e+15
1.66254e+13
1.29605e+13
6.00119e+13
3.18163e+13
4.24273e+14
3.54085e+14
1.33139e+14
1.67674e+13
2.00867e+14
6.08397e+14
5.53027e+14
1.85203e+14
4.29101e+14
7.4433e+14
2.61791e+14
9.16977e+13
1.06011e+14
1.99639e+14
2.57315e+13
2.27524e+13
3.29031e+14
2.10184e+12
1.21601e+14
3.056e+14
3.52143e+14
3.05066e+14
4.96186e+14
6.54932e+14
2.41358e+14
2.38548e+14
1.21579e+15
1.05021e+15
2.05855e+15
2.5536e+15
2.24446e+15
3.43946e+15
6.29273e+15
4.96282e+15
5.76461e+15
5.58204e+15
5.36179e+15
6.47576e+15
5.60121e+15
4.47742e+15
9.41021e+15
9.11875e+15
7.11238e+15
6.72466e+15
8.53726e+15
1.03399e+16
5.42159e+15
4.59224e+15
7.47521e+15
8.3342e+15
5.28679e+15
5.11618e+15
6.54928e+15
5.04874e+15
8.96699e+15
6.51057e+15
9.02534e+15
9.10799e+15
8.5999e+15
1.16597e+16
6.9356e+15
9.26941e+15
1.52327e+16
1.52077e+16
9.97095e+15
8.41671e+15
1.46676e+16
1.11045e+16
2.08405e+16
2.0146e+16
2.17775e+16
2.08339e+16
4.3596e+16
3.07608e+16
4.52453e+16
3.36184e+16
3.03862e+16
2.1173e+16
3.59422e+16
2.70462e+16
2.70569e+16
1.68527e+16
2.74695e+16
2.30386e+16
3.55895e+16
2.47298e+16
4.33288e+16
3.51903e+16
3.84328e+16
2.8593e+16
3.65759e+16
3.51606e+16
4.53585e+16
3.7265e+16
7.60761e+16
6.34392e+16
8.47451e+16
1.04133e+17
1.18824e+17
1.2535e+17
1.42799e+17
1.52488e+17
2.05735e+17
1.96801e+17
2.85788e+17
2.68778e+17
3.85085e+17
3.39069e+17
4.41979e+17
4.85482e+17
6.43936e+17
6.7802e+17
9.02332e+17
8.58908e+17
1.25455e+18
1.2063e+18
1.81986e+18
1.83319e+18
2.86338e+18
3.25769e+18
5.48351e+18
6.62066e+18
1.21461e+19
1.46081e+19
1.21079e+18
1.06424e+18
5.01168e+17
4.18954e+17
1.75121e+17
1.48873e+17
8.37503e+16
5.83127e+16
3.84667e+16
3.0977e+16
2.15138e+16
1.61695e+16
1.64979e+16
1.69782e+16
5.13559e+15
4.27966e+15
1.14808e+16
5.14793e+15
7.38078e+15
4.64416e+15
7.6848e+15
2.97215e+15
2.91766e+15
1.45234e+15
8.88562e+14
5.51163e+14
3.48052e+12
2.43926e+12
9.52076e+12
8.96235e+12
5.36583e+15
6.22359e+15
5.384e+15
1.20335e+15
1.17729e+15
2.15844e+14
7.60092e+14
9.41991e+14
5.6082e+15
5.87728e+15
4.58187e+15
3.41258e+15
7.0084e+15
6.82564e+15
5.05085e+15
5.3984e+15
2.31135e+15
3.50079e+15
2.452e+15
1.93275e+15
2.56876e+15
1.57155e+15
3.48775e+15
3.80631e+15
2.80563e+15
2.46256e+15
3.35995e+15
3.31623e+15
1.66783e+15
1.12722e+15
5.89726e+15
2.44136e+15
2.94814e+15
1.25953e+15
5.46892e+13
1.96792e+14
1.09954e+14
4.45743e+13
4.28719e+14
3.57482e+14
1.34371e+14
2.18407e+13
2.30462e+14
1.23307e+15
1.39583e+15
3.52392e+14
6.25155e+14
1.76865e+15
4.02403e+14
2.89321e+14
4.59789e+14
2.44599e+14
6.37403e+14
1.42031e+14
5.80366e+14
2.18028e+14
5.58459e+14
9.83141e+14
5.47838e+14
3.21883e+14
5.96803e+14
1.2729e+15
1.20706e+15
3.57521e+14
1.64549e+15
1.66923e+15
2.20312e+15
2.93387e+15
3.46966e+15
3.8266e+15
8.09175e+15
9.19905e+15
5.88363e+15
6.52343e+15
5.78836e+15
7.11203e+15
6.15519e+15
5.85249e+15
1.32693e+16
1.24455e+16
7.89356e+15
7.45768e+15
1.004e+16
1.40548e+16
6.90146e+15
6.90244e+15
8.56667e+15
9.63153e+15
5.82776e+15
6.47921e+15
8.12047e+15
6.69101e+15
1.01168e+16
6.64184e+15
1.02143e+16
1.23512e+16
1.01058e+16
1.59704e+16
9.81421e+15
1.3011e+16
1.73026e+16
2.06521e+16
1.79039e+16
1.42212e+16
2.07493e+16
1.67275e+16
2.92143e+16
3.07181e+16
3.84561e+16
3.87795e+16
8.31834e+16
7.68631e+16
9.1244e+16
7.13034e+16
6.95761e+16
5.56871e+16
7.28804e+16
5.64015e+16
5.51863e+16
5.02225e+16
6.58795e+16
5.43109e+16
6.56806e+16
4.83015e+16
8.50853e+16
6.84833e+16
7.71156e+16
5.73708e+16
7.82566e+16
6.85804e+16
1.17361e+17
8.61682e+16
1.34042e+17
1.32488e+17
1.38058e+17
1.53656e+17
2.41669e+17
2.34961e+17
3.02329e+17
2.29523e+17
3.65588e+17
3.43868e+17
4.63683e+17
4.15401e+17
6.01618e+17
6.00765e+17
7.28828e+17
7.00136e+17
1.05236e+18
1.03832e+18
1.36385e+18
1.2399e+18
1.92035e+18
1.87193e+18
2.57115e+18
2.6935e+18
3.86261e+18
4.30947e+18
7.193e+18
8.3212e+18
1.25487e+19
1.42594e+19
9.91607e+17
9.08313e+17
4.18782e+17
2.59826e+17
1.47827e+17
1.29146e+17
6.48556e+16
5.90026e+16
3.46144e+16
2.90242e+16
3.03321e+16
2.46283e+16
1.73626e+16
1.37708e+16
1.76654e+16
1.3745e+16
2.69932e+16
1.7367e+16
1.3403e+16
8.22116e+15
5.46855e+15
4.08822e+15
7.01732e+15
3.35796e+15
5.21912e+15
5.86262e+15
9.86134e+15
1.99614e+15
3.52417e+15
3.13175e+15
2.018e+16
1.43396e+16
3.64732e+15
3.35388e+15
4.89386e+15
1.95529e+15
3.65992e+15
2.76052e+15
1.4614e+16
1.21942e+16
1.38303e+16
1.61719e+16
6.585e+15
4.78144e+15
3.19221e+15
1.72187e+15
7.25143e+15
5.6015e+15
4.20149e+15
4.14895e+15
7.12266e+15
2.87688e+15
5.49744e+15
4.55144e+15
4.0664e+15
4.29073e+15
5.83572e+15
4.27268e+15
2.43286e+15
2.1821e+15
7.0001e+15
3.17132e+15
3.65508e+15
1.45948e+15
1.66693e+14
1.98932e+14
1.14507e+14
1.06134e+14
4.34737e+14
3.59576e+14
1.39325e+14
2.82656e+13
2.84555e+14
1.22838e+15
1.50099e+15
6.68294e+14
8.90451e+14
1.84555e+15
4.49669e+14
3.0625e+14
5.53277e+14
1.01084e+15
1.14735e+15
6.92619e+14
1.17741e+15
7.28334e+14
1.33229e+15
1.39437e+15
1.14971e+15
6.8201e+14
6.87239e+14
2.22794e+15
1.52848e+15
5.18427e+14
2.27251e+15
1.92156e+15
2.50535e+15
3.27348e+15
4.64545e+15
4.86754e+15
8.09904e+15
9.65753e+15
6.5197e+15
6.95273e+15
6.83407e+15
7.79543e+15
7.15864e+15
8.04313e+15
1.29269e+16
1.33161e+16
8.74324e+15
7.94397e+15
1.22838e+16
1.54402e+16
7.19523e+15
7.70354e+15
9.80463e+15
9.88277e+15
7.66964e+15
8.44435e+15
1.13969e+16
9.22798e+15
1.12544e+16
7.16454e+15
1.04226e+16
1.34685e+16
1.17167e+16
1.70694e+16
1.81857e+16
1.88872e+16
2.14494e+16
2.66505e+16
2.60567e+16
2.20284e+16
2.9281e+16
2.8928e+16
3.88982e+16
3.89892e+16
6.18763e+16
5.5722e+16
1.14576e+17
1.42739e+17
2.12962e+17
1.5551e+17
1.81378e+17
1.03508e+17
1.42759e+17
1.10227e+17
1.25629e+17
1.13142e+17
1.29628e+17
1.21302e+17
1.38941e+17
1.10426e+17
1.46438e+17
1.35652e+17
1.71319e+17
1.45906e+17
1.56303e+17
1.25762e+17
1.58772e+17
1.69533e+17
2.28658e+17
2.39816e+17
2.63619e+17
2.29751e+17
3.08639e+17
3.25613e+17
4.44237e+17
4.08999e+17
5.35973e+17
5.31065e+17
6.31952e+17
6.5436e+17
8.6889e+17
8.59311e+17
1.04337e+18
1.03366e+18
1.42949e+18
1.5036e+18
1.89127e+18
1.80454e+18
2.39719e+18
2.53724e+18
3.34825e+18
3.41183e+18
5.0754e+18
5.33218e+18
8.28214e+18
9.59974e+18
1.28897e+19
1.45952e+19
8.39767e+17
6.44283e+17
3.74848e+17
3.38544e+17
1.66338e+17
1.13834e+17
8.20898e+16
5.93305e+16
5.43591e+16
3.76529e+16
3.00349e+16
1.62992e+16
2.58681e+16
2.5877e+16
1.72528e+16
2.63047e+16
2.21341e+16
1.3273e+16
2.26258e+16
1.70621e+16
1.11188e+16
1.1455e+16
1.2055e+16
9.86748e+15
6.47919e+15
1.32955e+16
9.06204e+15
1.05759e+16
1.26803e+16
1.37628e+16
1.80257e+16
1.15455e+16
2.03378e+16
9.62593e+15
7.93649e+15
6.47912e+15
1.65851e+16
1.31072e+16
2.2574e+16
1.35509e+16
1.68649e+16
1.90771e+16
9.94505e+15
8.93681e+15
6.76927e+15
8.46413e+15
3.45761e+15
3.90749e+15
1.24981e+16
9.39379e+15
1.33256e+16
8.42016e+15
8.15706e+15
4.22645e+15
8.66212e+15
6.39533e+15
9.54667e+15
6.8063e+15
4.12642e+15
7.31078e+15
8.03805e+15
3.70221e+15
5.85607e+15
2.65184e+15
5.06195e+14
7.32015e+14
1.20988e+14
1.3578e+14
4.24857e+14
3.67237e+14
1.4459e+14
5.0732e+13
3.19401e+14
1.19823e+15
1.57199e+15
7.54291e+14
9.45776e+14
1.8983e+15
4.67031e+14
5.89996e+14
1.89692e+15
1.4862e+15
1.70203e+15
1.66973e+15
2.2125e+15
2.44013e+15
2.66379e+15
2.07284e+15
1.2552e+15
6.72743e+14
2.27036e+15
1.68114e+15
2.23322e+15
6.35813e+14
2.62177e+15
3.05263e+15
2.59785e+15
3.4447e+15
4.64812e+15
5.71678e+15
8.29136e+15
9.2906e+15
8.29474e+15
7.55045e+15
7.38079e+15
1.05803e+16
9.8491e+15
1.15735e+16
1.42844e+16
1.3223e+16
1.02019e+16
9.228e+15
1.28618e+16
1.61499e+16
8.26168e+15
7.84409e+15
1.01458e+16
1.06276e+16
8.78225e+15
9.03238e+15
1.52242e+16
1.18889e+16
1.25016e+16
7.5458e+15
1.21333e+16
1.47443e+16
1.40824e+16
1.98366e+16
2.25502e+16
1.95368e+16
2.73566e+16
3.02256e+16
3.65354e+16
2.71998e+16
3.65823e+16
3.91453e+16
4.83561e+16
5.54208e+16
8.4988e+16
9.13866e+16
1.47081e+17
1.93349e+17
4.09562e+17
3.45976e+17
3.86931e+17
2.72689e+17
3.24839e+17
2.47749e+17
2.57263e+17
1.97082e+17
2.55627e+17
2.10318e+17
2.66566e+17
2.10157e+17
2.80517e+17
2.01521e+17
2.76692e+17
2.42386e+17
2.64161e+17
2.4199e+17
2.74465e+17
2.60997e+17
3.39061e+17
3.25888e+17
4.39832e+17
4.13323e+17
4.20251e+17
4.3199e+17
6.21948e+17
5.67445e+17
8.03009e+17
7.2004e+17
9.84847e+17
8.32043e+17
1.191e+18
1.12174e+18
1.40324e+18
1.33654e+18
1.75325e+18
1.97077e+18
2.41559e+18
2.45672e+18
2.9825e+18
3.25031e+18
4.4549e+18
4.26534e+18
6.02009e+18
6.76046e+18
9.4005e+18
1.05327e+19
1.36484e+19
1.46127e+19
5.92711e+17
6.16661e+17
2.38889e+17
2.3678e+17
1.17401e+17
1.58504e+17
1.00607e+17
9.93394e+16
7.35151e+16
6.33677e+16
4.55282e+16
2.945e+16
4.09767e+16
2.16083e+16
3.84471e+16
4.06939e+16
2.32309e+16
2.74231e+16
1.72395e+16
1.61337e+16
1.38364e+16
1.28414e+16
1.69262e+16
8.01611e+15
1.84665e+16
1.55357e+16
2.59881e+16
2.42311e+16
1.37364e+16
1.73688e+16
3.28675e+16
2.35118e+16
2.00558e+16
1.30766e+16
1.61946e+16
2.50044e+16
2.23443e+16
2.00291e+16
2.69196e+16
1.77872e+16
1.80469e+16
1.98688e+16
1.40311e+16
9.82784e+15
1.29727e+16
8.79275e+15
9.47066e+15
9.75875e+15
1.88007e+16
1.49316e+16
1.62165e+16
1.07212e+16
1.08437e+16
5.752e+15
1.33564e+16
8.71999e+15
1.18841e+16
8.40982e+15
6.45892e+15
7.87372e+15
1.28505e+16
1.13235e+16
7.41334e+15
3.08101e+15
3.81597e+15
2.18268e+15
3.86595e+14
2.38159e+14
8.74807e+14
7.34603e+14
1.59212e+14
7.79025e+13
3.65786e+14
1.28653e+15
1.5973e+15
7.55764e+14
9.65132e+14
1.97946e+15
6.10256e+14
6.52206e+14
3.57231e+15
2.01377e+15
2.57209e+15
3.38946e+15
3.88411e+15
3.61302e+15
4.16069e+15
2.80148e+15
9.65531e+14
7.24923e+14
2.87469e+15
1.95254e+15
3.43329e+15
1.87258e+15
2.74249e+15
4.47915e+15
3.43133e+15
4.33232e+15
5.22162e+15
5.8767e+15
8.27933e+15
1.10724e+16
8.59782e+15
9.422e+15
1.18931e+16
1.1083e+16
1.02555e+16
1.17278e+16
1.57971e+16
1.89034e+16
1.09453e+16
1.16145e+16
1.46024e+16
1.81382e+16
9.77993e+15
9.4914e+15
1.45557e+16
1.20084e+16
1.13296e+16
9.81052e+15
1.72863e+16
1.36123e+16
1.29377e+16
8.73199e+15
2.18583e+16
1.72657e+16
1.61683e+16
2.11555e+16
3.1102e+16
2.33336e+16
2.98819e+16
3.81646e+16
4.26117e+16
3.67668e+16
4.37208e+16
4.63331e+16
6.97065e+16
7.61311e+16
1.18764e+17
1.16584e+17
1.67898e+17
2.31374e+17
5.82862e+17
5.66983e+17
6.33841e+17
5.30157e+17
6.92743e+17
4.67582e+17
5.73077e+17
4.04855e+17
5.15672e+17
4.10947e+17
5.04762e+17
4.19254e+17
4.85273e+17
4.54142e+17
6.19095e+17
4.35788e+17
5.44295e+17
4.06062e+17
5.76729e+17
4.97566e+17
7.38589e+17
5.19906e+17
6.62987e+17
5.87204e+17
8.01023e+17
6.91579e+17
9.69541e+17
8.42773e+17
1.09832e+18
1.04886e+18
1.3043e+18
1.37245e+18
1.47535e+18
1.44431e+18
1.85269e+18
1.75382e+18
2.10184e+18
2.37679e+18
2.99333e+18
3.01203e+18
3.62848e+18
3.90329e+18
5.0093e+18
5.31949e+18
6.99e+18
7.68185e+18
9.99743e+18
1.08547e+19
1.3501e+19
1.49383e+19
4.01583e+17
3.65361e+17
1.63449e+17
1.78297e+17
1.11246e+17
9.96577e+16
5.94443e+16
1.05982e+17
6.62548e+16
5.36654e+16
3.65855e+16
3.86027e+16
5.95624e+16
3.85095e+16
5.58305e+16
5.0144e+16
3.61528e+16
2.97767e+16
2.44134e+16
2.51282e+16
2.99172e+16
2.79881e+16
4.36474e+16
3.57521e+16
4.73569e+16
4.99653e+16
2.47107e+16
1.77049e+16
4.81486e+16
4.34412e+16
3.32842e+16
3.59207e+16
1.78335e+16
1.62328e+16
2.98408e+16
3.83723e+16
2.2721e+16
3.06475e+16
1.54912e+16
1.58669e+16
1.95652e+16
2.61346e+16
1.77145e+16
1.65085e+16
9.13651e+15
8.90253e+15
1.52246e+16
1.40934e+16
2.27049e+16
2.32686e+16
1.54467e+16
1.57114e+16
1.07436e+16
1.336e+16
1.48518e+16
1.4526e+16
1.28194e+16
1.02499e+16
1.16734e+16
1.0279e+16
1.77488e+16
1.0859e+16
4.9044e+15
3.16684e+15
4.59116e+15
3.03233e+15
2.80833e+15
1.97785e+15
6.09216e+14
7.47821e+14
7.93343e+13
1.12179e+14
6.94864e+14
1.35539e+15
9.67363e+14
7.59983e+14
8.38688e+14
3.00055e+15
1.25406e+15
3.55908e+15
3.7387e+15
2.89806e+15
4.16568e+15
4.60504e+15
4.66193e+15
4.48528e+15
4.35991e+15
3.85883e+15
7.53403e+15
7.5828e+14
1.45993e+15
2.49164e+15
3.38851e+15
4.49858e+15
2.98954e+15
4.53752e+15
4.4709e+15
4.69307e+15
5.53456e+15
6.15957e+15
9.76559e+15
1.2972e+16
7.94398e+15
1.06745e+16
1.59454e+16
1.57656e+16
1.32565e+16
1.21223e+16
1.90273e+16
1.93925e+16
1.05048e+16
1.16323e+16
1.57958e+16
1.72348e+16
9.04037e+15
1.08884e+16
1.33235e+16
1.28513e+16
1.39082e+16
1.25656e+16
1.96755e+16
1.63295e+16
1.54028e+16
1.23434e+16
2.97765e+16
2.19247e+16
2.66035e+16
2.33742e+16
4.46851e+16
2.88408e+16
4.65486e+16
4.48611e+16
5.79599e+16
4.37929e+16
6.05225e+16
5.95757e+16
8.54997e+16
9.59678e+16
1.46175e+17
1.50532e+17
1.93344e+17
2.51966e+17
5.92169e+17
7.90897e+17
9.08143e+17
8.15173e+17
8.61375e+17
9.17005e+17
7.94905e+17
7.11137e+17
8.19542e+17
7.29802e+17
8.12502e+17
7.29051e+17
8.72536e+17
7.69507e+17
1.01405e+18
9.60579e+17
9.85942e+17
9.25618e+17
9.88696e+17
8.11234e+17
1.31797e+18
9.96172e+17
1.07717e+18
1.09467e+18
1.29692e+18
1.28262e+18
1.62719e+18
1.20509e+18
1.70605e+18
1.56388e+18
1.85975e+18
1.6955e+18
2.33808e+18
2.09824e+18
2.43432e+18
2.54282e+18
2.97395e+18
2.73361e+18
3.56256e+18
3.60862e+18
4.64548e+18
4.43362e+18
5.8728e+18
6.22758e+18
7.91534e+18
8.4173e+18
1.04501e+19
1.14203e+19
1.38331e+19
1.4931e+19
7.25971e+16
1.60174e+16
4.22281e+15
4.36087e+15
9.61423e+15
2.91363e+15
6.35668e+13
1.16692e+15
2.57444e+14
1.9692e+16
1.09403e+16
7.90038e+16
1.56046e+16
1.22024e+16
7.48992e+16
3.26435e+15
2.94423e+15
2.77092e+15
3.98608e+16
3.81535e+15
1.11308e+16
3.92406e+16
1.27654e+16
2.5726e+16
6.40932e+15
5.53329e+15
2.21669e+15
2.08292e+16
2.49476e+16
1.26491e+16
1.89139e+16
1.3779e+16
1.3747e+16
1.35611e+16
1.37806e+16
9.85234e+15
7.65692e+15
1.04767e+16
9.64292e+15
7.38127e+15
7.73829e+15
1.44444e+15
2.52113e+15
3.68358e+15
6.89493e+15
5.45544e+15
1.47475e+15
6.48369e+14
1.58608e+16
