1.09842e+17
2.27038e+17
1.0996e+17
9.21174e+16
2.73723e+17
2.53127e+17
2.5677e+17
5.71239e+16
5.09119e+16
7.087e+16
8.35926e+16
1.9796e+17
2.04627e+17
2.2441e+17
2.09108e+17
2.41472e+17
1.98255e+17
5.50365e+16
1.379e+17
1.77392e+17
1.69367e+17
2.58909e+17
2.29544e+17
5.48402e+16
7.51715e+16
6.621e+16
1.96412e+17
1.54336e+17
2.4461e+17
1.41018e+17
1.59567e+17
5.81936e+16
6.8888e+16
5.86884e+16
6.94516e+18
6.15032e+18
8.07893e+18
4.71088e+18
9.86155e+18
4.27181e+18
1.23498e+19
1.36717e+17
3.58908e+18
1.83615e+19
3.31128e+18
1.5451e+17
2.97453e+18
2.68687e+18
1.90045e+17
1.94853e+17
2.3442e+19
2.09039e+18
2.35001e+18
6.10523e+16
1.89824e+18
2.56386e+18
2.97261e+18
1.52529e+18
3.55986e+18
1.20953e+18
2.69326e+17
2.41818e+17
3.19517e+17
5.0153e+18
1.86759e+17
4.02209e+17
2.29001e+18
8.46561e+17
1.5917e+17
4.72151e+17
5.93991e+18
1.30206e+17
6.23917e+17
5.9747e+17
1.17037e+17
1.93853e+18
7.67906e+17
1.10838e+17
5.20727e+17
1.09378e+17
1.79054e+18
6.54257e+16
5.90032e+16
4.67388e+17
1.08646e+17
1.32288e+18
8.74896e+16
4.72105e+17
6.1752e+18
5.6341e+18
5.19561e+18
7.1264e+18
8.36654e+18
4.52657e+18
1.08314e+19
8.64254e+16
1.26847e+18
3.97559e+18
1.25924e+19
1.40325e+17
1.13865e+18
4.15082e+18
1.10623e+18
3.3102e+18
5.32587e+17
9.0091e+16
1.49156e+19
8.57028e+18
1.07043e+19
1.20017e+18
1.12044e+18
2.94441e+18
1.1313e+18
1.11599e+18
9.43064e+16
3.40373e+18
2.55997e+18
6.25656e+17
9.37577e+16
2.44147e+18
1.1676e+18
8.63589e+16
1.25011e+18
6.5948e+17
9.24535e+16
2.23242e+18
6.23871e+16
2.74325e+18
6.6866e+17
8.64791e+16
2.78987e+18
1.97464e+18
1.51555e+18
1.95587e+18
1.18211e+18
7.77757e+17
2.01978e+18
4.08442e+18
2.50529e+17
9.10922e+16
3.71287e+17
3.30342e+15
1.11543e+18
9.17167e+17
1.82069e+18
9.91132e+17
1.59534e+17
1.46121e+17
5.31264e+17
2.13495e+15
5.53485e+18
2.19415e+18
6.86192e+18
2.49039e+16
1.72462e+18
9.61039e+15
4.31939e+18
2.80043e+16
1.23458e+17
1.03862e+19
1.69542e+18
1.62921e+17
1.21764e+16
3.67656e+18
8.88518e+16
1.00748e+15
1.50074e+18
1.15871e+17
1.46086e+18
1.60046e+18
1.26701e+18
1.13008e+18
1.03071e+18
5.89899e+17
2.73827e+18
1.86475e+19
5.01186e+18
9.49711e+16
1.56278e+17
3.77753e+18
2.98335e+18
2.37046e+18
1.19002e+18
1.30783e+18
2.75529e+17
3.23429e+17
2.37394e+17
9.06724e+17
3.91197e+18
1.1655e+18
1.0185e+17
2.32667e+18
1.73757e+17
2.9071e+18
4.65724e+17
5.2712e+17
3.44219e+17
6.38263e+17
1.16568e+18
1.56863e+17
9.70576e+16
4.12504e+18
2.47245e+18
1.6929e+18
6.31914e+16
5.58702e+16
9.66879e+16
1.4298e+17
1.25584e+18
1.26435e+18
1.25117e+18
1.0055e+16
1.7221e+16
1.95479e+18
9.88527e+17
8.40546e+17
7.65778e+17
1.49397e+18
1.3545e+17
1.64091e+18
1.35538e+18
4.81746e+18
4.61903e+18
4.04363e+18
3.46901e+18
3.5507e+18
3.05529e+18
5.01885e+18
5.46094e+16
2.62163e+16
5.56982e+18
7.72272e+18
6.36739e+15
6.00517e+16
1.23796e+18
3.70562e+18
3.1613e+18
6.97789e+18
8.88224e+18
9.89488e+17
1.10672e+18
6.55158e+17
1.13828e+17
1.68047e+18
8.72894e+18
3.49352e+18
1.5166e+17
1.75592e+17
1.65121e+17
1.01647e+17
9.04934e+16
4.46564e+18
1.71491e+15
2.35944e+15
8.24569e+15
1.02734e+15
1.45284e+18
1.12695e+17
6.15185e+15
2.46642e+18
1.14789e+18
6.0176e+18
7.91989e+18
1.05898e+16
2.19939e+18
1.50842e+17
4.85626e+17
8.4725e+17
6.19534e+17
2.1867e+15
1.07424e+15
2.81886e+18
5.97299e+15
1.64001e+17
2.03122e+18
1.75254e+17
2.69545e+17
2.34281e+17
2.22087e+17
2.21619e+17
1.84983e+17
2.06434e+17
1.73361e+17
1.91453e+17
9.38434e+17
8.59355e+17
1.14309e+17
1.64355e+18
2.24715e+17
1.30592e+18
3.30027e+15
1.65736e+16
1.14361e+18
2.57099e+15
2.38697e+17
2.03688e+17
9.16673e+17
1.68757e+18
2.0736e+18
1.82018e+18
6.56702e+16
5.37506e+16
1.61233e+17
1.54172e+17
6.72577e+16
7.45881e+16
5.46633e+16
9.91108e+16
7.74052e+16
6.58888e+16
5.89996e+16
1.41741e+17
1.16467e+17
1.00016e+17
8.89801e+16
8.40691e+16
6.8233e+16
1.62022e+17
1.51634e+17
1.32278e+17
8.81026e+16
1.28828e+18
2.15033e+16
1.70452e+15
8.87484e+15
1.4378e+16
4.59355e+15
1.7147e+16
1.71088e+15
6.55798e+15
3.57791e+15
3.12649e+15
1.85867e+16
1.79592e+16
2.0116e+16
2.26895e+16
2.26953e+16
1.76438e+16
6.63641e+15
1.01919e+16
1.53827e+16
1.63371e+16
1.60266e+16
1.50272e+16
1.82574e+16
2.1495e+16
1.62248e+16
9.45429e+15
1.3993e+16
1.62286e+16
1.78386e+16
1.84372e+16
1.74654e+16
1.16508e+16
1.51603e+16
7.51014e+15
8.80209e+15
1.13797e+16
7.00591e+15
3.76392e+16
3.79945e+16
4.65791e+16
5.3186e+16
5.5301e+16
2.72909e+16
2.64773e+16
2.96968e+16
2.50713e+16
2.58748e+16
3.16855e+16
3.2e+16
3.29542e+16
3.36412e+16
4.06784e+16
4.19741e+16
4.48213e+16
4.92904e+16
1.81733e+17
1.58384e+17
5.4904e+16
5.3813e+16
5.0871e+16
5.08255e+16
5.79042e+16
1.51531e+17
3.03711e+16
3.14455e+16
2.37336e+16
4.65918e+16
1.44846e+16
1.63007e+16
1.55052e+16
1.52282e+16
1.50881e+16
1.3885e+16
1.54117e+16
1.60781e+16
1.64452e+16
1.62093e+16
1.52825e+16
1.21729e+16
1.3727e+16
1.48939e+16
1.66856e+16
1.14736e+16
1.14111e+17
1.22209e+17
9.97673e+16
1.41405e+17
3.96222e+15
9.15985e+15
3.31378e+16
2.0505e+16
1.48034e+16
1.17168e+16
1.04571e+16
5.04395e+15
3.20531e+16
2.56719e+16
3.03082e+16
3.12283e+16
2.58319e+16
1.95722e+16
1.55746e+16
1.46903e+16
1.42425e+16
1.10224e+15
1.35553e+15
2.71693e+15
1.49163e+16
1.90313e+16
3.16798e+16
3.31407e+16
3.14583e+16
3.08393e+16
1.64777e+16
1.67857e+15
1.08531e+15
1.00417e+15
1.04005e+16
3.41926e+16
1.32463e+15
9.75556e+16
9.37303e+16
1.03822e+17
7.74377e+14
1.18996e+15
1.50782e+15
1.42566e+17
1.36025e+17
4.39924e+16
1.46677e+17
7.74715e+15
8.11517e+15
8.64982e+15
8.14891e+15
3.18531e+15
1.14633e+17
1.04333e+17
1.51553e+17
6.19895e+15
5.62825e+17
6.92563e+17
4.22729e+17
1.0686e+18
9.90267e+17
7.87214e+17
8.52066e+17
2.59885e+15
4.76095e+15
4.53531e+15
8.93172e+15
7.23199e+15
6.65415e+16
6.54734e+16
1.70931e+17
1.68101e+17
9.37643e+16
8.20795e+16
1.40206e+18
4.94758e+15
8.04651e+16
7.83089e+16
1.11508e+17
1.25623e+17
1.27588e+17
5.83578e+17
6.58148e+16
5.51342e+16
1.9944e+17
5.191e+15
8.82192e+15
6.33832e+15
1.05716e+16
3.19715e+16
2.35348e+16
2.81782e+16
4.73101e+16
4.35227e+16
4.00911e+16
3.35785e+16
5.10076e+15
4.86795e+15
3.00548e+15
2.9556e+16
2.2203e+16
1.80239e+16
1.50585e+16
6.15663e+16
6.35543e+16
3.0197e+17
1.01086e+16
7.32211e+15
4.04084e+15
5.09634e+15
6.20092e+15
7.38579e+15
1.10889e+16
1.58236e+16
1.72218e+16
1.96746e+16
7.11154e+16
7.12654e+16
7.10369e+16
6.63312e+16
5.62548e+16
5.67438e+16
9.46538e+16
1.26162e+17
1.17242e+17
7.69488e+16
6.91058e+16
7.75984e+16
2.83982e+17
2.24158e+17
9.04895e+16
2.54098e+17
2.49812e+17
2.79606e+17
2.14931e+17
1.55242e+16
1.65805e+16
4.47306e+16
4.77954e+16
1.86915e+16
1.7795e+16
3.22405e+17
4.11399e+17
3.47622e+17
4.74669e+17
4.2383e+17
1.85134e+16
1.26608e+16
1.31262e+16
1.35874e+17
1.29227e+17
1.42658e+17
9.63377e+15
9.29997e+15
3.9311e+15
2.22863e+15
9.06371e+15
9.45115e+15
8.07946e+15
6.42009e+15
5.1411e+15
3.66783e+15
1.97386e+17
1.61991e+17
2.36317e+16
2.15087e+17
2.04645e+15
9.86899e+14
2.13885e+16
1.60289e+16
1.97579e+16
2.50081e+16
1.27401e+16
1.37981e+16
1.59392e+16
1.56684e+15
1.53448e+15
1.44726e+15
2.49613e+15
1.43677e+15
1.84123e+15
2.69122e+16
1.32029e+16
1.1902e+16
1.02124e+16
1.31836e+16
1.14273e+16
1.32745e+16
1.47713e+16
1.20499e+16
2.16299e+16
5.70581e+15
9.19008e+16
6.77587e+15
8.94881e+14
1.03954e+17
4.58316e+15
5.20895e+15
7.00915e+15
4.70473e+15
6.42316e+15
6.94938e+15
3.57496e+15
3.86895e+15
6.1329e+15
4.48732e+15
1.67935e+16
1.71056e+16
1.28491e+15
1.98357e+15
3.28799e+16
2.97261e+15
1.00992e+15
1.49168e+16
2.34728e+16
2.65372e+16
3.30461e+16
2.9735e+16
2.9307e+16
2.4212e+16
8.9694e+15
2.13382e+16
1.19716e+16
6.56793e+15
8.29915e+15
5.6086e+15
9.16099e+15
9.61564e+15
7.43872e+16
4.30641e+15
1.07395e+17
1.29382e+17
1.01505e+17
1.92522e+16
3.24217e+16
5.99466e+16
5.65038e+16
6.83639e+16
6.94534e+16
6.37856e+16
5.72808e+16
5.68755e+16
5.27752e+16
2.52417e+16
3.60601e+16
6.85941e+15
1.10735e+16
1.66872e+16
1.53247e+16
3.85189e+16
1.82675e+16
2.05647e+16
1.93889e+16
3.61363e+16
4.27327e+16
4.59011e+16
4.08216e+16
1.56297e+15
1.50522e+15
3.28297e+16
1.76466e+16
1.05129e+16
1.10417e+16
9.5272e+15
9.38056e+15
1.86473e+16
1.04207e+16
1.11486e+16
1.97229e+16
1.86785e+16
1.74741e+16
1.82249e+16
2.44546e+16
2.26003e+16
2.19727e+16
2.28551e+16
1.74996e+16
1.26517e+16
1.4391e+16
1.94461e+16
1.78555e+16
1.60291e+16
2.28657e+16
2.43902e+16
2.29452e+16
2.28605e+16
2.08843e+16
2.04616e+16
1.98831e+16
1.96538e+16
2.56729e+16
1.51215e+16
1.51414e+16
1.3418e+16
1.5154e+16
1.8144e+16
1.8201e+16
1.33295e+16
2.33757e+15
7.75047e+15
5.8199e+15
1.65237e+16
1.44417e+16
1.59364e+16
1.81845e+16
1.23931e+15
2.42071e+16
2.98258e+16
2.70241e+16
1.79049e+16
1.36957e+16
1.37175e+15
1.60171e+15
1.32511e+15
1.43045e+15
3.91702e+16
4.52552e+16
9.13538e+15
1.18264e+16
1.07236e+16
9.85021e+15
2.00717e+16
1.96888e+16
2.07639e+16
1.39586e+16
1.3929e+16
1.68596e+16
1.98862e+16
1.75232e+16
1.6684e+16
1.62264e+16
1.69044e+16
1.71953e+16
1.78467e+16
1.67291e+16
3.42305e+16
1.07315e+16
6.06477e+15
1.00483e+16
1.52049e+16
1.99636e+16
1.8485e+16
1.66409e+16
1.60633e+16
1.84275e+16
1.88044e+16
1.55163e+16
1.47038e+16
2.04265e+16
1.91737e+16
1.92868e+16
1.99246e+16
1.88551e+16
1.97772e+16
1.73741e+16
1.76277e+16
1.26621e+16
1.35588e+16
1.02928e+16
1.03046e+16
1.03609e+16
1.06188e+16
8.68462e+15
1.04394e+16
9.6763e+15
9.88883e+15
7.96665e+15
1.05667e+16
1.11262e+16
8.42162e+15
3.42508e+16
3.34001e+16
3.34218e+16
4.15323e+16
3.96328e+16
1.59646e+16
1.8892e+16
6.56181e+15
2.81517e+15
2.47447e+15
6.30383e+15
9.1838e+15
1.17692e+16
1.43529e+16
2.0694e+16
1.83475e+16
2.01734e+16
1.3118e+16
1.84883e+16
1.51435e+16
1.87529e+16
2.23302e+16
1.48975e+16
2.03302e+16
1.80413e+16
1.23659e+16
1.91108e+16
9.28942e+15
1.40727e+16
7.84044e+15
4.06919e+15
4.14657e+15
2.0821e+15
4.23197e+15
9.11543e+15
8.24452e+15
1.2061e+16
5.08276e+15
5.85174e+15
7.20775e+15
1.61894e+16
1.50502e+16
1.58381e+16
1.70079e+16
1.853e+16
1.9836e+16
2.24771e+16
2.22661e+16
2.29206e+16
2.37279e+16
2.84854e+16
2.96893e+16
2.54071e+16
2.24813e+16
1.92964e+16
2.18636e+16
1.97032e+16
1.81819e+16
1.67316e+16
1.63255e+16
2.45152e+16
3.04956e+16
3.11846e+16
2.99849e+16
2.84012e+16
2.47196e+16
2.4099e+16
2.21478e+16
1.51101e+16
1.76205e+16
1.58426e+16
1.48305e+16
1.10689e+16
2.04661e+16
1.84548e+16
3.1223e+16
2.81989e+16
3.5385e+16
3.15291e+16
3.68741e+16
3.1791e+16
2.77823e+16
2.95036e+16
1.47437e+16
1.09809e+16
2.99352e+16
4.2934e+15
9.99859e+15
2.12902e+16
2.4142e+16
2.75011e+16
2.59882e+16
2.79596e+16
2.86261e+16
2.99712e+16
3.09476e+16
2.02251e+16
2.14101e+16
2.29178e+16
2.54759e+16
2.36462e+16
2.74671e+16
1.76314e+16
2.29812e+16
1.53919e+16
1.27993e+16
5.34164e+15
2.55882e+16
2.67036e+16
2.92406e+16
3.03021e+16
1.30843e+16
1.75549e+16
2.20524e+16
2.5078e+16
2.41152e+16
1.97877e+16
1.71528e+16
1.25953e+16
1.49531e+16
9.843e+15
4.91409e+15
1.56242e+16
1.2331e+16
1.39226e+16
1.80669e+16
1.26909e+16
2.50583e+16
2.70938e+16
6.94529e+15
2.12002e+15
1.08274e+15
3.18693e+16
3.02378e+16
3.7297e+16
3.01599e+16
7.39869e+15
1.63394e+15
2.55108e+16
2.36441e+16
3.01423e+16
1.59227e+16
9.7201e+15
1.85139e+16
1.85824e+16
2.03237e+16
1.98385e+16
2.32072e+16
1.79713e+16
2.06381e+16
1.90202e+16
1.83854e+16
1.87793e+16
1.76982e+16
1.70742e+16
1.2846e+16
1.69656e+16
1.42321e+15
1.81327e+16
4.16139e+16
3.47413e+17
3.01663e+16
2.711e+16
2.52752e+16
2.02349e+16
1.86313e+16
2.81854e+16
7.66265e+16
8.07967e+16
8.61513e+16
2.38118e+15
7.63848e+15
7.8854e+15
1.46201e+16
1.50374e+16
2.81995e+16
3.1809e+16
1.76867e+15
1.26456e+15
1.49259e+15
2.01016e+16
4.21684e+15
1.65287e+15
1.23058e+16
1.38985e+16
1.72715e+16
1.52175e+16
1.4638e+16
3.44392e+16
1.54589e+15
1.21026e+16
3.15769e+16
8.39292e+15
2.10964e+16
7.14559e+15
1.21344e+16
4.96433e+15
1.52612e+15
6.62584e+15
1.05853e+16
5.86905e+15
6.30501e+15
7.55328e+15
7.91299e+15
7.45993e+15
6.49659e+15
4.30776e+16
4.50439e+16
5.28383e+16
4.80371e+16
1.51893e+16
1.53782e+16
1.03347e+16
1.32409e+16
1.34908e+16
1.90604e+16
2.02167e+16
1.33004e+16
1.69884e+16
1.26894e+16
3.37528e+15
3.07358e+15
9.2608e+15
8.37424e+15
9.89354e+16
7.50953e+16
9.22561e+16
4.66491e+15
1.22023e+16
2.64338e+16
2.59469e+15
1.42715e+16
1.6184e+16
1.22045e+16
1.51164e+16
6.34074e+15
1.35768e+16
1.80887e+16
2.0895e+16
2.32722e+16
1.1515e+16
4.83136e+15
8.01961e+14
6.76304e+15
1.70366e+16
9.77495e+15
4.67045e+16
1.16861e+17
5.19167e+15
6.86195e+15
1.53261e+16
9.8506e+15
1.49135e+16
1.59245e+16
1.03753e+16
1.3978e+16
7.70971e+15
9.51646e+15
8.63658e+15
1.0196e+16
1.11444e+16
9.05316e+15
4.79473e+15
6.3296e+15
1.45376e+16
8.36292e+15
1.34934e+16
1.1159e+16
1.09639e+16
4.74548e+15
3.95491e+15
5.23075e+15
5.20862e+15
4.28963e+15
2.03689e+19
1.62197e+19
1.29147e+19
1.26294e+19
1.1248e+19
9.89434e+18
9.33305e+18
8.35084e+18
7.27633e+18
6.49208e+18
6.23402e+18
5.53327e+18
4.69749e+18
4.33649e+18
3.98639e+18
3.81076e+18
3.40463e+18
3.10908e+18
3.07548e+18
2.84759e+18
3.0176e+18
2.71997e+18
2.58299e+18
2.41924e+18
2.41191e+18
2.21939e+18
2.1661e+18
2.02771e+18
1.8607e+18
1.7991e+18
1.62311e+18
1.43723e+18
1.24312e+18
1.23442e+18
1.03905e+18
1.16497e+18
1.06602e+18
9.9226e+17
9.85601e+17
9.92668e+17
9.60527e+17
1.01866e+18
1.01762e+18
1.03176e+18
1.14067e+18
1.09717e+18
9.94629e+17
9.41739e+17
9.96074e+11
1.35626e+12
1.16745e+12
1.01665e+12
5.60205e+12
3.52668e+12
5.84671e+13
1.54656e+13
4.05003e+12
2.68976e+13
5.25396e+13
1.03023e+13
7.76037e+12
8.55719e+12
1.24586e+12
4.48259e+12
9.82544e+11
1.27959e+12
1.60335e+13
2.95031e+12
9.40181e+11
9.9625e+11
1.03563e+12
8.65017e+11
1.06504e+12
9.48031e+11
9.60025e+11
8.82979e+11
8.04344e+11
7.88487e+11
9.99758e+11
8.6138e+11
1.10053e+12
1.0957e+12
1.19503e+12
9.78193e+11
1.08645e+12
1.09783e+12
9.32563e+11
7.88179e+11
7.90771e+11
1.00452e+12
1.12035e+12
8.4573e+11
1.23031e+12
2.96147e+12
9.38714e+13
1.51337e+13
2.45812e+13
1.94549e+12
1.06947e+13
5.82675e+13
4.14779e+13
6.39343e+13
2.54953e+14
8.04659e+13
6.36172e+13
1.03107e+14
2.98945e+13
5.44321e+13
5.8662e+13
3.20803e+13
6.37541e+13
1.25058e+14
4.02119e+13
7.63397e+13
7.01065e+13
4.68372e+13
4.44993e+13
4.65448e+13
7.23561e+13
9.46075e+13
7.59803e+13
6.74763e+13
3.78596e+13
5.06139e+13
2.78689e+13
1.68924e+13
1.49838e+14
8.87732e+13
5.1503e+13
8.76142e+13
3.5476e+13
5.15624e+13
3.76379e+13
2.74202e+13
4.02166e+13
3.92589e+12
4.26971e+12
1.63554e+12
9.53877e+11
7.79497e+11
9.22791e+11
9.05128e+11
1.12192e+12
7.79064e+11
1.01897e+18
1.05307e+18
1.10408e+18
1.15953e+18
1.20949e+18
1.18023e+18
1.16567e+18
1.13078e+18
1.12701e+18
1.01685e+18
7.73281e+17
8.05244e+17
7.20915e+17
7.31417e+17
5.68158e+17
5.00028e+17
3.5719e+17
4.07435e+17
3.98976e+17
4.24653e+17
3.64534e+17
3.63923e+17
2.87606e+17
3.59259e+17
3.85032e+17
4.33508e+17
4.2336e+17
4.47337e+17
6.21945e+17
8.17729e+17
1.08535e+18
1.14245e+18
1.29811e+18
1.40493e+18
1.61868e+18
1.59188e+18
1.6926e+18
1.88243e+18
2.14353e+18
2.15645e+18
2.46675e+18
2.77376e+18
3.34907e+18
3.70075e+18
4.8045e+18
5.44432e+18
8.2633e+18
1.19668e+19
2.12083e+19
1.73564e+19
1.41661e+19
1.31467e+19
1.18693e+19
1.10679e+19
1.01883e+19
9.10065e+18
7.06569e+18
6.92586e+18
5.88091e+18
5.63532e+18
4.78725e+18
4.47052e+18
4.31551e+18
3.85672e+18
3.48544e+18
3.40821e+18
3.12537e+18
2.9698e+18
2.83645e+18
2.80251e+18
2.6141e+18
2.29227e+18
2.33733e+18
2.18071e+18
2.13269e+18
2.09571e+18
1.92276e+18
1.84239e+18
1.56791e+18
1.48383e+18
1.16978e+18
1.1466e+18
1.05253e+18
9.5008e+17
9.38957e+17
9.8615e+17
9.48212e+17
9.53872e+17
9.97793e+17
9.95545e+17
9.74473e+17
9.92453e+17
1.04026e+18
1.0401e+18
1.02208e+18
1.03768e+18
1.02571e+12
9.37519e+11
1.2308e+12
1.48668e+12
5.61701e+12
3.93959e+12
5.39417e+13
4.51311e+13
3.8367e+12
3.2736e+13
2.7293e+13
1.08933e+13
2.52133e+13
1.34998e+13
1.3629e+12
4.58234e+12
1.2821e+12
1.33433e+12
1.60254e+13
3.71358e+12
1.45904e+12
1.21201e+12
1.21156e+12
1.11487e+12
1.14303e+12
1.15805e+12
1.19714e+12
1.07099e+12
1.15408e+12
1.0058e+12
1.18715e+12
1.16901e+12
1.28504e+12
1.40507e+12
1.40367e+12
1.1886e+12
1.37346e+12
1.08029e+12
1.23039e+12
9.63817e+11
1.01572e+12
1.02804e+12
1.16524e+12
1.11239e+12
1.2298e+12
3.03131e+12
1.53777e+14
2.26863e+14
2.00564e+13
2.00904e+12
1.14163e+13
5.76619e+13
7.62815e+13
7.30447e+13
9.84932e+13
1.12362e+14
8.82538e+13
8.98844e+13
2.96918e+13
5.20252e+13
6.91842e+13
9.7643e+13
5.0861e+13
1.37507e+14
5.02508e+13
7.67832e+13
8.30828e+13
5.1075e+13
4.5031e+13
3.82322e+13
8.15324e+13
5.17294e+13
1.18905e+14
9.42491e+13
4.19523e+13
5.25882e+13
2.93142e+13
6.82081e+13
1.41643e+14
1.10328e+14
5.84403e+13
9.22827e+13
4.79058e+13
6.39933e+13
3.92738e+13
2.50729e+13
8.51966e+13
3.33298e+13
3.89306e+12
1.63593e+12
1.15832e+12
1.0572e+12
9.13479e+11
1.21451e+12
7.40416e+11
8.70228e+11
1.04857e+18
1.02799e+18
1.05554e+18
1.12042e+18
1.15127e+18
1.18291e+18
1.14948e+18
1.07906e+18
1.01812e+18
9.85216e+17
8.26527e+17
7.23519e+17
6.00443e+17
6.24837e+17
4.97567e+17
5.22397e+17
3.55485e+17
4.04451e+17
3.16496e+17
3.31534e+17
3.02839e+17
2.92848e+17
2.98863e+17
3.05174e+17
3.20719e+17
3.19478e+17
3.26897e+17
4.87121e+17
6.66154e+17
8.51166e+17
1.02882e+18
1.11826e+18
1.25002e+18
1.44187e+18
1.51588e+18
1.62836e+18
1.68705e+18
1.69645e+18
2.05777e+18
2.1937e+18
2.39999e+18
2.64151e+18
3.36696e+18
3.67543e+18
4.93718e+18
5.70975e+18
8.68649e+18
1.66955e+19
2.17433e+19
1.87347e+19
1.48575e+19
1.41135e+19
1.26162e+19
1.15842e+19
9.80089e+18
8.90422e+18
7.34648e+18
6.82112e+18
5.88984e+18
5.37131e+18
4.74972e+18
4.49124e+18
4.05272e+18
3.89824e+18
3.40942e+18
3.20494e+18
3.04575e+18
3.08864e+18
2.89629e+18
2.86215e+18
2.39057e+18
2.32318e+18
2.22395e+18
2.19558e+18
2.02563e+18
2.0458e+18
1.73418e+18
1.77707e+18
1.4944e+18
1.43935e+18
1.11618e+18
1.11327e+18
1.08368e+18
1.0143e+18
8.80348e+17
8.95243e+17
8.73102e+17
8.7073e+17
9.0053e+17
8.97653e+17
8.92431e+17
9.07784e+17
9.8196e+17
9.39568e+17
9.61205e+17
9.73026e+17
1.38642e+12
1.35255e+12
1.29815e+12
1.3841e+12
5.04199e+12
4.41915e+12
3.05888e+13
6.28464e+13
9.6076e+12
3.72126e+13
2.24442e+13
1.14214e+13
2.66237e+13
1.27115e+13
1.6064e+12
4.89537e+12
1.28354e+12
1.49605e+12
1.60121e+13
4.55195e+12
3.32895e+13
2.98481e+13
1.44138e+12
1.37567e+12
1.16495e+12
1.38257e+12
1.24937e+12
1.17879e+12
1.35954e+12
1.44497e+12
1.20278e+12
1.29201e+12
1.48808e+12
1.6061e+12
1.45542e+12
1.46363e+12
1.35269e+12
1.29254e+12
1.55026e+12
1.33449e+12
1.43252e+12
1.30162e+12
1.33061e+12
1.31363e+12
1.27287e+12
2.93884e+12
8.50794e+13
6.45591e+13
2.44303e+13
1.37658e+13
1.18514e+13
5.72614e+13
5.26904e+13
8.62821e+13
1.04344e+14
1.11839e+14
6.62013e+13
8.61017e+13
2.91544e+13
5.7045e+13
6.60563e+13
9.87511e+13
4.18157e+13
1.2525e+14
6.4951e+13
9.11751e+13
8.74944e+13
4.63434e+13
4.48135e+13
3.64573e+13
1.04927e+14
5.14908e+13
7.46735e+13
1.60806e+14
5.09199e+13
5.45917e+13
3.59652e+13
9.34594e+13
1.29471e+14
1.249e+14
7.77545e+13
1.11243e+14
6.85309e+13
5.47695e+13
5.63788e+13
2.60869e+13
1.88654e+14
8.54758e+13
7.71661e+12
1.5611e+12
1.19194e+12
1.13238e+12
1.30374e+12
1.1357e+12
1.23189e+12
9.86808e+11
1.05699e+18
9.36055e+17
8.72937e+17
9.69136e+17
9.89347e+17
1.06349e+18
1.02818e+18
9.82553e+17
8.54565e+17
8.78404e+17
7.51446e+17
6.78993e+17
5.39804e+17
5.5319e+17
4.99956e+17
4.87084e+17
3.74686e+17
3.49337e+17
2.78814e+17
2.88511e+17
2.47915e+17
2.86891e+17
2.41349e+17
2.3207e+17
2.49783e+17
2.84714e+17
3.15565e+17
3.71103e+17
6.40139e+17
8.34699e+17
9.32433e+17
1.03847e+18
1.11122e+18
1.32801e+18
1.41195e+18
1.54588e+18
1.80997e+18
1.76866e+18
1.85309e+18
2.05893e+18
2.47959e+18
2.78869e+18
3.49788e+18
3.86574e+18
5.11512e+18
6.24561e+18
9.51487e+18
1.83756e+19
2.10977e+19
1.91812e+19
1.6087e+19
1.48192e+19
1.31217e+19
1.19748e+19
9.7689e+18
8.86825e+18
7.33168e+18
6.65654e+18
5.7178e+18
5.09111e+18
4.57525e+18
4.25679e+18
3.85817e+18
3.67439e+18
3.43164e+18
3.21451e+18
3.1773e+18
2.92673e+18
2.59639e+18
2.73077e+18
2.35842e+18
2.25324e+18
1.99422e+18
2.07575e+18
1.85056e+18
1.84194e+18
1.69557e+18
1.65054e+18
1.42108e+18
1.29654e+18
1.03503e+18
9.80719e+17
9.50196e+17
9.85437e+17
8.40044e+17
9.19347e+17
8.04036e+17
7.97427e+17
8.16456e+17
7.8393e+17
8.11269e+17
8.15879e+17
9.4222e+17
1.00638e+18
9.1599e+17
8.71952e+17
1.38023e+12
1.13645e+12
1.30481e+12
1.09116e+12
4.77293e+12
4.32994e+12
3.67841e+13
8.09e+13
3.73506e+13
3.96526e+13
2.21038e+13
1.19636e+13
4.05657e+13
3.38145e+13
1.60461e+13
8.95788e+12
1.41743e+12
1.64784e+12
2.95131e+13
7.92378e+12
3.00682e+13
3.34463e+13
1.34075e+12
1.31149e+12
1.33413e+12
1.53026e+12
1.6511e+12
1.41936e+12
1.49543e+12
1.42318e+12
1.35659e+12
1.33283e+12
1.48695e+12
1.46394e+12
1.79864e+12
1.4977e+12
1.44158e+12
1.30664e+12
1.45633e+12
1.50074e+12
1.60835e+12
1.64368e+12
1.53126e+12
1.44554e+12
1.53239e+12
3.10553e+12
1.01869e+14
6.78389e+13
2.39015e+13
1.43529e+13
2.19861e+13
5.63647e+13
5.83514e+13
1.02905e+14
1.30124e+14
1.18655e+14
6.95055e+13
7.7445e+13
3.71398e+13
6.03521e+13
1.3625e+14
1.03199e+14
4.0012e+13
8.42435e+13
9.64116e+13
1.09934e+14
8.38918e+13
4.58807e+13
4.59096e+13
6.63962e+13
6.59066e+13
5.88533e+13
6.61698e+13
1.4376e+14
1.43304e+14
6.26776e+13
1.13285e+14
1.90052e+14
1.32672e+14
1.23522e+14
9.01709e+13
1.09002e+14
9.73747e+13
1.18584e+14
5.60598e+13
8.37543e+13
5.70363e+13
3.92052e+13
2.57355e+12
1.47609e+12
1.47448e+12
1.39361e+12
1.43666e+12
1.44413e+12
1.50169e+12
1.94033e+12
9.61997e+17
9.15069e+17
8.24324e+17
9.43388e+17
9.08878e+17
9.03201e+17
8.72174e+17
8.95384e+17
6.97202e+17
7.91153e+17
6.64515e+17
6.47278e+17
4.95892e+17
4.9333e+17
4.63258e+17
4.11248e+17
3.11276e+17
2.76568e+17
2.53109e+17
2.56893e+17
2.39059e+17
2.21013e+17
1.98691e+17
2.23863e+17
2.05778e+17
2.31476e+17
3.0428e+17
3.30208e+17
5.81299e+17
8.1203e+17
9.01312e+17
9.35207e+17
1.01851e+18
1.19961e+18
1.36099e+18
1.3829e+18
1.62433e+18
1.6264e+18
1.79518e+18
2.05577e+18
2.26314e+18
2.68255e+18
3.44861e+18
3.85441e+18
5.26901e+18
6.30402e+18
1.03172e+19
1.97084e+19
2.24318e+19
2.09376e+19
1.74292e+19
1.60486e+19
1.37105e+19
1.21949e+19
9.80023e+18
8.65701e+18
6.87213e+18
6.19757e+18
5.24262e+18
5.15273e+18
4.12348e+18
3.9836e+18
3.65113e+18
3.51329e+18
3.07549e+18
3.18615e+18
2.83352e+18
2.74515e+18
2.3619e+18
2.43194e+18
2.21161e+18
2.1909e+18
1.87383e+18
1.76373e+18
1.53558e+18
1.52129e+18
1.62984e+18
1.52818e+18
1.22134e+18
1.16957e+18
9.18031e+17
8.40728e+17
7.92541e+17
8.17936e+17
6.64257e+17
7.40234e+17
7.23311e+17
7.7644e+17
7.50736e+17
7.98855e+17
7.71266e+17
8.01127e+17
7.20715e+17
8.15604e+17
8.04654e+17
8.64091e+17
4.03971e+13
1.33641e+12
1.51615e+12
1.48595e+12
4.8519e+12
4.51747e+12
3.33564e+13
6.9526e+13
1.20585e+13
4.48038e+13
2.15381e+13
1.3597e+13
7.16273e+13
3.45788e+13
1.60233e+13
4.75768e+13
1.5022e+14
1.28657e+14
2.91117e+13
8.28194e+12
6.07438e+12
9.09464e+12
1.56868e+12
1.28353e+12
1.63472e+12
1.66918e+12
1.47661e+12
1.45499e+12
1.50949e+12
1.62163e+12
1.76731e+12
1.71596e+12
1.62528e+12
1.50391e+12
1.62506e+12
1.52984e+12
1.52245e+12
1.4218e+12
1.54626e+12
1.57173e+12
1.62918e+12
1.65929e+12
1.82771e+12
1.60802e+12
5.48817e+12
5.04343e+12
1.06908e+14
1.36383e+14
2.34805e+13
1.50239e+13
6.98053e+13
8.09815e+13
5.58766e+13
1.08202e+14
1.47931e+14
1.43106e+14
7.02093e+13
7.63985e+13
5.26849e+13
6.38531e+13
1.45153e+14
9.95455e+13
5.46842e+13
6.29767e+13
1.15367e+14
1.33411e+14
6.84829e+13
5.36653e+13
4.95688e+13
6.40141e+13
6.36447e+13
6.22558e+13
6.55185e+13
8.30659e+13
2.64873e+14
1.99769e+14
1.75757e+14
2.98858e+14
1.36684e+14
1.81656e+14
1.23843e+14
1.21794e+14
1.22911e+14
1.86186e+14
2.45086e+14
6.37964e+13
1.00251e+14
3.77262e+13
1.77799e+12
1.75208e+12
1.5957e+12
1.43014e+12
1.51776e+12
1.62965e+12
1.73617e+12
1.32776e+12
7.80226e+17
7.56855e+17
6.93689e+17
7.27262e+17
7.68261e+17
8.5142e+17
7.91347e+17
7.80635e+17
6.12213e+17
6.22868e+17
5.92738e+17
5.77652e+17
4.1821e+17
3.86593e+17
3.58272e+17
3.62433e+17
2.48136e+17
2.644e+17
1.99575e+17
2.5372e+17
2.17606e+17
2.08183e+17
2.02943e+17
1.83969e+17
1.89584e+17
1.92731e+17
2.57799e+17
3.23666e+17
5.41611e+17
7.95058e+17
8.09995e+17
9.05121e+17
1.01303e+18
1.14995e+18
1.29654e+18
1.35902e+18
1.59342e+18
1.64322e+18
1.72333e+18
1.87184e+18
2.22196e+18
2.47454e+18
3.24727e+18
3.72466e+18
5.41721e+18
6.51085e+18
1.08007e+19
1.90281e+19
2.43428e+19
2.25365e+19
1.85414e+19
1.69545e+19
1.35848e+19
1.21173e+19
9.36823e+18
8.37859e+18
6.1779e+18
5.89243e+18
4.75493e+18
4.81991e+18
3.90506e+18
3.71964e+18
3.29444e+18
3.24324e+18
2.71256e+18
2.79916e+18
2.50423e+18
2.31397e+18
2.1613e+18
2.23256e+18
1.83872e+18
1.92319e+18
1.62805e+18
1.6239e+18
1.40349e+18
1.44282e+18
1.30752e+18
1.31869e+18
9.39597e+17
9.28824e+17
7.3571e+17
6.88736e+17
7.04344e+17
7.68652e+17
6.06111e+17
5.98386e+17
6.3075e+17
6.3864e+17
5.90534e+17
6.70609e+17
6.9643e+17
7.18494e+17
6.48484e+17
6.9355e+17
6.6045e+17
7.66743e+17
5.02533e+13
5.75011e+13
4.31245e+13
1.85156e+12
4.83358e+12
4.7392e+12
3.22563e+13
4.92382e+13
3.35661e+13
2.91785e+13
4.68387e+13
7.0855e+13
5.42714e+13
2.95545e+13
5.21143e+13
5.50753e+13
5.39833e+13
1.13707e+14
2.89864e+13
9.17272e+12
5.80075e+12
8.30976e+12
1.66506e+12
1.49074e+12
1.63131e+12
1.70734e+12
1.76424e+12
1.65946e+12
1.6141e+12
1.52733e+12
1.73803e+12
1.88045e+12
1.65387e+12
1.7367e+12
1.75279e+12
1.67254e+12
1.50198e+12
1.70341e+12
1.60128e+12
2.08389e+12
1.6922e+12
1.73144e+12
1.86145e+12
1.85885e+12
5.05536e+12
2.68992e+13
9.5203e+13
1.48542e+14
2.19461e+13
9.37064e+12
6.76517e+13
8.44453e+13
5.88275e+13
1.65554e+14
1.50797e+14
1.31027e+14
8.00006e+13
7.61148e+13
9.00564e+13
1.01113e+14
2.07487e+14
1.24293e+14
5.33825e+13
6.35714e+13
1.12697e+14
1.38126e+14
9.03292e+13
5.44156e+13
8.38733e+13
8.68889e+13
8.6322e+13
6.61439e+13
6.51798e+13
6.943e+13
2.60827e+14
2.59712e+14
1.57834e+14
2.69806e+14
1.60225e+14
2.02463e+14
1.41513e+14
1.22911e+14
1.82142e+14
1.77445e+14
9.03444e+13
1.39478e+14
8.58438e+13
3.61228e+13
7.68395e+12
2.7466e+12
1.61295e+12
1.61261e+12
1.78905e+12
1.64134e+12
1.4866e+12
1.32784e+12
6.34629e+17
6.10061e+17
5.49756e+17
6.20699e+17
5.64321e+17
6.72391e+17
6.10837e+17
6.42707e+17
5.42649e+17
5.62475e+17
4.59202e+17
5.15564e+17
3.68952e+17
3.41201e+17
2.76421e+17
3.36683e+17
2.36824e+17
2.10093e+17
1.8208e+17
1.84108e+17
1.90589e+17
1.80427e+17
1.49051e+17
1.56007e+17
1.58464e+17
1.59388e+17
2.32538e+17
2.97869e+17
5.06607e+17
7.03892e+17
7.97535e+17
9.03752e+17
9.76528e+17
1.06039e+18
1.13646e+18
1.28151e+18
1.44846e+18
1.61867e+18
1.67207e+18
1.79169e+18
2.19554e+18
2.49542e+18
2.7328e+18
3.4858e+18
5.05643e+18
6.84792e+18
1.17146e+19
1.94772e+19
2.66836e+19
2.46805e+19
1.97996e+19
1.72379e+19
1.31868e+19
1.16526e+19
8.55344e+18
7.65334e+18
5.43807e+18
5.36883e+18
4.45912e+18
4.36273e+18
3.53608e+18
3.30027e+18
2.79221e+18
2.94154e+18
2.50313e+18
2.54864e+18
2.18316e+18
2.14658e+18
1.84256e+18
1.83332e+18
1.64294e+18
1.75172e+18
1.36181e+18
1.41922e+18
1.16354e+18
1.12607e+18
1.08177e+18
1.11457e+18
8.79073e+17
8.04854e+17
5.98973e+17
6.44113e+17
5.73431e+17
5.57672e+17
4.25113e+17
4.78657e+17
4.86595e+17
5.22027e+17
4.80097e+17
5.5658e+17
5.22751e+17
5.53935e+17
5.05495e+17
5.27955e+17
4.85377e+17
5.95202e+17
3.38304e+12
2.17957e+13
3.28551e+13
1.7245e+13
1.22923e+13
4.67453e+12
7.07933e+13
5.41536e+13
3.02757e+13
3.40268e+13
7.87694e+13
1.53491e+14
5.1642e+13
2.91148e+13
2.18112e+14
1.37254e+14
5.90218e+13
3.41132e+13
4.54926e+13
1.29751e+13
8.57492e+12
8.93223e+12
1.75495e+12
1.73534e+12
1.71173e+12
1.93612e+12
1.81969e+12
1.79526e+12
1.8815e+12
1.56789e+12
1.82398e+12
1.89231e+12
1.77136e+12
1.71655e+12
1.79712e+12
1.58637e+12
1.61838e+12
1.45847e+12
1.78513e+12
1.82293e+12
1.86878e+12
1.85492e+12
2.05103e+12
1.62427e+12
5.85685e+12
5.51753e+13
5.33212e+13
1.8297e+14
2.33034e+13
5.95346e+12
6.39498e+13
8.76887e+13
6.56473e+13
1.46325e+14
1.68853e+14
1.61092e+14
6.99926e+13
9.18303e+13
9.20759e+13
1.01165e+14
1.89061e+14
1.13271e+14
1.04281e+14
9.35575e+13
1.12883e+14
1.44271e+14
9.11438e+13
6.81792e+13
8.83142e+13
1.01127e+14
5.24632e+13
1.66305e+14
5.76683e+13
6.03848e+13
2.62214e+14
2.53743e+14
1.75643e+14
1.81801e+14
2.40008e+14
1.93094e+14
1.61265e+14
1.31622e+14
3.66094e+14
2.78681e+14
1.2478e+14
9.83455e+13
7.80869e+13
3.16832e+13
1.40287e+13
1.25597e+13
1.40089e+12
1.56952e+12
2.12659e+12
1.69045e+12
1.45266e+12
1.92587e+12
4.27161e+17
4.97779e+17
4.07452e+17
4.73123e+17
4.29774e+17
4.62038e+17
4.29674e+17
4.60614e+17
4.46073e+17
4.28951e+17
3.61819e+17
3.86545e+17
3.07698e+17
2.99357e+17
2.3145e+17
2.10959e+17
2.1544e+17
1.93804e+17
1.75675e+17
1.59e+17
1.56721e+17
1.54018e+17
1.16131e+17
1.20286e+17
1.27816e+17
1.62918e+17
1.62891e+17
2.65296e+17
5.14769e+17
6.39064e+17
6.63916e+17
7.95692e+17
9.49118e+17
9.86901e+17
1.02529e+18
1.15872e+18
1.43341e+18
1.4362e+18
1.53987e+18
1.64528e+18
1.92691e+18
2.28677e+18
2.64784e+18
3.09709e+18
5.35406e+18
6.7326e+18
1.27374e+19
2.11245e+19
2.89356e+19
2.61409e+19
2.02174e+19
1.75117e+19
1.24295e+19
1.12521e+19
7.92578e+18
6.89184e+18
5.1383e+18
4.7105e+18
3.87784e+18
3.71164e+18
2.99581e+18
2.93703e+18
2.34988e+18
2.42247e+18
1.99932e+18
2.10931e+18
1.69097e+18
1.767e+18
1.48122e+18
1.59186e+18
1.40493e+18
1.44785e+18
1.13091e+18
1.14701e+18
9.30398e+17
9.90969e+17
7.66602e+17
9.10539e+17
6.53494e+17
5.9676e+17
4.56748e+17
4.4956e+17
3.93124e+17
3.8168e+17
3.32803e+17
3.57002e+17
3.44275e+17
3.91264e+17
3.77394e+17
4.2637e+17
3.61407e+17
3.73488e+17
3.68866e+17
4.42871e+17
3.64953e+17
4.39295e+17
2.22629e+12
1.70311e+12
2.04747e+13
2.53602e+13
1.05685e+13
6.54516e+12
6.28497e+13
2.36386e+14
2.91307e+13
2.76338e+13
1.12659e+14
1.12966e+14
9.24656e+13
1.73793e+14
8.27255e+13
1.26161e+14
6.39572e+13
2.95499e+13
4.64045e+13
1.32199e+13
5.44536e+13
1.11765e+13
1.8273e+12
1.66523e+12
1.72831e+12
1.88257e+12
1.90806e+12
1.9902e+12
1.89246e+12
1.76251e+12
1.86712e+12
1.89733e+12
1.58002e+12
1.9534e+12
1.8224e+12
1.67219e+12
1.80671e+12
1.6492e+12
1.60193e+12
1.81751e+12
1.98039e+12
1.92975e+12
1.91607e+12
1.76523e+12
7.00978e+12
5.45549e+13
9.5161e+13
1.91367e+14
2.2968e+13
8.37245e+12
4.08905e+13
9.02317e+13
7.10653e+13
1.43435e+14
1.97885e+14
3.26233e+14
9.09662e+13
5.71135e+13
1.16136e+14
1.12012e+14
1.6924e+14
1.18447e+14
1.03331e+14
1.47955e+14
1.28249e+14
1.59972e+14
9.16839e+13
6.73622e+13
8.86952e+13
1.00384e+14
7.2361e+13
1.18213e+14
6.34527e+13
1.37899e+14
1.5493e+14
2.3378e+14
1.87705e+14
2.7171e+14
2.35517e+14
2.70768e+14
1.82818e+14
1.57103e+14
2.45323e+14
3.71792e+14
1.58462e+14
1.1989e+14
9.75791e+13
3.96294e+13
1.81116e+13
1.21284e+13
2.07718e+12
1.87414e+12
1.63427e+12
2.17991e+12
2.05369e+12
2.13324e+12
3.51629e+17
3.72238e+17
2.93546e+17
3.4069e+17
3.10224e+17
3.44572e+17
2.98787e+17
3.46266e+17
3.2988e+17
3.5116e+17
2.85948e+17
2.87277e+17
2.44494e+17
2.20483e+17
2.03859e+17
1.98757e+17
1.59735e+17
1.5882e+17
1.28118e+17
1.51353e+17
1.18324e+17
1.26115e+17
1.0173e+17
1.05423e+17
1.11106e+17
1.53842e+17
1.62975e+17
2.3052e+17
4.36127e+17
5.3763e+17
5.81099e+17
6.78915e+17
7.81198e+17
9.22685e+17
9.91844e+17
1.04456e+18
1.26443e+18
1.34393e+18
1.40549e+18
1.4717e+18
1.65219e+18
2.01741e+18
2.67677e+18
3.13446e+18
5.17776e+18
7.03218e+18
1.39881e+19
2.25045e+19
3.17136e+19
2.74408e+19
2.11402e+19
1.78618e+19
1.19158e+19
1.03006e+19
6.87934e+18
6.06568e+18
4.27968e+18
3.98931e+18
3.1159e+18
2.95342e+18
2.44784e+18
2.44143e+18
2.01196e+18
1.98606e+18
1.69752e+18
1.74024e+18
1.3667e+18
1.3444e+18
1.05932e+18
1.19444e+18
1.03795e+18
1.12592e+18
8.19811e+17
8.77125e+17
6.98939e+17
7.33741e+17
5.58724e+17
6.28751e+17
4.8129e+17
4.79042e+17
3.27592e+17
3.25857e+17
2.57842e+17
2.67975e+17
2.29691e+17
2.4303e+17
2.30005e+17
2.54902e+17
2.4723e+17
2.5364e+17
2.34628e+17
2.71906e+17
2.32251e+17
2.98518e+17
2.15619e+17
2.61391e+17
1.94647e+12
1.66888e+12
1.12553e+13
3.26628e+13
1.04543e+13
8.78028e+12
8.2988e+13
1.39217e+14
3.86056e+13
2.12533e+13
1.96049e+14
1.06481e+14
1.30725e+14
8.90408e+13
8.21063e+13
9.37745e+13
6.94689e+13
2.45719e+13
5.58225e+13
1.80467e+13
5.23295e+13
1.46264e+13
2.10128e+12
2.3047e+12
1.89081e+12
1.88225e+12
1.93271e+12
2.19418e+12
1.97739e+12
1.62162e+12
2.06736e+12
2.10882e+12
1.92631e+12
1.97657e+12
2.12881e+12
1.86874e+12
1.96614e+12
1.65565e+12
1.88675e+12
1.85136e+12
1.96483e+12
1.93514e+12
2.00809e+12
2.05796e+12
7.93928e+12
5.34729e+13
3.04774e+13
1.82846e+14
2.28923e+13
8.84001e+12
3.82747e+13
7.87284e+13
7.88543e+13
1.33197e+14
2.16784e+14
1.5846e+14
1.05015e+14
5.97036e+13
1.15045e+14
1.2735e+14
1.72733e+14
1.34766e+14
7.32196e+13
9.05264e+13
1.31921e+14
1.67619e+14
9.2618e+13
6.63106e+13
1.17827e+14
1.03742e+14
1.00796e+14
1.37757e+14
5.65935e+13
8.69868e+13
1.27047e+14
2.63615e+14
1.84738e+14
2.77069e+14
2.6398e+14
4.10615e+14
2.24487e+14
1.65339e+14
2.73682e+14
2.90225e+14
1.5945e+14
1.36793e+14
8.86665e+13
3.79452e+13
2.4086e+13
9.88922e+12
3.11363e+12
2.29906e+12
1.66725e+12
1.82922e+12
1.97568e+12
1.64899e+12
2.18025e+17
2.44013e+17
1.91256e+17
2.32534e+17
2.12411e+17
2.41836e+17
1.99452e+17
2.40453e+17
2.12593e+17
2.34699e+17
1.81728e+17
2.05694e+17
1.69175e+17
1.54063e+17
1.26566e+17
1.53728e+17
1.13337e+17
1.19797e+17
9.88053e+16
1.11752e+17
1.07925e+17
1.07164e+17
7.58163e+16
8.14816e+16
1.02369e+17
1.07036e+17
1.41953e+17
2.1249e+17
3.76676e+17
4.87657e+17
4.95844e+17
5.61439e+17
6.7508e+17
8.03765e+17
8.84501e+17
9.58054e+17
1.02409e+18
1.11347e+18
1.29268e+18
1.30553e+18
1.51108e+18
1.74509e+18
2.3941e+18
2.94419e+18
4.85844e+18
6.9913e+18
1.50772e+19
2.48147e+19
3.3936e+19
2.74286e+19
2.14246e+19
1.7065e+19
1.0782e+19
9.12774e+18
5.72548e+18
5.10742e+18
3.41406e+18
3.32442e+18
2.42737e+18
2.47968e+18
1.97604e+18
2.02721e+18
1.5178e+18
1.44855e+18
1.25314e+18
1.38553e+18
1.00403e+18
1.02529e+18
8.82001e+17
9.38387e+17
7.38357e+17
7.91477e+17
5.72007e+17
6.65706e+17
4.51799e+17
4.65641e+17
3.75418e+17
4.0615e+17
3.31937e+17
3.27633e+17
2.18598e+17
2.18406e+17
1.77624e+17
1.8286e+17
1.46678e+17
1.63635e+17
1.51647e+17
1.80987e+17
1.2504e+17
1.70694e+17
1.30207e+17
1.57312e+17
1.40918e+17
1.65238e+17
1.25265e+17
1.43169e+17
1.71461e+12
1.81818e+12
4.29436e+12
3.82871e+13
1.18957e+13
1.92965e+13
1.1716e+14
2.80416e+14
5.89112e+13
2.19806e+13
2.34389e+14
1.90856e+14
1.26711e+14
1.18245e+14
6.80991e+13
1.60206e+14
3.10207e+13
6.23189e+13
6.27088e+13
1.7891e+13
5.49808e+13
2.444e+13
2.42571e+12
2.14585e+12
2.20017e+12
2.10263e+12
2.06482e+12
2.25727e+12
1.96332e+12
1.90317e+12
2.2791e+12
2.38927e+12
1.90926e+12
2.13612e+12
2.46964e+12
2.49615e+12
2.09924e+13
3.11775e+12
2.04916e+12
2.24816e+12
2.07689e+12
1.79008e+12
2.53365e+12
2.4211e+12
8.08109e+12
5.28689e+13
2.12195e+13
1.75025e+14
3.18039e+13
1.53432e+13
3.75843e+13
8.03714e+13
8.70111e+13
1.47781e+14
2.27219e+14
1.8338e+14
1.84043e+14
9.78508e+13
1.23136e+14
1.3049e+14
3.01582e+14
1.67825e+14
1.17001e+14
1.33059e+14
1.30051e+14
1.72461e+14
1.00197e+14
5.82314e+13
1.51552e+14
1.185e+14
8.55278e+13
1.56028e+14
6.28727e+13
7.12498e+13
9.88266e+13
2.24082e+14
2.2602e+14
2.83228e+14
2.75721e+14
3.52667e+14
3.39476e+14
2.5145e+14
3.44905e+14
3.10657e+14
1.49493e+14
1.80536e+14
1.25865e+14
8.36692e+13
5.52199e+13
1.31781e+13
4.03197e+12
4.91991e+12
2.09765e+12
1.88167e+12
1.52034e+12
1.77974e+12
1.26265e+17
1.66433e+17
1.14273e+17
1.47553e+17
1.1668e+17
1.28111e+17
1.26076e+17
1.47711e+17
1.31477e+17
1.54686e+17
1.26687e+17
1.32629e+17
1.16728e+17
1.20945e+17
9.15377e+16
1.21053e+17
6.62733e+16
8.58348e+16
8.86098e+16
8.51988e+16
7.51985e+16
8.14555e+16
7.32374e+16
7.70283e+16
6.70234e+16
8.06815e+16
1.11868e+17
1.74711e+17
2.98515e+17
4.12281e+17
4.67757e+17
5.07826e+17
5.7475e+17
6.87675e+17
7.08132e+17
8.188e+17
9.03918e+17
1.01131e+18
1.12425e+18
1.20969e+18
1.26902e+18
1.50084e+18
1.93148e+18
2.55965e+18
4.3499e+18
6.45016e+18
1.62484e+19
2.66244e+19
3.69034e+19
2.98867e+19
2.10278e+19
1.6557e+19
9.00596e+18
7.60572e+18
4.21218e+18
3.96041e+18
2.76432e+18
2.67797e+18
1.73469e+18
1.78711e+18
1.34051e+18
1.44167e+18
1.13847e+18
1.20661e+18
8.91358e+17
9.77393e+17
7.44604e+17
7.74679e+17
6.33894e+17
6.59199e+17
5.05614e+17
5.54943e+17
4.12983e+17
4.46073e+17
3.05059e+17
3.12052e+17
2.40024e+17
2.815e+17
1.8397e+17
1.95194e+17
1.43438e+17
1.46352e+17
9.23046e+16
1.11355e+17
9.21246e+16
9.48501e+16
7.75296e+16
8.94389e+16
7.13816e+16
9.53911e+16
7.07779e+16
8.43228e+16
6.82617e+16
9.0497e+16
6.03246e+16
6.54266e+16
1.79839e+12
1.54208e+12
4.26411e+12
1.0551e+13
1.59092e+14
1.98779e+13
6.92092e+13
2.53077e+14
1.01975e+14
1.01876e+14
1.60649e+14
1.54097e+14
1.56046e+14
1.97171e+14
4.76495e+13
1.66886e+14
3.57301e+13
5.83758e+13
6.03813e+13
2.05816e+13
5.63942e+13
5.82439e+13
2.24373e+12
2.41442e+12
2.30425e+12
2.51987e+12
2.49281e+12
2.5548e+12
3.00154e+12
2.22624e+12
2.16039e+12
2.36912e+12
1.93824e+12
2.11475e+12
2.21497e+12
2.02612e+12
2.61201e+13
3.12548e+13
1.86019e+12
2.32121e+12
1.78971e+12
2.02165e+12
4.97058e+12
2.84882e+12
5.80718e+12
2.65203e+13
2.20475e+13
1.97197e+14
1.25536e+13
5.80349e+13
4.79113e+13
8.51497e+13
1.83843e+14
2.16931e+14
2.44073e+14
1.87881e+14
2.00958e+14
9.77604e+13
1.29328e+14
2.10204e+14
2.37779e+14
2.14114e+14
1.60571e+14
1.19821e+14
1.5122e+14
1.71513e+14
1.23264e+14
9.55239e+13
1.41502e+14
1.13654e+14
8.64893e+13
1.45324e+14
1.48608e+14
1.37044e+14
1.07109e+14
1.80409e+14
2.84525e+14
2.53646e+14
3.36638e+14
3.52627e+14
4.39586e+14
3.09552e+14
5.16975e+14
3.42327e+14
1.74542e+14
1.97245e+14
1.28342e+14
1.84915e+14
1.38291e+14
1.06484e+14
7.92985e+12
2.99693e+12
2.87024e+12
2.0458e+12
2.14698e+12
1.52251e+12
5.49016e+16
7.50216e+16
6.83637e+16
7.9391e+16
5.06099e+16
6.29688e+16
6.39625e+16
9.1691e+16
7.84681e+16
8.68877e+16
8.55557e+16
9.61915e+16
7.25422e+16
8.11223e+16
6.05786e+16
7.28933e+16
4.77023e+16
6.65877e+16
5.88886e+16
5.62619e+16
6.45662e+16
6.46621e+16
5.63638e+16
6.05852e+16
4.88224e+16
6.46164e+16
9.02566e+16
1.12569e+17
2.42736e+17
3.20795e+17
3.78443e+17
4.4969e+17
5.06895e+17
5.73725e+17
5.78503e+17
6.66065e+17
7.58622e+17
8.26878e+17
9.79528e+17
1.03925e+18
1.06646e+18
1.25389e+18
1.731e+18
2.07382e+18
3.97588e+18
6.41252e+18
1.92731e+19
2.97283e+19
4.04183e+19
3.18634e+19
1.99732e+19
1.51527e+19
6.89621e+18
5.85715e+18
3.11474e+18
2.84077e+18
1.86893e+18
1.90092e+18
1.28056e+18
1.27877e+18
9.74632e+17
1.01146e+18
8.03319e+17
8.52636e+17
6.1296e+17
6.86084e+17
4.91835e+17
5.243e+17
4.79317e+17
4.67503e+17
3.12624e+17
3.5184e+17
2.37591e+17
2.58169e+17
1.85686e+17
2.11968e+17
1.38844e+17
1.41938e+17
1.0544e+17
1.0669e+17
6.32599e+16
7.50465e+16
5.30082e+16
6.31568e+16
5.46216e+16
5.47533e+16
3.45317e+16
4.04173e+16
3.16228e+16
4.59861e+16
3.36214e+16
3.77362e+16
2.70208e+16
3.10294e+16
1.96363e+16
3.1076e+16
2.09605e+12
1.65877e+12
2.51931e+13
1.50857e+13
5.68931e+13
9.66383e+13
1.31855e+14
2.08122e+14
9.50791e+13
1.98951e+14
2.39015e+14
1.25128e+14
1.52187e+14
1.45799e+14
1.03634e+14
1.57223e+14
7.80694e+13
6.10458e+13
5.58658e+13
2.30368e+13
5.79776e+13
5.7015e+13
2.65693e+12
2.53176e+12
2.48492e+12
2.71153e+12
2.79165e+12
3.05073e+12
2.86121e+12
2.81706e+12
2.26638e+12
2.35807e+12
1.98338e+12
2.29297e+12
2.12912e+12
2.13811e+12
3.0607e+13
2.4371e+13
2.34855e+12
2.45145e+12
2.70948e+12
2.02264e+12
4.91804e+12
4.66562e+12
4.46968e+12
1.71474e+13
4.34989e+13
1.75906e+14
5.99034e+13
4.47959e+13
6.81465e+13
9.2364e+13
2.48083e+14
4.38472e+14
2.8849e+14
1.96587e+14
4.25781e+14
3.40547e+14
1.55682e+14
3.00655e+14
2.53419e+14
2.26765e+14
2.21788e+14
2.02686e+14
1.50661e+14
1.71909e+14
1.36807e+14
1.01919e+14
1.36867e+14
1.15656e+14
9.99399e+13
1.10411e+14
1.28188e+14
1.69413e+14
2.27143e+14
2.92911e+14
4.03792e+14
2.70676e+14
4.76644e+14
4.42504e+14
5.27114e+14
4.60912e+14
5.6839e+14
4.3827e+14
4.70783e+14
2.91824e+14
2.53197e+14
2.47296e+14
2.13469e+14
1.52075e+14
8.05043e+12
4.54871e+12
2.67166e+12
2.43627e+12
1.57623e+12
2.60679e+12
2.24701e+16
4.35307e+16
3.44257e+16
4.18527e+16
3.22479e+16
3.30094e+16
2.90051e+16
4.78867e+16
4.25224e+16
4.40393e+16
4.74099e+16
5.54137e+16
4.5985e+16
5.62022e+16
4.62804e+16
5.32574e+16
4.17221e+16
4.25689e+16
4.62031e+16
5.46427e+16
4.46136e+16
5.20488e+16
4.25828e+16
4.64285e+16
3.82114e+16
6.1058e+16
5.89221e+16
8.56647e+16
1.76794e+17
2.88001e+17
3.20916e+17
3.78605e+17
4.03632e+17
4.82126e+17
4.9556e+17
5.4879e+17
6.33319e+17
7.03626e+17
7.69809e+17
8.70365e+17
9.38923e+17
1.08633e+18
1.37182e+18
1.73017e+18
3.38553e+18
5.83387e+18
2.18206e+19
3.18168e+19
4.39237e+19
3.36571e+19
1.84429e+19
1.28317e+19
4.92738e+18
4.03334e+18
2.07911e+18
1.95831e+18
1.29579e+18
1.27056e+18
8.56931e+17
8.94729e+17
6.62808e+17
6.69118e+17
5.14158e+17
5.53168e+17
3.80197e+17
4.38061e+17
3.28587e+17
3.43621e+17
2.62783e+17
2.88523e+17
1.8836e+17
2.09482e+17
1.66852e+17
1.81537e+17
1.04901e+17
1.46047e+17
7.98663e+16
8.29231e+16
6.2109e+16
5.89372e+16
2.84242e+16
3.31019e+16
2.51425e+16
3.83105e+16
2.29029e+16
2.85619e+16
1.84722e+16
2.04558e+16
1.538e+16
1.59318e+16
1.47137e+16
1.32971e+16
1.23546e+16
1.29447e+16
7.2809e+15
1.21151e+16
1.66585e+12
2.19337e+12
3.11892e+13
1.17511e+14
1.03916e+14
9.49085e+13
3.66742e+14
2.84943e+14
1.12843e+14
1.1657e+14
2.89577e+14
2.601e+14
2.00299e+14
2.58134e+14
1.06161e+14
1.77314e+14
1.82372e+14
1.33282e+14
5.48658e+13
2.36546e+13
5.94454e+13
5.61016e+13
2.81161e+12
2.66742e+12
2.90933e+12
2.62503e+12
3.24868e+12
2.85566e+12
2.93216e+12
2.7092e+12
2.38571e+12
2.23197e+12
2.29543e+12
2.07176e+12
2.00769e+12
1.8936e+12
3.94085e+13
1.83339e+13
2.36197e+12
2.32471e+12
1.37082e+13
3.02453e+13
5.53721e+12
5.07094e+12
3.55199e+12
1.57449e+13
4.43282e+13
1.18641e+14
1.24435e+14
1.76559e+13
1.00182e+14
1.68857e+14
2.86632e+14
4.44739e+14
4.68896e+14
2.694e+14
3.80143e+14
2.91648e+14
1.50345e+14
3.07452e+14
2.67369e+14
2.3272e+14
2.20882e+14
2.80529e+14
1.52296e+14
1.75669e+14
1.49759e+14
1.08097e+14
1.77849e+14
1.35501e+14
1.24728e+14
1.44943e+14
1.49019e+14
1.25424e+14
3.05495e+14
2.17127e+14
5.48969e+14
3.48608e+14
5.21191e+14
6.42861e+14
5.39513e+14
6.03905e+14
6.3087e+14
5.93097e+14
4.5228e+14
3.85197e+14
3.49356e+14
3.20375e+14
1.77295e+14
5.78334e+13
7.90686e+12
4.27662e+12
2.8774e+12
2.25354e+12
2.52532e+12
1.88541e+12
8.99152e+15
1.49748e+16
1.11462e+16
1.58165e+16
1.31609e+16
1.92753e+16
1.50305e+16
1.99003e+16
2.74649e+16
2.49861e+16
2.42008e+16
2.97419e+16
2.414e+16
3.34367e+16
3.10293e+16
3.88418e+16
3.34881e+16
2.69737e+16
4.02904e+16
4.76111e+16
2.59531e+16
3.31802e+16
2.78076e+16
3.85622e+16
3.34278e+16
4.44781e+16
5.16402e+16
5.47524e+16
1.31624e+17
2.0654e+17
2.49381e+17
3.07088e+17
3.46002e+17
4.03467e+17
3.87482e+17
4.53073e+17
4.83473e+17
6.00154e+17
6.20521e+17
6.89454e+17
7.36205e+17
8.91008e+17
1.0751e+18
1.40487e+18
2.85823e+18
5.0861e+18
2.30305e+19
3.37996e+19
4.72165e+19
3.56283e+19
1.57557e+19
1.05103e+19
3.00175e+18
2.59048e+18
1.2568e+18
1.2462e+18
8.42565e+17
8.23342e+17
5.02363e+17
5.82293e+17
3.91762e+17
4.37223e+17
2.87859e+17
3.2516e+17
2.42968e+17
2.30126e+17
2.1098e+17
2.27959e+17
1.57928e+17
1.51626e+17
1.0569e+17
1.25369e+17
8.41603e+16
8.64882e+16
5.09399e+16
6.04966e+16
4.301e+16
5.16853e+16
3.07415e+16
3.63124e+16
1.3702e+16
1.58611e+16
1.28586e+16
1.72209e+16
1.25946e+16
1.10741e+16
6.49999e+15
1.15145e+16
6.80212e+15
5.81315e+15
4.65242e+15
6.85063e+15
3.51621e+15
2.71843e+15
2.98921e+15
5.92309e+15
1.85903e+12
1.72478e+12
2.81789e+13
7.50603e+13
1.28858e+14
1.37461e+14
3.14633e+14
3.25471e+14
1.66256e+14
1.6796e+14
3.95922e+14
3.80539e+14
3.55367e+14
1.88774e+14
2.13026e+14
1.84296e+14
2.47176e+14
1.74381e+14
5.7022e+13
2.47558e+13
8.66774e+13
5.53316e+13
2.80297e+12
3.16932e+12
3.42336e+12
3.12138e+12
3.41877e+12
3.4206e+12
3.19826e+12
2.97192e+12
2.90875e+12
3.0182e+12
2.8806e+12
2.22805e+12
2.5529e+12
2.47028e+12
6.28215e+13
3.98726e+13
2.61331e+12
2.3974e+12
1.31333e+13
3.16621e+13
6.43397e+12
5.55582e+12
7.47248e+12
3.79482e+12
7.2124e+13
9.34909e+13
1.75318e+14
4.27005e+13
1.05724e+14
1.97941e+14
2.87825e+14
3.66991e+14
6.23693e+14
4.74861e+14
4.74715e+14
2.95184e+14
2.70915e+14
3.09437e+14
2.75641e+14
2.36092e+14
2.28685e+14
3.26801e+14
1.58573e+14
1.92807e+14
2.35833e+14
2.45323e+14
1.94556e+14
2.19853e+14
2.31332e+14
2.40174e+14
2.26838e+14
1.30291e+14
2.85681e+14
3.16182e+14
5.91507e+14
3.92774e+14
7.11483e+14
9.84486e+14
7.79792e+14
7.31486e+14
8.21482e+14
6.46764e+14
4.93982e+14
4.09027e+14
3.02825e+14
3.53176e+14
4.09352e+14
6.9008e+13
1.31644e+13
4.12161e+12
4.02238e+12
2.49611e+12
3.19909e+12
2.1331e+12
3.8235e+15
7.7856e+15
3.57251e+15
6.18764e+15
4.06506e+15
1.25203e+16
9.75485e+15
1.30886e+16
1.0848e+16
1.38986e+16
9.44423e+15
1.46803e+16
1.45258e+16
2.35707e+16
2.4055e+16
2.77349e+16
2.18701e+16
2.13794e+16
2.35737e+16
2.7546e+16
2.37388e+16
2.60223e+16
2.08287e+16
2.25707e+16
2.33454e+16
2.95629e+16
3.59717e+16
4.646e+16
9.95117e+16
1.46796e+17
1.86789e+17
2.40585e+17
2.70095e+17
3.22037e+17
3.05871e+17
3.52836e+17
4.01382e+17
4.54521e+17
4.85157e+17
5.51109e+17
6.01491e+17
6.91918e+17
8.34113e+17
1.16172e+18
2.38094e+18
4.52049e+18
2.45255e+19
3.4763e+19
5.04472e+19
3.70005e+19
1.17893e+19
7.19839e+18
1.77341e+18
1.4622e+18
7.66865e+17
7.41014e+17
4.71604e+17
4.93747e+17
3.05047e+17
3.50941e+17
2.56516e+17
2.77269e+17
1.79625e+17
1.62207e+17
1.15592e+17
1.48145e+17
1.03613e+17
1.23242e+17
8.82978e+16
9.1804e+16
7.03622e+16
7.3405e+16
4.41509e+16
4.15634e+16
2.70138e+16
3.27851e+16
1.72121e+16
2.16178e+16
1.10988e+16
1.0875e+16
7.08847e+15
8.01488e+15
5.13501e+15
1.1039e+16
7.13856e+15
4.78304e+15
2.98742e+15
3.88265e+15
2.73964e+15
3.47205e+15
1.05559e+15
1.24618e+15
2.77676e+14
2.48558e+15
1.7702e+15
1.89413e+15
2.86282e+12
1.91549e+12
3.02592e+13
7.39718e+13
2.58141e+14
2.69048e+14
4.20022e+14
3.88449e+14
2.75231e+14
3.34018e+14
4.24781e+14
6.39354e+14
4.27869e+14
3.04701e+14
1.56746e+14
1.98168e+14
3.36099e+14
1.50449e+14
7.47434e+13
2.70851e+13
1.37482e+14
9.53392e+13
3.77401e+12
3.35889e+12
4.19188e+12
3.68941e+12
1.95626e+13
6.3342e+12
3.92565e+12
3.88281e+12
3.26523e+12
3.16664e+12
3.9265e+12
2.81672e+12
2.87887e+12
3.26536e+12
2.8831e+13
2.81054e+13
2.33836e+12
5.80116e+12
4.10342e+13
2.89098e+13
1.06627e+13
6.23399e+12
4.58343e+13
5.78694e+12
8.09712e+13
9.95743e+13
1.67541e+14
5.509e+13
2.20283e+14
3.05175e+14
3.01604e+14
4.25376e+14
8.61152e+14
6.03322e+14
8.3046e+14
3.436e+14
3.77589e+14
4.83869e+14
2.51548e+14
2.31539e+14
2.63847e+14
3.97902e+14
2.06563e+14
2.12644e+14
1.65867e+14
2.09594e+14
1.99818e+14
1.66352e+14
2.18795e+14
2.48043e+14
3.95988e+14
2.8821e+14
3.094e+14
3.71195e+14
8.18887e+14
5.189e+14
7.48481e+14
1.02991e+15
1.04161e+15
1.0667e+15
1.01142e+15
9.03698e+14
7.60939e+14
7.59789e+14
5.35383e+14
3.8592e+14
4.06245e+14
2.02617e+14
7.27926e+13
2.67368e+13
1.68275e+13
2.70581e+12
3.12012e+12
1.93917e+12
5.70246e+14
1.03366e+15
1.43157e+15
1.61744e+15
2.415e+15
4.99779e+15
3.63878e+15
6.41264e+15
4.9066e+15
6.99663e+15
5.1357e+15
7.67545e+15
7.59359e+15
1.14494e+16
1.30026e+16
1.84903e+16
1.87687e+16
1.36341e+16
1.73302e+16
1.96943e+16
1.60536e+16
1.81966e+16
1.45709e+16
1.80714e+16
1.6794e+16
2.33855e+16
2.29041e+16
3.15994e+16
6.90847e+16
1.17259e+17
1.36319e+17
1.78221e+17
1.94373e+17
2.38388e+17
2.56977e+17
2.85962e+17
3.21716e+17
3.66144e+17
3.86683e+17
4.33982e+17
4.21997e+17
4.83661e+17
6.61786e+17
8.99416e+17
1.83833e+18
3.83611e+18
2.54387e+19
3.80592e+19
5.31951e+19
3.67577e+19
8.23787e+18
4.51387e+18
9.33874e+17
7.85624e+17
4.13325e+17
4.46425e+17
2.62748e+17
2.88517e+17
1.93403e+17
2.34141e+17
1.52845e+17
1.74273e+17
1.00964e+17
9.10703e+16
7.90459e+16
8.37778e+16
5.74173e+16
6.36348e+16
4.12311e+16
5.52589e+16
4.14422e+16
3.81421e+16
2.05397e+16
2.18046e+16
1.15566e+16
1.03283e+16
7.56205e+15
9.44971e+15
4.56057e+15
5.11647e+15
5.80364e+15
5.48034e+15
2.15504e+15
3.72498e+15
2.36293e+15
2.34077e+15
2.35058e+15
3.45587e+15
7.05173e+14
1.03152e+15
1.01707e+14
1.7334e+14
9.79152e+13
1.47801e+14
1.13574e+14
1.16646e+15
2.93422e+12
3.34486e+12
1.00184e+13
3.98239e+13
3.101e+14
4.29618e+14
7.31477e+14
5.01802e+14
4.88294e+14
6.47135e+14
6.70301e+14
7.02328e+14
4.47275e+14
4.62587e+14
2.39146e+14
3.74446e+14
3.23305e+14
2.19813e+14
2.21221e+14
3.43105e+13
1.4479e+14
8.94052e+13
4.18071e+12
3.97054e+12
4.79144e+12
4.3958e+12
1.57875e+13
7.88547e+13
4.21086e+12
4.15112e+12
4.27864e+13
2.17872e+13
3.66611e+12
2.91426e+12
2.92701e+12
3.44112e+12
1.37689e+13
4.1597e+13
2.8934e+12
3.00308e+12
5.11976e+13
3.25219e+13
1.39992e+13
7.55401e+12
2.23639e+13
5.06759e+13
1.38742e+14
8.96298e+13
1.90817e+14
6.29894e+13
2.03229e+14
3.01356e+14
3.54011e+14
6.2413e+14
1.07246e+15
9.87736e+14
1.23557e+15
8.88845e+14
7.24312e+14
6.68443e+14
7.38957e+14
3.10833e+14
3.50991e+14
4.68252e+14
3.30675e+14
2.47404e+14
1.83725e+14
2.32876e+14
2.56723e+14
1.72648e+14
3.15747e+14
2.99904e+14
6.90633e+14
3.96341e+14
5.68951e+14
3.51753e+14
8.90013e+14
7.89859e+14
1.0361e+15
1.0892e+15
1.56389e+15
1.529e+15
1.39009e+15
1.2266e+15
1.1674e+15
1.05269e+15
7.21222e+14
5.20012e+14
7.04938e+14
3.2595e+14
2.13297e+14
8.9895e+13
4.72418e+13
5.24502e+12
1.96908e+12
2.24657e+12
7.17613e+14
3.62056e+14
5.41716e+14
1.31946e+15
1.39225e+15
1.0204e+15
1.84422e+15
1.99929e+15
4.38293e+15
3.86008e+15
3.15253e+15
5.60409e+15
5.62077e+15
6.04249e+15
8.64998e+15
9.37901e+15
1.23214e+16
1.36185e+16
1.09471e+16
1.52405e+16
1.41126e+16
1.57616e+16
1.23755e+16
1.10913e+16
1.07535e+16
1.37681e+16
1.72423e+16
2.05237e+16
4.28836e+16
7.44785e+16
1.12032e+17
1.22928e+17
1.60685e+17
1.85633e+17
1.87803e+17
2.34352e+17
2.37386e+17
2.75975e+17
2.94369e+17
3.34907e+17
3.41229e+17
4.10977e+17
5.23803e+17
6.96877e+17
1.37519e+18
2.95837e+18
2.53982e+19
4.30278e+19
5.471e+19
3.5113e+19
5.10167e+18
2.58575e+18
4.86938e+17
4.33775e+17
2.23118e+17
2.48156e+17
1.55042e+17
1.63078e+17
1.13716e+17
1.02505e+17
7.67784e+16
9.87181e+16
3.93475e+16
5.23325e+16
4.93757e+16
5.50062e+16
3.42929e+16
3.60253e+16
2.34988e+16
3.03605e+16
2.07713e+16
2.07677e+16
8.3618e+15
9.453e+15
1.0251e+16
9.30658e+15
6.23039e+15
6.86215e+15
3.46975e+15
3.38452e+15
3.38549e+15
1.57122e+15
9.0188e+14
2.47124e+15
7.08877e+14
1.43744e+15
1.04634e+15
1.76512e+15
3.89533e+14
7.91806e+14
1.26946e+14
6.38022e+13
4.24165e+13
5.34115e+13
4.20819e+14
5.28807e+14
3.15143e+12
3.15549e+12
3.42569e+13
3.07925e+13
4.67726e+14
6.30223e+14
1.14088e+15
6.67746e+14
1.2583e+15
1.08489e+15
9.74925e+14
8.08454e+14
7.92926e+14
6.16299e+14
3.33878e+14
6.61341e+14
4.70869e+14
2.72095e+14
2.08044e+14
8.38496e+13
2.64573e+14
9.22687e+13
5.9724e+12
5.2805e+12
7.12176e+12
6.76324e+12
2.56966e+13
3.48061e+13
4.20521e+13
4.9409e+12
5.78155e+13
8.11841e+13
5.05443e+12
3.67247e+12
3.54682e+12
3.8747e+12
2.44456e+13
5.60638e+13
6.73162e+12
4.30348e+12
5.3304e+13
5.60445e+13
5.16542e+13
8.84247e+12
2.43842e+13
2.3979e+13
1.38649e+14
1.07275e+14
2.65793e+14
1.00061e+14
2.31258e+14
3.1406e+14
5.27248e+14
9.69959e+14
2.07247e+15
1.85413e+15
1.80786e+15
1.48737e+15
1.32696e+15
9.68546e+14
1.55068e+15
1.00857e+15
7.38126e+14
7.44269e+14
5.95138e+14
4.54499e+14
1.99389e+14
2.99505e+14
3.06916e+14
1.77052e+14
4.95438e+14
3.38647e+14
7.20595e+14
4.75976e+14
5.48867e+14
4.53308e+14
1.21069e+15
1.09649e+15
1.59101e+15
1.76146e+15
2.78395e+15
2.39031e+15
2.26451e+15
2.25424e+15
1.84843e+15
1.46428e+15
1.59289e+15
1.21856e+15
1.16382e+15
7.34804e+14
2.94596e+14
2.21344e+14
4.00596e+13
5.58955e+12
2.22808e+12
2.56164e+12
4.02723e+13
2.83401e+14
3.23611e+13
4.29047e+13
5.99183e+14
5.08605e+14
1.53883e+15
8.18597e+14
1.75542e+15
2.94803e+15
1.99848e+15
2.99448e+15
4.3482e+15
3.91453e+15
4.24593e+15
6.27196e+15
6.05643e+15
9.25435e+15
8.02311e+15
8.6793e+15
1.09258e+16
1.18344e+16
6.31088e+15
1.26284e+16
8.71643e+15
8.86967e+15
9.14593e+15
1.36635e+16
2.52832e+16
5.40625e+16
7.18281e+16
8.9791e+16
1.05228e+17
1.49477e+17
1.33187e+17
1.67191e+17
1.83487e+17
1.98504e+17
2.04456e+17
2.34107e+17
2.42689e+17
3.09347e+17
3.7571e+17
5.03362e+17
1.00532e+18
2.35851e+18
2.31617e+19
4.75811e+19
5.35252e+19
3.14673e+19
2.69113e+18
1.24407e+18
2.63923e+17
2.4064e+17
1.07579e+17
1.35449e+17
8.70933e+16
8.46038e+16
6.34269e+16
7.38279e+16
4.08267e+16
4.50379e+16
2.20929e+16
3.12234e+16
2.95944e+16
2.98799e+16
1.92753e+16
2.15502e+16
8.01302e+15
1.49808e+16
1.06416e+16
1.05755e+16
7.18079e+15
9.90377e+15
4.58604e+15
2.16455e+15
2.1063e+15
2.3843e+15
2.18242e+15
2.01589e+15
9.58225e+14
6.37839e+14
6.48814e+14
1.66711e+15
6.46227e+14
4.42388e+14
3.27876e+14
1.89396e+14
4.53142e+13
2.06085e+14
1.82615e+14
1.17925e+14
2.08679e+13
2.43952e+13
1.93526e+14
1.01792e+14
5.6075e+13
3.69776e+12
1.58773e+14
2.82848e+14
1.11667e+15
1.26908e+15
2.016e+15
1.2296e+15
2.2186e+15
1.98521e+15
1.63922e+15
1.166e+15
1.59577e+15
9.28949e+14
1.02479e+15
8.70885e+14
6.45535e+14
2.96029e+14
2.30578e+14
7.2243e+13
2.50373e+14
1.45229e+14
9.53416e+12
1.20678e+13
9.27585e+12
1.1977e+13
5.16e+13
8.12285e+13
1.20533e+14
2.11378e+13
6.24991e+13
1.41414e+14
1.53835e+13
6.85709e+12
5.83353e+12
4.80962e+12
7.76869e+13
7.24482e+13
3.28683e+13
5.5309e+12
7.68498e+13
5.18062e+13
1.01248e+14
4.71175e+13
1.11413e+14
6.20232e+13
1.90362e+14
1.17346e+14
3.25685e+14
1.214e+14
2.39318e+14
3.59067e+14
1.10351e+15
1.91189e+15
3.24607e+15
2.27683e+15
3.38989e+15
3.12502e+15
2.25548e+15
1.84782e+15
2.68453e+15
1.8989e+15
2.34308e+15
1.26966e+15
8.25617e+14
7.55871e+14
3.23741e+14
3.11008e+14
6.30043e+14
3.29809e+14
5.64471e+14
5.80549e+14
9.73251e+14
9.13563e+14
1.04145e+15
8.34352e+14
1.93373e+15
2.083e+15
2.39675e+15
2.09833e+15
5.13083e+15
4.99673e+15
3.68304e+15
3.33891e+15
3.39367e+15
2.39537e+15
3.35764e+15
2.48335e+15
2.6633e+15
1.45312e+15
8.48212e+14
3.54924e+14
1.95352e+14
3.59649e+13
4.30087e+12
3.21971e+12
3.93012e+13
1.79084e+14
1.64492e+14
2.26537e+13
9.47977e+14
1.04667e+15
4.88341e+14
4.54485e+14
4.55853e+14
6.55947e+14
8.03425e+14
9.71859e+14
2.47414e+15
2.83033e+15
2.00214e+15
4.30545e+15
5.91841e+15
7.19418e+15
3.39995e+15
5.22309e+15
7.17e+15
7.23196e+15
3.79757e+15
7.15078e+15
6.59382e+15
9.43285e+15
5.37835e+15
8.00596e+15
1.79117e+16
2.83462e+16
5.41674e+16
5.83677e+16
6.07813e+16
1.04855e+17
1.04686e+17
1.22888e+17
1.11125e+17
1.53406e+17
1.48947e+17
1.76808e+17
1.75105e+17
2.27096e+17
2.54476e+17
3.5737e+17
6.30324e+17
1.72801e+18
2.20912e+19
4.98952e+19
5.00514e+19
2.66332e+19
1.56868e+18
5.55944e+17
1.47453e+17
1.38008e+17
6.9115e+16
8.03512e+16
4.61141e+16
5.70819e+16
4.24401e+16
3.99714e+16
2.24193e+16
1.87271e+16
1.5475e+16
2.42976e+16
1.80277e+16
1.8096e+16
1.1889e+16
8.9219e+15
5.68433e+15
1.03246e+16
4.55288e+15
3.29571e+15
2.9805e+15
4.64097e+15
2.7153e+15
2.1588e+15
1.17911e+15
2.56956e+15
1.14686e+15
1.16677e+15
4.03927e+14
1.69909e+14
3.76787e+14
2.97179e+14
7.95292e+13
6.1623e+13
3.19825e+13
4.39698e+13
3.04327e+13
3.10097e+13
1.60238e+13
3.99015e+13
2.70525e+13
6.51389e+13
3.07871e+13
3.06831e+13
6.79435e+13
1.42851e+14
3.19034e+14
6.87406e+14
2.41601e+15
3.45846e+15
2.67566e+15
2.41082e+15
2.9605e+15
2.8995e+15
3.32379e+15
2.38123e+15
2.5122e+15
2.09624e+15
1.35201e+15
1.37119e+15
1.16401e+15
1.05822e+15
2.34006e+14
8.09919e+13
2.42236e+14
1.59783e+14
1.08973e+13
1.26581e+13
1.08524e+13
1.51813e+13
5.21215e+13
8.44556e+13
1.33526e+14
6.73493e+13
7.53904e+13
1.88234e+14
2.84249e+13
2.66929e+13
7.07572e+12
8.17061e+12
8.59415e+13
5.57023e+13
5.53918e+13
1.30095e+13
8.77479e+13
5.05076e+13
1.06364e+14
1.21258e+14
1.15318e+14
9.99759e+13
2.92508e+14
1.06747e+14
4.1268e+14
1.74945e+14
2.40995e+14
3.58422e+14
1.43308e+15
3.21819e+15
4.14069e+15
3.65495e+15
4.92097e+15
4.73629e+15
4.55536e+15
3.86684e+15
3.43494e+15
2.94433e+15
3.2946e+15
2.07404e+15
1.41019e+15
9.42887e+14
4.87937e+14
4.08415e+14
9.9643e+14
1.24432e+15
6.28307e+14
7.48164e+14
1.10805e+15
2.00519e+15
1.39072e+15
1.45218e+15
2.34348e+15
2.74627e+15
3.7553e+15
3.77363e+15
6.7926e+15
8.14417e+15
5.44206e+15
4.98785e+15
4.738e+15
4.44902e+15
4.59104e+15
4.47486e+15
3.58484e+15
2.50459e+15
1.22111e+15
9.16428e+14
3.02288e+14
6.79964e+13
6.68929e+13
2.21501e+13
1.52079e+13
1.23654e+13
1.46161e+14
2.23522e+14
1.10592e+14
4.36442e+14
1.21903e+14
1.56655e+14
3.04179e+14
3.20818e+14
6.77158e+14
7.26548e+14
1.33659e+15
1.86058e+15
1.38177e+15
3.56113e+15
4.59022e+15
6.66804e+15
2.2395e+15
3.5752e+15
4.80832e+15
3.0318e+15
3.17179e+15
4.1616e+15
6.12577e+15
9.73105e+15
4.29886e+15
4.933e+15
1.67567e+16
2.29495e+16
4.13561e+16
4.35803e+16
5.19391e+16
7.3535e+16
8.5525e+16
8.65234e+16
9.3766e+16
1.15977e+17
1.19788e+17
1.39723e+17
1.43238e+17
1.73276e+17
1.78344e+17
2.36393e+17
5.31099e+17
1.29011e+18
2.22452e+19
5.02992e+19
4.3841e+19
2.19412e+19
9.37172e+17
3.32516e+17
9.71404e+16
8.83783e+16
4.96132e+16
5.44797e+16
3.02273e+16
3.76182e+16
3.20098e+16
2.59211e+16
1.15574e+16
1.05977e+16
1.11521e+16
1.28824e+16
1.01149e+16
1.49067e+16
6.99448e+15
5.09619e+15
4.53901e+15
4.80348e+15
3.91058e+15
2.1527e+15
1.91027e+15
4.3493e+15
1.99743e+15
1.17403e+15
1.61799e+15
1.66072e+15
7.41173e+14
4.54541e+14
3.39582e+14
1.45612e+14
7.37436e+14
5.22632e+14
7.05354e+13
5.89911e+13
2.26941e+13
3.64633e+13
1.59649e+14
3.62289e+13
1.29051e+14
6.14745e+13
9.85167e+12
1.02907e+13
7.99526e+12
6.07425e+12
9.78475e+13
1.51607e+14
5.24314e+14
9.14346e+14
2.68543e+15
3.9559e+15
3.39064e+15
2.86386e+15
3.22158e+15
3.24853e+15
4.60454e+15
2.63484e+15
2.64282e+15
2.13621e+15
1.37801e+15
1.41683e+15
9.09234e+14
1.3558e+15
2.57068e+14
8.79193e+13
3.28864e+14
1.66189e+14
1.23179e+13
1.32625e+13
1.20454e+13
1.52821e+13
5.27712e+13
8.54835e+13
1.34154e+14
6.91857e+13
7.12215e+13
2.90908e+14
3.62606e+13
1.29977e+14
9.44309e+12
9.68715e+12
8.92617e+13
5.24368e+13
7.49817e+13
1.47673e+13
8.78934e+13
5.09112e+13
1.0931e+14
1.23442e+14
1.16939e+14
9.95573e+13
2.90041e+14
1.09159e+14
4.7802e+14
2.05127e+14
2.41212e+14
3.58488e+14
1.49507e+15
3.21869e+15
4.34414e+15
3.61179e+15
4.9506e+15
5.13459e+15
4.28509e+15
3.72971e+15
4.08918e+15
3.31053e+15
3.00157e+15
2.1665e+15
1.25663e+15
9.29415e+14
4.82859e+14
4.14019e+14
1.0837e+15
1.03299e+15
6.33335e+14
8.8837e+14
1.11962e+15
1.83899e+15
1.6579e+15
1.89018e+15
2.96701e+15
2.80551e+15
4.74572e+15
3.68255e+15
6.65631e+15
8.07922e+15
4.93643e+15
4.85048e+15
5.00671e+15
5.25059e+15
5.13763e+15
4.96595e+15
4.13553e+15
2.88496e+15
1.66191e+15
9.65038e+14
4.71213e+14
1.52581e+14
7.24755e+13
4.67812e+13
1.16169e+14
7.45893e+13
1.19781e+14
2.77582e+14
1.35188e+14
8.64704e+13
1.80901e+14
3.41583e+14
8.72495e+13
2.22563e+14
7.46351e+14
9.52914e+14
1.17514e+15
7.73592e+14
5.89522e+14
1.16187e+15
3.00964e+15
3.72688e+15
1.77526e+15
1.99223e+15
3.15467e+15
3.97834e+15
3.68869e+15
4.06028e+15
6.09879e+15
7.94956e+15
5.06263e+15
5.43664e+15
1.64816e+16
2.57812e+16
3.38663e+16
3.17548e+16
4.55757e+16
6.36358e+16
5.98551e+16
6.83095e+16
7.06421e+16
8.52667e+16
8.23221e+16
1.03651e+17
1.09166e+17
1.31612e+17
1.36499e+17
1.72621e+17
4.1744e+17
1.14494e+18
2.25353e+19
5.27836e+19
3.70445e+19
1.68552e+19
6.66526e+17
2.28656e+17
8.50825e+16
7.08155e+16
4.49828e+16
4.25794e+16
2.59319e+16
2.514e+16
1.77368e+16
1.5615e+16
1.06487e+16
7.48945e+15
5.15815e+15
7.16268e+15
6.53553e+15
7.93125e+15
2.61599e+15
2.82411e+15
1.69653e+15
1.91172e+15
8.64172e+14
1.17028e+15
1.32326e+15
5.29747e+15
1.13807e+15
1.70029e+15
1.38777e+15
1.58382e+15
4.45166e+14
5.74754e+14
1.14135e+15
7.93132e+14
3.68632e+14
1.62659e+14
1.08574e+14
4.93544e+13
8.38336e+13
2.16938e+13
2.24776e+14
7.2923e+13
1.59694e+14
3.04547e+14
4.08418e+13
7.97111e+12
9.12136e+12
1.02683e+13
1.43666e+14
2.9951e+14
5.22167e+14
1.05975e+15
2.57979e+15
4.10971e+15
3.68838e+15
3.08381e+15
3.79608e+15
3.7957e+15
3.60414e+15
2.95255e+15
2.94207e+15
2.09409e+15
1.48687e+15
1.72911e+15
1.28893e+15
8.94897e+14
5.59186e+14
3.13897e+14
3.22802e+14
1.74462e+14
3.95188e+13
2.59581e+13
2.07898e+13
4.10958e+13
5.32043e+13
8.72129e+13
1.3493e+14
7.12619e+13
6.7126e+13
2.99324e+14
3.70568e+13
3.57563e+13
4.58379e+13
2.04339e+13
9.15596e+13
5.16521e+13
1.38414e+14
3.26975e+13
9.22389e+13
5.15089e+13
1.52638e+14
1.21843e+14
1.28631e+14
9.94331e+13
3.02882e+14
1.43871e+14
4.97015e+14
3.00554e+14
2.42061e+14
3.56577e+14
1.68757e+15
3.49765e+15
4.89871e+15
4.1002e+15
5.11222e+15
5.43167e+15
4.31492e+15
3.7245e+15
4.65678e+15
4.58156e+15
3.05391e+15
2.15609e+15
1.51163e+15
1.07307e+15
4.72931e+14
4.22538e+14
7.11285e+14
8.88853e+14
8.2714e+14
1.17117e+15
1.44725e+15
1.74425e+15
1.91044e+15
2.55925e+15
3.44523e+15
4.19415e+15
5.52074e+15
5.77053e+15
6.79254e+15
8.66608e+15
6.19467e+15
5.608e+15
7.29945e+15
5.41201e+15
6.169e+15
6.31578e+15
5.67436e+15
3.68996e+15
2.28031e+15
1.13292e+15
7.21716e+14
2.89194e+14
1.44824e+14
1.2223e+14
1.48102e+14
1.27068e+14
9.8935e+13
4.53467e+13
2.89433e+14
4.91257e+13
2.65152e+14
3.45312e+14
8.60836e+13
2.10868e+14
4.28706e+14
7.3429e+14
9.98599e+14
1.08249e+15
8.37718e+14
1.30483e+15
2.53488e+15
4.39013e+15
1.70853e+15
1.80615e+15
3.69167e+15
3.49567e+15
4.6569e+15
4.67945e+15
5.87723e+15
5.40827e+15
7.54719e+15
8.60722e+15
1.72958e+16
2.05999e+16
2.08974e+16
2.70106e+16
3.40609e+16
5.24727e+16
4.02129e+16
4.92898e+16
5.07267e+16
6.51769e+16
7.66124e+16
9.40849e+16
7.62478e+16
9.16808e+16
1.15458e+17
1.48246e+17
3.69613e+17
9.53241e+17
2.41908e+19
5.70779e+19
3.09772e+19
1.29388e+19
7.28523e+17
2.48258e+17
9.63358e+16
7.51108e+16
4.66466e+16
3.89567e+16
2.85645e+16
2.41277e+16
1.05104e+16
1.1965e+16
7.52586e+15
7.84555e+15
6.29006e+15
6.96385e+15
3.82597e+15
2.90961e+15
2.41909e+15
1.36059e+15
8.62317e+14
1.00063e+15
2.04768e+14
2.04557e+14
1.09136e+15
2.71396e+15
1.32905e+15
1.00933e+15
7.28951e+14
6.94947e+14
7.01603e+14
1.29416e+15
6.80224e+14
4.02039e+14
2.61939e+14
2.10542e+14
2.00863e+13
2.57721e+13
8.2898e+13
6.65936e+13
6.46832e+14
4.07036e+14
8.38951e+13
1.67228e+13
3.19234e+14
2.58812e+13
3.52753e+13
1.97356e+13
2.63063e+14
3.29632e+14
7.93691e+14
1.52041e+15
3.33787e+15
4.51377e+15
5.06154e+15
3.52593e+15
4.79315e+15
4.46495e+15
3.75449e+15
3.20892e+15
3.09179e+15
2.05281e+15
1.53668e+15
1.59149e+15
1.62849e+15
1.15745e+15
5.3113e+14
3.81557e+14
3.31666e+14
1.91895e+14
4.08447e+13
2.7184e+13
2.10842e+13
4.38487e+13
5.31796e+13
8.8884e+13
1.3481e+14
7.23968e+13
8.42404e+13
3.3366e+14
3.86762e+13
3.91014e+13
5.12088e+13
1.8901e+13
9.24254e+13
1.14761e+14
6.43239e+13
2.24154e+13
1.16667e+14
5.23852e+13
1.74585e+14
1.35468e+14
1.43132e+14
9.94754e+13
2.80368e+14
2.74592e+14
5.5074e+14
3.13246e+14
2.48794e+14
2.97445e+14
1.81602e+15
3.6532e+15
5.8152e+15
4.37515e+15
6.02041e+15
5.97912e+15
4.49343e+15
4.17556e+15
4.8801e+15
5.23781e+15
3.07813e+15
2.33765e+15
1.77496e+15
1.19508e+15
5.53475e+14
5.40451e+14
1.09853e+15
8.34522e+14
1.05605e+15
1.12922e+15
1.40767e+15
2.06009e+15
3.18851e+15
3.03549e+15
3.9011e+15
5.02448e+15
5.78957e+15
6.26511e+15
8.33732e+15
9.66947e+15
7.95407e+15
6.48563e+15
7.24461e+15
6.72572e+15
7.50248e+15
8.02079e+15
5.80792e+15
5.46246e+15
2.72672e+15
1.83662e+15
6.51604e+14
4.55063e+14
2.14799e+14
1.6054e+14
1.28816e+14
8.7652e+13
3.35024e+14
1.4944e+14
2.30339e+14
1.56121e+14
3.83253e+14
2.82698e+14
9.92649e+13
8.57163e+14
5.74078e+14
3.93192e+14
6.21551e+14
8.29754e+14
1.82616e+15
1.2551e+15
1.97262e+15
2.83729e+15
2.86875e+15
2.90091e+15
4.73267e+15
4.40498e+15
8.05002e+15
4.24182e+15
7.45301e+15
6.49684e+15
1.28792e+16
1.0916e+16
2.07633e+16
2.26786e+16
2.04857e+16
2.43804e+16
2.51827e+16
3.64277e+16
3.49686e+16
4.05616e+16
4.71876e+16
5.54391e+16
7.53562e+16
8.00389e+16
7.37672e+16
7.92652e+16
1.31145e+17
1.51146e+17
4.21032e+17
1.04336e+18
2.86701e+19
6.39315e+19
2.55689e+19
1.0823e+19
9.98402e+17
3.74241e+17
1.42768e+17
9.60284e+16
7.48847e+16
5.35596e+16
3.46046e+16
2.20059e+16
1.6283e+16
1.3501e+16
1.46309e+16
9.51933e+15
7.51096e+15
6.03547e+15
4.53553e+15
1.76536e+15
3.49041e+15
2.323e+15
1.59903e+15
1.19995e+15
1.17555e+15
5.70103e+14
1.37524e+15
1.65833e+15
1.4561e+15
1.40658e+15
6.66753e+14
8.3762e+14
6.53428e+14
8.74396e+14
2.81694e+14
1.44828e+14
1.73347e+14
3.12232e+14
5.71115e+14
3.17755e+14
6.81607e+14
6.46558e+14
3.42909e+14
2.2564e+14
7.22171e+13
5.65901e+13
4.6242e+14
3.25352e+14
3.90114e+13
3.46881e+13
6.04521e+14
1.00009e+15
1.36891e+15
1.89103e+15
4.13886e+15
5.61656e+15
6.85497e+15
4.96869e+15
5.2184e+15
5.06427e+15
4.36514e+15
4.57856e+15
3.46448e+15
3.13212e+15
1.83609e+15
1.66655e+15
2.21014e+15
1.93227e+15
5.60216e+14
5.52245e+14
3.27554e+14
2.4692e+14
5.53895e+13
3.46214e+13
2.26905e+13
4.56905e+13
5.40201e+13
9.14307e+13
1.35676e+14
7.46406e+13
1.4247e+14
2.96455e+14
4.81128e+13
4.4622e+13
9.50018e+13
9.20547e+13
1.29287e+14
1.07447e+14
1.21223e+14
2.99302e+13
1.19565e+14
5.84543e+13
1.84758e+14
2.24591e+14
2.12326e+14
1.26851e+14
3.05007e+14
1.23466e+14
5.26158e+14
3.33964e+14
3.38937e+14
4.04364e+14
1.97698e+15
4.2628e+15
6.88151e+15
4.66494e+15
7.56422e+15
6.75224e+15
4.93948e+15
4.59548e+15
5.15845e+15
5.23608e+15
3.81164e+15
2.81215e+15
2.09739e+15
1.45247e+15
6.32196e+14
7.37789e+14
1.14699e+15
9.92964e+14
1.0037e+15
1.15921e+15
1.40249e+15
2.29525e+15
3.49597e+15
3.89527e+15
4.76509e+15
4.64924e+15
6.7326e+15
7.75285e+15
8.96362e+15
1.18334e+16
8.99714e+15
8.80752e+15
8.70478e+15
7.08315e+15
8.84078e+15
9.24238e+15
9.02202e+15
6.43562e+15
4.07993e+15
3.01244e+15
1.50435e+15
6.21878e+14
4.77489e+14
1.27794e+14
2.73688e+14
6.12793e+14
3.82713e+14
2.67027e+14
1.09851e+15
3.02752e+14
7.87112e+14
3.23304e+14
6.69238e+14
8.28407e+14
1.6185e+15
1.24547e+15
1.90966e+15
1.7765e+15
2.94192e+15
1.69014e+15
3.61243e+15
3.45168e+15
3.72536e+15
5.1539e+15
6.02209e+15
4.95511e+15
8.42036e+15
5.87007e+15
1.23607e+16
1.29146e+16
1.83959e+16
1.67527e+16
2.32496e+16
2.48671e+16
3.8819e+16
3.09794e+16
4.24881e+16
4.23798e+16
5.26001e+16
4.87071e+16
7.01906e+16
6.72775e+16
9.29707e+16
9.73393e+16
1.4494e+17
1.1682e+17
2.13759e+17
2.28412e+17
7.29012e+17
1.54299e+18
3.66382e+19
7.12632e+19
2.02357e+19
9.24496e+18
1.2647e+18
5.62713e+17
2.52805e+17
1.73813e+17
9.58896e+16
7.13133e+16
5.26879e+16
3.39783e+16
3.26799e+16
2.19044e+16
1.5475e+16
1.14503e+16
1.01896e+16
8.99585e+15
5.90689e+15
5.00323e+15
2.96265e+15
4.33783e+15
2.11877e+15
1.19032e+15
2.43766e+15
1.96246e+15
1.52964e+15
1.34358e+15
1.45166e+15
1.55378e+15
1.42317e+15
1.39675e+15
6.81697e+14
3.13468e+14
9.44616e+14
2.3459e+14
1.07761e+15
1.09276e+15
8.78354e+14
1.04121e+15
5.53925e+14
2.21237e+14
1.9335e+14
2.55005e+14
3.83961e+14
2.548e+14
3.53195e+14
4.11494e+14
1.07396e+14
1.27759e+14
1.53865e+15
1.60327e+15
1.96213e+15
3.06277e+15
5.39516e+15
7.23373e+15
8.58664e+15
6.35979e+15
6.20063e+15
6.04493e+15
6.99885e+15
6.08364e+15
4.0245e+15
3.49403e+15
2.16696e+15
2.45183e+15
2.36705e+15
2.22451e+15
5.64315e+14
7.0662e+14
9.73952e+14
3.17503e+14
5.71577e+13
3.46064e+13
2.4741e+13
4.72472e+13
7.45411e+13
9.37684e+13
1.57191e+14
8.92149e+13
1.47954e+14
4.11769e+14
9.22662e+13
9.0822e+13
1.43191e+14
1.11891e+14
4.01517e+14
2.30665e+14
1.0748e+14
1.28555e+14
2.70333e+14
8.63097e+13
3.05405e+14
2.78027e+14
2.15604e+14
2.21341e+14
3.0911e+14
1.6869e+14
4.40946e+14
3.17761e+14
3.99709e+14
4.59672e+14
2.48361e+15
5.19422e+15
7.16978e+15
5.84903e+15
8.2089e+15
8.04995e+15
6.5972e+15
5.20087e+15
6.92338e+15
6.22135e+15
3.63766e+15
3.66606e+15
2.75678e+15
2.49464e+15
6.5091e+14
8.26428e+14
1.84677e+15
1.38111e+15
1.22095e+15
1.24854e+15
1.59135e+15
2.29935e+15
4.1503e+15
4.15872e+15
6.92879e+15
5.81162e+15
7.50724e+15
9.3854e+15
9.97642e+15
1.38097e+16
1.14435e+16
1.09296e+16
1.00503e+16
8.52847e+15
1.1261e+16
1.25121e+16
1.23219e+16
1.00272e+16
6.34262e+15
4.86075e+15
2.98101e+15
1.72982e+15
7.81924e+14
3.70447e+14
6.81198e+14
2.58683e+14
1.04595e+15
6.58829e+14
2.17381e+14
1.38351e+15
3.29088e+15
1.47633e+15
1.86072e+15
1.92418e+15
3.06937e+15
2.45624e+15
5.43701e+15
3.39229e+15
3.75759e+15
4.15032e+15
5.51627e+15
7.56527e+15
4.66822e+15
5.57107e+15
1.3417e+16
1.04311e+16
1.33543e+16
1.09971e+16
2.41873e+16
2.15119e+16
3.50286e+16
2.66314e+16
4.57354e+16
4.22006e+16
6.00258e+16
5.56727e+16
6.2195e+16
6.08684e+16
8.21754e+16
7.33044e+16
1.27554e+17
1.24868e+17
1.85434e+17
1.79568e+17
2.91636e+17
2.41577e+17
4.84241e+17
4.97763e+17
1.96461e+18
3.46199e+18
4.56446e+19
7.95295e+19
1.61832e+19
7.58683e+18
1.5068e+18
8.07193e+17
3.89817e+17
2.60472e+17
1.65159e+17
1.19082e+17
9.44115e+16
6.97949e+16
5.07694e+16
3.36571e+16
4.73499e+16
3.35907e+16
2.61883e+16
1.69425e+16
7.41821e+15
4.72471e+15
4.99401e+15
3.60573e+15
4.59921e+15
3.22518e+15
3.50819e+15
2.3577e+15
2.32895e+15
9.58954e+14
2.88401e+15
3.11827e+15
2.03793e+15
1.72438e+15
8.25429e+14
5.07273e+14
2.03108e+15
1.70792e+15
1.77003e+15
8.24206e+14
1.58159e+15
6.65092e+14
1.61825e+15
6.11564e+14
9.66634e+14
7.89091e+14
1.824e+15
8.96228e+14
5.54053e+14
8.6799e+14
1.25697e+15
1.21623e+15
2.67943e+15
2.34158e+15
3.4579e+15
5.18264e+15
8.11153e+15
8.25271e+15
1.09836e+16
9.49284e+15
7.90858e+15
6.32812e+15
8.28034e+15
7.51575e+15
5.82322e+15
4.51101e+15
3.46494e+15
3.78747e+15
2.3677e+15
2.59012e+15
9.60529e+14
1.26595e+15
7.23341e+14
1.31659e+15
5.79652e+13
3.32471e+13
2.6842e+13
4.85934e+13
6.49685e+13
9.98167e+13
3.13751e+14
1.39189e+14
1.51214e+14
3.88974e+14
1.29859e+14
9.62998e+13
2.34075e+14
1.57529e+14
6.55019e+14
4.53107e+14
9.40486e+13
8.01504e+13
2.44364e+14
1.64951e+14
4.67944e+14
3.05415e+14
2.71501e+14
2.23579e+14
3.03342e+14
1.52183e+14
6.85841e+14
3.61832e+14
3.48396e+14
5.45108e+14
3.34344e+15
5.7714e+15
8.54283e+15
6.29802e+15
9.23696e+15
9.38684e+15
7.32077e+15
5.805e+15
8.59082e+15
7.2392e+15
4.48516e+15
3.18541e+15
3.1334e+15
2.61976e+15
9.35153e+14
8.98682e+14
2.10796e+15
1.47102e+15
2.55072e+15
2.60274e+15
1.75127e+15
2.42225e+15
4.63184e+15
5.18128e+15
7.67033e+15
8.09123e+15
8.62949e+15
1.01475e+16
1.26478e+16
1.57897e+16
1.37534e+16
1.33281e+16
1.45485e+16
1.21815e+16
1.32294e+16
1.6305e+16
1.80314e+16
1.29858e+16
1.241e+16
8.27183e+15
8.3309e+15
4.01632e+15
2.82824e+15
1.15073e+15
1.75529e+15
8.66405e+14
1.90926e+15
1.945e+15
1.57537e+15
1.9384e+15
4.94845e+15
3.51677e+15
3.76694e+15
4.74881e+15
5.06117e+15
5.42582e+15
7.10939e+15
7.43761e+15
1.03613e+16
8.44092e+15
1.03676e+16
1.15087e+16
1.58747e+16
1.21422e+16
2.14855e+16
2.27627e+16
3.14422e+16
2.65999e+16
4.86785e+16
4.69987e+16
6.78981e+16
5.64401e+16
8.49042e+16
7.6325e+16
1.13948e+17
1.02478e+17
1.33332e+17
1.05191e+17
1.9158e+17
1.62923e+17
2.75503e+17
2.42241e+17
4.26423e+17
3.60266e+17
6.11526e+17
5.67686e+17
1.26667e+18
1.23278e+18
5.1049e+18
8.31839e+18
4.9265e+19
7.61247e+19
1.26031e+19
6.44067e+18
1.75691e+18
1.09626e+18
5.67392e+17
3.88784e+17
2.42749e+17
1.86095e+17
1.51831e+17
1.04158e+17
9.90445e+16
7.2279e+16
7.1075e+16
5.30892e+16
3.05394e+16
1.96583e+16
1.88606e+16
1.59464e+16
1.17133e+16
6.76573e+15
9.86189e+15
5.90026e+15
9.7011e+15
6.68411e+15
6.14948e+15
5.12806e+15
6.57366e+15
5.02805e+15
3.19747e+15
2.27168e+15
2.64852e+15
2.59394e+15
3.22234e+15
1.30498e+15
3.71869e+15
3.17139e+15
1.9552e+15
1.90502e+15
3.00686e+15
1.75274e+15
2.81987e+15
3.37526e+15
1.16153e+15
1.11196e+15
1.44479e+15
1.84653e+15
4.60653e+15
3.13243e+15
5.05598e+15
3.14477e+15
6.25636e+15
7.30887e+15
1.24739e+16
1.26655e+16
1.43315e+16
1.29314e+16
1.09839e+16
9.53492e+15
1.10399e+16
8.41037e+15
7.01869e+15
5.4166e+15
4.00379e+15
4.50288e+15
4.12318e+15
3.49227e+15
1.26106e+15
1.04833e+15
8.57404e+14
5.41953e+14
6.21208e+13
3.54715e+13
2.22983e+13
4.62482e+13
1.94088e+14
1.21525e+14
4.28451e+14
1.9896e+14
2.32464e+14
3.92316e+14
1.44263e+14
1.53222e+14
3.37516e+14
2.51743e+14
8.11142e+14
6.00425e+14
1.68711e+14
1.14499e+14
2.33886e+14
4.90969e+14
6.60352e+14
3.80066e+14
5.25838e+14
4.25382e+14
3.11115e+14
2.52631e+14
1.00988e+15
7.00157e+14
6.95554e+14
7.96053e+14
4.59266e+15
7.74613e+15
9.74087e+15
6.71529e+15
1.00538e+16
1.04015e+16
9.25291e+15
7.64135e+15
1.12612e+16
8.47343e+15
4.51687e+15
3.31263e+15
3.34692e+15
2.57154e+15
1.31318e+15
1.50215e+15
2.25266e+15
1.57711e+15
2.86535e+15
3.49261e+15
2.03146e+15
3.91107e+15
4.95615e+15
6.82872e+15
9.91436e+15
9.94726e+15
1.14622e+16
1.21192e+16
1.60555e+16
1.74518e+16
1.77896e+16
1.6187e+16
2.06696e+16
1.6102e+16
1.83751e+16
2.07924e+16
2.75678e+16
2.21182e+16
2.51316e+16
1.93213e+16
2.01526e+16
1.17219e+16
1.45476e+16
6.80574e+15
5.77831e+15
3.5505e+15
1.03467e+16
5.56809e+15
1.02202e+16
5.15709e+15
1.09775e+16
4.57848e+15
1.30213e+16
1.11947e+16
2.01805e+16
1.55568e+16
2.69306e+16
1.52147e+16
1.92268e+16
2.10244e+16
3.61191e+16
2.62375e+16
5.51279e+16
4.27828e+16
6.0989e+16
4.7712e+16
8.16793e+16
6.25083e+16
1.02332e+17
8.16772e+16
1.57859e+17
1.34021e+17
1.90186e+17
1.66443e+17
2.22352e+17
2.27352e+17
2.91427e+17
2.28504e+17
4.27854e+17
3.77395e+17
6.07498e+17
5.31394e+17
9.08848e+17
8.19476e+17
1.43175e+18
1.25796e+18
2.70739e+18
2.88069e+18
9.83548e+18
1.50792e+19
5.33282e+19
7.44391e+19
9.921e+18
5.29644e+18
1.95765e+18
1.31808e+18
7.33558e+17
4.84184e+17
3.28459e+17
2.44354e+17
1.87953e+17
1.48157e+17
1.11918e+17
1.00832e+17
7.45438e+16
6.1022e+16
4.69913e+16
3.31933e+16
3.34484e+16
2.60206e+16
2.33505e+16
1.82189e+16
1.57513e+16
1.35545e+16
1.40904e+16
9.94742e+15
7.15308e+15
8.13262e+15
8.05262e+15
6.6404e+15
5.92271e+15
5.93918e+15
4.52787e+15
3.79995e+15
5.24043e+15
3.82978e+15
5.37469e+15
5.09128e+15
3.9525e+15
3.50202e+15
4.07093e+15
3.88492e+15
3.4521e+15
3.08512e+15
3.60947e+15
3.33255e+15
7.11415e+15
6.25277e+15
4.39637e+15
4.67668e+15
5.82801e+15
6.07474e+15
1.12001e+16
1.03191e+16
1.7798e+16
1.65488e+16
1.81008e+16
1.54825e+16
1.2141e+16
1.21932e+16
1.16693e+16
1.02094e+16
9.03227e+15
6.4648e+15
5.25911e+15
6.08434e+15
5.80334e+15
5.73408e+15
1.22094e+15
1.19583e+15
8.08263e+14
5.97008e+14
9.87768e+14
1.17861e+14
3.60954e+13
2.57707e+13
1.74549e+14
2.50619e+14
3.30008e+14
3.66148e+14
2.4359e+14
4.18691e+14
4.75862e+14
1.91917e+14
3.96433e+14
3.58534e+14
8.49752e+14
8.2078e+14
3.62605e+14
3.7127e+14
2.45118e+14
7.30275e+14
8.11882e+14
5.11903e+14
7.25076e+14
7.33115e+14
3.06077e+14
2.02847e+14
5.04351e+14
4.65834e+14
8.03507e+14
2.77606e+15
4.62484e+15
8.61489e+15
1.05826e+16
8.54571e+15
1.13752e+16
1.1092e+16
1.02815e+16
9.00541e+15
1.15685e+16
9.96772e+15
4.87025e+15
3.83489e+15
3.95589e+15
2.98651e+15
2.0473e+15
1.93575e+15
1.43843e+15
2.41772e+15
2.329e+15
3.56264e+15
3.10354e+15
4.61444e+15
8.2461e+15
7.36132e+15
1.4683e+16
1.24922e+16
1.48941e+16
1.48028e+16
1.80358e+16
2.20793e+16
2.36121e+16
2.09995e+16
2.38285e+16
2.25948e+16
2.65099e+16
2.57169e+16
4.20548e+16
3.76527e+16
4.55358e+16
3.99512e+16
5.54235e+16
4.03275e+16
5.46722e+16
3.239e+16
3.28069e+16
1.53409e+16
3.70648e+16
2.7755e+16
3.82616e+16
2.0995e+16
3.86781e+16
2.71042e+16
3.59908e+16
2.96044e+16
5.10364e+16
4.84385e+16
6.94796e+16
5.26642e+16
6.99536e+16
6.05349e+16
9.12268e+16
8.39794e+16
1.05252e+17
8.96443e+16
1.41786e+17
1.10231e+17
1.80587e+17
1.48539e+17
2.21985e+17
1.78851e+17
2.86502e+17
2.44982e+17
3.87534e+17
3.16555e+17
4.84101e+17
4.30762e+17
6.27952e+17
5.15856e+17
8.03865e+17
7.37035e+17
1.23007e+18
1.13997e+18
1.85599e+18
1.72923e+18
2.64958e+18
2.65367e+18
4.85016e+18
5.35309e+18
1.48384e+19
2.15158e+19
4.87401e+19
6.42135e+19
8.16692e+18
4.23501e+18
2.10487e+18
1.49826e+18
8.13734e+17
5.94748e+17
3.98404e+17
3.21795e+17
2.45178e+17
2.10259e+17
1.30313e+17
1.18767e+17
9.19258e+16
7.36811e+16
6.88191e+16
4.87023e+16
4.15717e+16
3.48772e+16
3.43583e+16
2.32483e+16
2.16865e+16
1.84939e+16
1.36149e+16
1.16026e+16
2.01867e+16
1.68471e+16
1.78177e+16
1.50649e+16
1.20351e+16
8.76485e+15
6.35129e+15
6.05974e+15
7.56572e+15
5.50365e+15
6.99713e+15
6.24675e+15
7.71814e+15
4.99923e+15
5.31503e+15
5.79049e+15
6.53319e+15
5.57943e+15
8.53817e+15
9.32179e+15
8.82383e+15
6.08684e+15
4.86134e+15
4.87009e+15
1.02917e+16
1.05617e+16
1.86312e+16
1.84222e+16
2.37574e+16
2.25153e+16
2.03577e+16
1.90627e+16
1.42309e+16
1.44511e+16
1.42648e+16
1.14772e+16
1.1639e+16
7.87917e+15
6.18006e+15
7.83871e+15
5.72954e+15
4.91371e+15
1.69152e+15
1.44823e+15
1.37135e+15
9.14751e+14
4.59006e+14
3.85283e+14
4.82568e+13
4.72674e+13
3.04803e+14
3.30462e+14
5.19873e+14
3.58658e+14
2.54965e+14
4.25903e+14
5.33344e+14
8.67029e+14
6.62059e+14
8.52494e+14
1.17639e+15
1.07592e+15
5.53327e+14
7.69441e+14
2.74678e+14
7.39495e+14
5.37483e+14
6.88422e+14
7.23419e+14
7.41272e+14
5.27414e+14
2.14654e+14
4.26684e+14
1.31899e+15
1.12197e+15
1.17152e+15
6.38679e+15
8.7563e+15
1.12365e+16
9.24795e+15
1.18706e+16
1.17775e+16
1.13969e+16
9.28221e+15
1.34078e+16
1.03389e+16
6.34457e+15
5.48754e+15
4.37416e+15
3.04121e+15
2.0459e+15
2.42275e+15
1.73158e+15
1.54048e+15
2.20097e+15
3.56639e+15
4.06759e+15
8.11447e+15
9.64565e+15
1.24706e+16
1.59881e+16
1.44247e+16
1.81435e+16
1.92183e+16
2.14618e+16
2.26891e+16
2.86018e+16
2.63213e+16
2.79075e+16
2.8181e+16
3.19623e+16
3.59778e+16
5.73509e+16
5.52198e+16
7.52164e+16
7.27918e+16
1.11234e+17
9.53038e+16
1.58286e+17
1.12297e+17
1.04967e+17
6.95756e+16
1.06239e+17
7.70297e+16
1.10805e+17
7.08812e+16
1.00093e+17
7.96129e+16
1.03321e+17
7.78358e+16
1.2987e+17
1.12247e+17
1.73837e+17
1.30967e+17
1.87803e+17
1.38624e+17
2.09007e+17
1.81116e+17
2.5436e+17
1.93316e+17
2.72201e+17
2.55122e+17
3.41581e+17
3.1067e+17
5.07154e+17
4.02239e+17
5.597e+17
4.75607e+17
6.97532e+17
6.57531e+17
8.41253e+17
7.99279e+17
1.13844e+18
1.06809e+18
1.5655e+18
1.42713e+18
2.29011e+18
2.05599e+18
2.94609e+18
2.82976e+18
4.43434e+18
4.4575e+18
7.65033e+18
8.55023e+18
1.86766e+19
2.55705e+19
4.46969e+19
5.61613e+19
8.74813e+18
4.58035e+18
1.75595e+18
1.51641e+18
8.47301e+17
7.04017e+17
4.80749e+17
3.8594e+17
2.69934e+17
2.04178e+17
1.80269e+17
1.39623e+17
1.2287e+17
1.01744e+17
8.35044e+16
6.72975e+16
5.28697e+16
5.0652e+16
3.94032e+16
3.11417e+16
3.94739e+16
2.72196e+16
2.46003e+16
2.46123e+16
2.56783e+16
2.16817e+16
1.63156e+16
1.69502e+16
2.2472e+16
1.47049e+16
1.16616e+16
1.28856e+16
1.26687e+16
9.89669e+15
1.18003e+16
1.44369e+16
9.94526e+15
8.23995e+15
8.78416e+15
8.69626e+15
1.20891e+16
1.20197e+16
1.21594e+16
1.14949e+16
7.61732e+15
7.40896e+15
9.6204e+15
1.01115e+16
1.71486e+16
1.84945e+16
2.51334e+16
2.77993e+16
3.05915e+16
2.5874e+16
2.40218e+16
2.4128e+16
2.05357e+16
1.83958e+16
1.74796e+16
1.4166e+16
1.45047e+16
8.9086e+15
9.57761e+15
7.8472e+15
6.9398e+15
4.14037e+15
2.16686e+15
1.44471e+15
1.75143e+15
1.88101e+15
5.97098e+14
5.1334e+14
8.34277e+13
4.67431e+14
1.40305e+14
4.36434e+14
5.19357e+14
6.25091e+14
8.84019e+14
4.33012e+14
8.13545e+14
1.02139e+15
1.22263e+15
1.11873e+15
1.93959e+15
1.49845e+15
1.02806e+15
1.18601e+15
9.95489e+14
7.63443e+14
6.36084e+14
5.04566e+14
8.6565e+14
7.65897e+14
8.23561e+14
6.79163e+14
5.16293e+14
4.14936e+14
1.923e+15
1.08658e+15
6.13007e+15
9.34772e+15
1.37476e+16
1.12093e+16
1.28962e+16
1.32105e+16
1.23378e+16
1.02084e+16
1.55712e+16
1.17436e+16
6.30814e+15
4.83974e+15
4.72849e+15
3.42959e+15
1.42412e+15
2.42537e+15
1.77439e+15
2.16751e+15
3.33802e+15
3.19835e+15
4.56334e+15
5.87903e+15
9.83388e+15
1.28312e+16
1.8464e+16
1.60522e+16
2.42574e+16
2.53149e+16
2.51178e+16
2.91978e+16
3.29238e+16
3.20951e+16
3.81982e+16
3.63956e+16
4.16104e+16
4.28441e+16
7.15625e+16
7.94161e+16
1.1235e+17
1.13014e+17
1.85251e+17
1.72376e+17
2.72552e+17
2.43699e+17
2.7085e+17
2.01104e+17
2.43949e+17
2.06248e+17
2.51905e+17
1.99786e+17
2.58649e+17
2.00919e+17
2.32936e+17
2.08599e+17
2.67047e+17
2.22353e+17
3.25587e+17
2.84237e+17
3.80495e+17
3.14702e+17
3.96535e+17
3.59666e+17
4.67607e+17
4.12793e+17
5.58595e+17
4.82513e+17
6.19808e+17
5.83694e+17
8.39793e+17
8.05746e+17
1.0155e+18
9.31306e+17
1.16399e+18
1.1002e+18
1.49444e+18
1.33707e+18
1.80883e+18
1.77232e+18
2.32256e+18
2.34217e+18
3.2097e+18
3.21067e+18
4.20504e+18
4.22647e+18
5.91012e+18
6.55211e+18
1.02239e+19
1.16495e+19
2.09001e+19
2.67993e+19
3.88545e+19
4.71674e+19
7.15774e+18
4.61647e+18
1.72528e+18
1.38116e+18
8.65521e+17
7.56755e+17
5.18466e+17
4.25124e+17
3.06312e+17
2.66629e+17
1.9025e+17
1.56662e+17
1.40899e+17
1.24152e+17
1.03583e+17
8.50622e+16
7.71645e+16
6.5897e+16
6.00403e+16
4.80924e+16
4.52901e+16
3.6637e+16
3.37212e+16
3.45492e+16
2.85743e+16
2.09304e+16
2.68806e+16
2.06456e+16
2.57909e+16
1.41935e+16
1.51978e+16
1.72746e+16
1.57544e+16
1.62693e+16
1.67687e+16
1.55898e+16
1.15342e+16
1.70851e+16
1.65913e+16
1.99661e+16
1.85527e+16
1.39154e+16
1.53852e+16
1.8335e+16
1.89654e+16
1.14333e+16
1.71058e+16
1.57275e+16
2.60447e+16
2.49144e+16
3.45127e+16
3.64303e+16
3.74878e+16
3.16245e+16
2.81066e+16
2.50567e+16
2.44648e+16
2.47184e+16
2.29365e+16
1.76572e+16
1.89436e+16
1.28008e+16
1.24698e+16
1.08156e+16
7.2557e+15
5.2607e+15
5.1521e+15
1.93762e+15
1.67958e+15
1.04029e+15
1.62818e+15
9.20017e+14
3.86907e+14
4.84002e+14
4.99386e+14
4.7082e+14
6.75665e+14
7.08836e+14
9.38595e+14
1.0832e+15
7.4693e+14
1.06891e+15
1.7457e+15
1.35616e+15
3.02398e+15
2.32328e+15
1.23856e+15
1.77639e+15
7.23759e+14
2.51586e+15
5.96856e+14
5.15179e+14
9.34174e+14
8.72774e+14
1.13114e+15
8.20412e+14
6.24182e+14
5.84861e+14
2.45139e+15
3.25829e+15
6.68215e+15
9.73285e+15
1.482e+16
1.32528e+16
1.38553e+16
1.48591e+16
1.32846e+16
1.07151e+16
1.47106e+16
1.24715e+16
6.58623e+15
4.7407e+15
5.16194e+15
3.81166e+15
1.1998e+15
2.19803e+15
1.98378e+15
2.49708e+15
3.35464e+15
1.04307e+16
6.749e+15
5.83415e+15
1.01755e+16
1.23161e+16
2.29484e+16
2.15221e+16
2.81776e+16
2.77576e+16
3.10192e+16
3.23795e+16
3.84252e+16
4.14423e+16
4.48046e+16
4.56073e+16
5.50769e+16
5.21989e+16
8.95e+16
9.76917e+16
1.52617e+17
1.44733e+17
2.64836e+17
2.69834e+17
3.73605e+17
3.83352e+17
4.16479e+17
3.43757e+17
4.27404e+17
3.48473e+17
4.16847e+17
3.62698e+17
4.21084e+17
3.60044e+17
4.68159e+17
3.84467e+17
4.61816e+17
3.91216e+17
5.61991e+17
4.82011e+17
5.59392e+17
5.20926e+17
6.3541e+17
5.57855e+17
7.25609e+17
6.8906e+17
8.28771e+17
7.57957e+17
9.98959e+17
9.87523e+17
1.1737e+18
1.18155e+18
1.43878e+18
1.31011e+18
1.68707e+18
1.59996e+18
2.04204e+18
1.91011e+18
2.51995e+18
2.46247e+18
3.05521e+18
3.06386e+18
3.91743e+18
4.03179e+18
5.19173e+18
5.56446e+18
7.36206e+18
8.14092e+18
1.17864e+19
1.36106e+19
2.12907e+19
2.621e+19
3.39933e+19
4.10518e+19
6.16947e+18
4.22467e+18
1.42219e+18
1.23983e+18
8.07801e+17
6.64602e+17
4.92423e+17
4.51527e+17
3.541e+17
2.7575e+17
2.28412e+17
1.83565e+17
1.49562e+17
1.28793e+17
1.25041e+17
9.13853e+16
8.24198e+16
7.35988e+16
6.99796e+16
5.43592e+16
5.21223e+16
5.15991e+16
4.15716e+16
4.0753e+16
3.34987e+16
3.09048e+16
3.19539e+16
2.72435e+16
2.79436e+16
2.31638e+16
1.78599e+16
1.75589e+16
3.1971e+16
2.58145e+16
2.59894e+16
1.54421e+16
2.37059e+16
2.25955e+16
1.75454e+16
1.91687e+16
2.25242e+16
3.02084e+16
3.46849e+16
2.73604e+16
3.13391e+16
2.51354e+16
3.2118e+16
2.6511e+16
4.07687e+16
3.40269e+16
4.78808e+16
4.37007e+16
4.38868e+16
3.77155e+16
3.67179e+16
3.19409e+16
3.1505e+16
2.80213e+16
2.85319e+16
2.32835e+16
2.66308e+16
1.63814e+16
1.79732e+16
1.24898e+16
8.17365e+15
6.73486e+15
5.74116e+15
3.75768e+15
1.93632e+15
8.57484e+14
2.1621e+15
1.15288e+15
9.53387e+14
1.17551e+15
7.65077e+14
4.63606e+14
1.11622e+15
7.33408e+14
5.8762e+14
1.00282e+15
1.36468e+15
9.09875e+14
2.82287e+15
2.27575e+15
3.83412e+15
3.4413e+15
1.30433e+15
2.50735e+15
7.92316e+14
1.08863e+15
1.36505e+15
5.61852e+14
1.25946e+15
8.63225e+14
1.1372e+15
1.03313e+15
5.76618e+14
6.54262e+14
3.01242e+15
4.92865e+15
8.64716e+15
1.08358e+16
1.45361e+16
1.31855e+16
1.53454e+16
1.634e+16
1.54015e+16
1.16013e+16
1.4688e+16
1.34317e+16
6.76281e+15
5.01477e+15
6.7392e+15
4.359e+15
1.30511e+15
2.13906e+15
2.31156e+15
2.24629e+15
4.04222e+15
9.77715e+15
1.19831e+16
8.13138e+15
1.33944e+16
1.48078e+16
2.61277e+16
2.90368e+16
3.25469e+16
3.2702e+16
3.68023e+16
3.75481e+16
4.69559e+16
5.1023e+16
4.83488e+16
5.34229e+16
6.48849e+16
6.69483e+16
1.07054e+17
1.20044e+17
1.82566e+17
2.01427e+17
3.40355e+17
3.65941e+17
4.73492e+17
4.94667e+17
5.28987e+17
5.36089e+17
6.09055e+17
5.78999e+17
6.21219e+17
5.56657e+17
6.6483e+17
5.80304e+17
6.34601e+17
6.19955e+17
6.50803e+17
6.34748e+17
7.71061e+17
7.05338e+17
8.27395e+17
7.40872e+17
8.86051e+17
8.52263e+17
1.03742e+18
9.36106e+17
1.1946e+18
1.10468e+18
1.35749e+18
1.36439e+18
1.58146e+18
1.49832e+18
1.81564e+18
1.73281e+18
2.26064e+18
2.08957e+18
2.50615e+18
2.48008e+18
3.05467e+18
3.0528e+18
3.75607e+18
3.89533e+18
4.45398e+18
4.75351e+18
5.99984e+18
6.44191e+18
8.65409e+18
9.41014e+18
1.29024e+19
1.45863e+19
2.09535e+19
2.51947e+19
3.04784e+19
3.59738e+19
5.51104e+18
3.5286e+18
1.26058e+18
1.03228e+18
6.92997e+17
6.33897e+17
4.92222e+17
4.32023e+17
2.68759e+17
2.76154e+17
2.02661e+17
1.80312e+17
1.53371e+17
1.50958e+17
1.37574e+17
1.25068e+17
1.04088e+17
1.14902e+17
8.47227e+16
7.65356e+16
7.2148e+16
5.2231e+16
4.84215e+16
3.96807e+16
4.44492e+16
3.61951e+16
3.94347e+16
3.6959e+16
3.0879e+16
2.95843e+16
3.14729e+16
3.24383e+16
3.3824e+16
3.51331e+16
4.49098e+16
3.23271e+16
3.03184e+16
2.4962e+16
3.07293e+16
2.4679e+16
3.92883e+16
3.866e+16
3.92356e+16
4.21545e+16
4.45602e+16
3.3988e+16
4.51079e+16
4.1168e+16
4.95438e+16
4.69059e+16
5.91214e+16
5.16985e+16
5.59346e+16
4.53518e+16
4.1629e+16
3.63712e+16
3.87847e+16
3.72399e+16
3.25853e+16
2.89838e+16
2.78625e+16
2.23633e+16
2.36224e+16
1.50421e+16
9.68099e+15
8.08531e+15
1.04474e+16
5.3293e+15
1.38904e+15
1.33202e+15
3.10385e+15
1.80259e+15
1.14616e+15
1.13287e+15
1.28719e+14
9.24666e+14
1.36707e+15
9.30526e+14
6.39584e+14
1.44174e+15
2.26573e+15
1.29506e+15
2.76363e+15
4.08634e+15
5.48775e+15
4.46662e+15
2.02144e+15
2.5832e+15
1.00875e+15
1.13093e+15
1.1616e+15
7.92011e+14
7.67597e+14
7.44189e+14
6.57401e+14
1.10054e+15
9.00605e+14
1.23077e+15
1.71036e+15
5.50159e+15
1.09086e+16
1.1899e+16
1.75578e+16
1.38468e+16
1.56394e+16
1.73342e+16
1.64709e+16
1.4784e+16
1.39917e+16
1.26766e+16
7.08395e+15
4.79006e+15
6.33869e+15
3.72014e+15
2.39616e+15
4.55623e+15
1.9032e+15
2.05686e+15
4.12421e+15
7.17693e+15
1.16322e+16
7.6551e+15
1.59851e+16
2.31864e+16
3.17272e+16
3.48776e+16
4.09315e+16
4.06367e+16
4.20608e+16
4.63574e+16
4.63509e+16
5.96294e+16
6.4362e+16
6.37211e+16
7.53886e+16
8.44974e+16
1.26284e+17
1.39518e+17
2.22475e+17
2.45518e+17
4.0151e+17
4.51597e+17
5.75786e+17
5.69426e+17
6.88639e+17
6.60256e+17
8.18845e+17
7.47738e+17
8.96105e+17
8.06816e+17
8.85175e+17
8.2757e+17
8.51963e+17
8.20488e+17
9.32624e+17
8.7721e+17
9.7477e+17
9.2779e+17
1.049e+18
9.82834e+17
1.10279e+18
1.04205e+18
1.27215e+18
1.25528e+18
1.29048e+18
1.47551e+18
1.61376e+18
1.6769e+18
1.86015e+18
1.91357e+18
2.23553e+18
2.20707e+18
2.52861e+18
2.49498e+18
2.80071e+18
2.96829e+18
3.4827e+18
3.64993e+18
4.23722e+18
4.31635e+18
5.1295e+18
5.52041e+18
6.79706e+18
7.34693e+18
9.2426e+18
1.01713e+19
1.34157e+19
1.5749e+19
2.01703e+19
2.37148e+19
2.80254e+19
3.2513e+19
5.69067e+18
3.72983e+18
1.0577e+18
9.58183e+17
6.59577e+17
5.23312e+17
4.28192e+17
4.0364e+17
3.19974e+17
2.93326e+17
2.40333e+17
2.12857e+17
1.91189e+17
1.48396e+17
1.64435e+17
1.29312e+17
1.06489e+17
1.02745e+17
9.20143e+16
9.07094e+16
7.1122e+16
6.76711e+16
5.34474e+16
5.68915e+16
4.86411e+16
4.79913e+16
5.04535e+16
4.0481e+16
5.64403e+16
3.74759e+16
4.69534e+16
4.52053e+16
5.22688e+16
4.51539e+16
4.00323e+16
4.0957e+16
4.79026e+16
4.14682e+16
3.67505e+16
3.49525e+16
4.01663e+16
4.08817e+16
4.77884e+16
4.70876e+16
5.25133e+16
5.43301e+16
6.27858e+16
6.05616e+16
6.15994e+16
6.01786e+16
6.6459e+16
6.5435e+16
6.20363e+16
5.58508e+16
5.09087e+16
4.30154e+16
4.03927e+16
4.16144e+16
3.64038e+16
3.3941e+16
2.71653e+16
2.61938e+16
2.49154e+16
1.70774e+16
1.53799e+16
1.28655e+16
1.23367e+16
7.91132e+15
1.80925e+15
8.63004e+14
2.97037e+15
2.90204e+15
1.13025e+15
1.23565e+15
1.53433e+14
4.09346e+14
1.84185e+15
8.56507e+14
6.14378e+14
6.21025e+14
4.64827e+15
1.6781e+15
4.46111e+15
5.0211e+15
7.04076e+15
6.05885e+15
2.63526e+15
2.77116e+15
1.64937e+15
1.52827e+15
9.0033e+14
8.67374e+14
6.74149e+14
5.02649e+14
7.68335e+14
7.58885e+14
8.85265e+14
2.53604e+15
3.74651e+15
2.94524e+15
1.31015e+16
1.30379e+16
1.80743e+16
1.6088e+16
1.51751e+16
1.81901e+16
1.73239e+16
1.74516e+16
1.34149e+16
1.22585e+16
7.22638e+15
5.49036e+15
6.83474e+15
3.73684e+15
1.7827e+15
3.5639e+15
3.45826e+15
1.99601e+15
3.48261e+15
4.53893e+15
1.06841e+16
8.1606e+15
1.42613e+16
2.19981e+16
3.44642e+16
3.58704e+16
4.27305e+16
4.22516e+16
4.76184e+16
4.99107e+16
5.65453e+16
6.30591e+16
7.45236e+16
7.37016e+16
8.81622e+16
9.8444e+16
1.43305e+17
1.54628e+17
2.66476e+17
2.88657e+17
4.61406e+17
5.1333e+17
6.37291e+17
6.65101e+17
7.59332e+17
7.99502e+17
9.77851e+17
9.8274e+17
1.04251e+18
1.04048e+18
1.00065e+18
9.92707e+17
1.1413e+18
1.04226e+18
1.11542e+18
1.14273e+18
1.21077e+18
1.22411e+18
1.37445e+18
1.27109e+18
1.38292e+18
1.36092e+18
1.43417e+18
1.39126e+18
1.58873e+18
1.65895e+18
1.81328e+18
1.93745e+18
2.2364e+18
2.17084e+18
2.37328e+18
2.46338e+18
2.81542e+18
2.82615e+18
3.36527e+18
3.34049e+18
3.88765e+18
4.0799e+18
4.59636e+18
4.71936e+18
5.29296e+18
5.76241e+18
6.92927e+18
7.519e+18
9.30482e+18
1.08238e+19
1.36296e+19
1.54733e+19
1.94095e+19
2.24205e+19
2.55156e+19
3.00814e+19
4.91665e+18
3.43339e+18
8.81954e+17
8.01911e+17
6.44009e+17
5.45271e+17
4.45386e+17
3.6162e+17
2.96691e+17
2.6887e+17
2.25606e+17
1.93445e+17
1.8452e+17
1.75386e+17
1.48153e+17
1.66431e+17
1.40275e+17
1.076e+17
1.08192e+17
1.27383e+17
1.07158e+17
8.67182e+16
7.91123e+16
6.30811e+16
7.70422e+16
7.2996e+16
6.77003e+16
7.02965e+16
4.98754e+16
4.95301e+16
5.3777e+16
5.23627e+16
6.28642e+16
6.40712e+16
6.01315e+16
5.10784e+16
4.67573e+16
5.55287e+16
5.46134e+16
5.31417e+16
5.24946e+16
4.97787e+16
7.10396e+16
6.55696e+16
6.72789e+16
6.46407e+16
7.50619e+16
7.41128e+16
7.5867e+16
7.48902e+16
7.52396e+16
7.34143e+16
6.84358e+16
6.67922e+16
5.60899e+16
4.61581e+16
4.97015e+16
4.76091e+16
4.0082e+16
3.65575e+16
3.06801e+16
3.19933e+16
2.87229e+16
2.0685e+16
1.69358e+16
1.8348e+16
1.04218e+16
1.16991e+16
6.15894e+15
4.2262e+15
5.44572e+15
3.54471e+15
1.04629e+15
1.35921e+15
1.13833e+14
2.0342e+14
1.66502e+15
9.92252e+14
7.64602e+14
1.04793e+15
6.67681e+15
3.78628e+15
4.88979e+15
6.54035e+15
8.52611e+15
7.20955e+15
2.16841e+15
2.69475e+15
1.51982e+15
1.89354e+15
7.32144e+14
9.88422e+14
7.18397e+14
4.63324e+14
8.18797e+14
7.39854e+14
7.08541e+14
1.03744e+15
4.59006e+15
5.16567e+15
1.32481e+16
1.36081e+16
1.94011e+16
1.75065e+16
1.59514e+16
1.87536e+16
1.77119e+16
1.67644e+16
1.42938e+16
1.26163e+16
8.09385e+15
6.00598e+15
6.34374e+15
3.57397e+15
2.1763e+15
2.02917e+15
3.89138e+15
3.33218e+15
5.19615e+15
5.71373e+15
9.56057e+15
9.88362e+15
1.52353e+16
2.12347e+16
4.26239e+16
4.88806e+16
4.71844e+16
4.60516e+16
5.46976e+16
6.27808e+16
6.64288e+16
6.76784e+16
8.64813e+16
8.68644e+16
1.05424e+17
1.16059e+17
1.45946e+17
1.89503e+17
2.71771e+17
3.4057e+17
4.80473e+17
5.75282e+17
7.19763e+17
7.36864e+17
7.74225e+17
8.06759e+17
1.025e+18
1.04391e+18
1.07116e+18
1.19849e+18
1.23091e+18
1.06109e+18
1.21275e+18
1.22289e+18
1.29294e+18
1.21627e+18
1.33948e+18
1.38268e+18
1.40518e+18
1.44108e+18
1.59488e+18
1.53386e+18
1.64787e+18
1.58924e+18
1.78759e+18
1.81869e+18
1.89356e+18
1.99293e+18
2.3352e+18
2.36749e+18
2.63348e+18
2.66207e+18
2.91541e+18
3.05095e+18
3.46987e+18
3.71564e+18
3.92762e+18
4.12511e+18
4.7455e+18
4.90533e+18
5.73466e+18
6.07029e+18
7.17734e+18
7.54408e+18
9.61495e+18
1.06928e+19
1.34598e+19
1.53571e+19
1.90616e+19
2.121e+19
2.35677e+19
2.7736e+19
3.59311e+18
2.52083e+18
8.02507e+17
7.83907e+17
5.8456e+17
5.45335e+17
4.18028e+17
4.19027e+17
3.10345e+17
2.73848e+17
2.34463e+17
2.18286e+17
2.08492e+17
1.83685e+17
1.62043e+17
1.43712e+17
1.4385e+17
1.26443e+17
1.25786e+17
1.25056e+17
1.11234e+17
1.28844e+17
8.813e+16
9.92517e+16
1.16701e+17
8.23931e+16
6.89073e+16
6.21606e+16
5.97747e+16
6.21141e+16
6.84748e+16
7.44345e+16
8.01537e+16
6.63092e+16
6.60134e+16
5.45575e+16
6.42726e+16
6.03521e+16
6.09305e+16
6.37251e+16
7.75404e+16
7.46907e+16
9.12229e+16
6.95657e+16
7.50914e+16
7.93302e+16
7.69769e+16
7.5618e+16
8.39067e+16
7.78983e+16
8.59841e+16
7.83044e+16
7.06053e+16
7.01799e+16
5.39003e+16
5.11055e+16
5.98245e+16
5.1877e+16
4.34578e+16
4.22929e+16
3.24076e+16
3.28187e+16
3.54143e+16
2.84341e+16
2.67597e+16
1.8636e+16
2.78572e+16
2.36812e+16
1.28239e+16
5.58647e+15
4.84676e+15
6.18263e+15
1.11248e+15
1.4294e+15
1.135e+14
2.76344e+14
6.67318e+15
1.45714e+15
4.72542e+14
1.22615e+15
6.50794e+15
5.56945e+15
5.3344e+15
7.68018e+15
9.38624e+15
7.43935e+15
4.76577e+15
2.70516e+15
1.66763e+15
1.84552e+15
6.24059e+14
1.0551e+15
5.87237e+14
4.34464e+14
7.89328e+14
8.02049e+14
1.33704e+15
5.13199e+15
5.34196e+15
8.12831e+15
1.39504e+16
1.42426e+16
2.02879e+16
1.79726e+16
1.54611e+16
2.02085e+16
1.77203e+16
1.59303e+16
1.52507e+16
1.61254e+16
7.7456e+15
7.29375e+15
6.0644e+15
3.47462e+15
2.71182e+15
2.90519e+15
4.08864e+15
3.83366e+15
4.6048e+15
1.06614e+16
2.2174e+16
1.19784e+16
1.54398e+16
1.92074e+16
4.63272e+16
5.03169e+16
5.18353e+16
4.93929e+16
6.96275e+16
6.39669e+16
8.21787e+16
7.91809e+16
9.86376e+16
9.85824e+16
1.26045e+17
1.36463e+17
1.62745e+17
1.91659e+17
2.87991e+17
3.79772e+17
5.30856e+17
5.84992e+17
7.48498e+17
7.65556e+17
8.19325e+17
8.71718e+17
1.04539e+18
1.01008e+18
1.15843e+18
1.18436e+18
1.34571e+18
1.29174e+18
1.3445e+18
1.30624e+18
1.31084e+18
1.3834e+18
1.43412e+18
1.37789e+18
1.54419e+18
1.55448e+18
1.69e+18
1.8088e+18
1.79061e+18
1.78464e+18
1.87968e+18
1.97451e+18
1.99652e+18
2.04199e+18
2.4666e+18
2.43189e+18
2.66168e+18
2.95666e+18
3.14842e+18
3.17358e+18
3.48518e+18
3.70046e+18
4.15645e+18
4.19756e+18
4.75693e+18
5.04148e+18
5.63493e+18
6.22808e+18
7.10531e+18
7.8285e+18
9.46421e+18
1.04976e+19
1.31921e+19
1.47112e+19
1.82161e+19
2.14287e+19
2.20803e+19
2.69093e+19
1.79611e+18
1.65105e+18
6.9731e+17
6.51753e+17
5.15049e+17
4.88388e+17
3.77734e+17
4.48389e+17
3.09953e+17
2.75088e+17
2.16377e+17
2.33679e+17
2.11185e+17
1.77815e+17
1.87142e+17
1.87654e+17
1.67734e+17
1.22035e+17
9.42283e+16
8.42304e+16
9.76269e+16
8.00856e+16
1.12296e+17
6.98921e+16
1.01971e+17
7.2205e+16
9.60307e+16
7.37431e+16
9.21269e+16
8.66637e+16
8.29969e+16
9.57362e+16
7.27177e+16
6.77752e+16
8.4678e+16
7.23802e+16
8.06424e+16
7.8568e+16
8.95477e+16
8.73025e+16
7.65927e+16
7.29957e+16
8.17725e+16
8.72187e+16
7.27488e+16
6.85193e+16
8.71198e+16
8.33931e+16
8.39208e+16
8.24299e+16
9.66437e+16
8.51948e+16
7.32136e+16
7.02215e+16
5.27076e+16
5.27616e+16
6.01184e+16
5.58405e+16
4.57986e+16
4.44151e+16
2.96473e+16
3.53364e+16
3.76767e+16
3.39412e+16
2.80377e+16
2.80062e+16
3.03585e+16
2.78374e+16
6.60175e+15
1.43561e+16
3.96786e+15
4.72195e+15
4.83248e+15
3.70363e+15
2.74944e+14
1.99593e+14
4.37615e+15
3.32888e+15
3.00792e+14
7.50915e+14
8.05583e+15
8.37606e+15
6.79613e+15
8.15613e+15
6.95952e+15
6.89172e+15
3.95857e+15
3.93573e+15
1.16141e+15
1.78761e+15
7.76804e+14
6.78421e+14
5.25044e+14
3.74768e+14
7.67933e+14
7.1202e+14
1.79907e+15
4.47113e+15
5.59615e+15
5.30341e+15
1.45164e+16
1.49668e+16
1.89139e+16
1.75392e+16
1.55608e+16
2.00408e+16
1.75602e+16
1.59171e+16
1.19498e+16
1.3698e+16
6.77049e+15
6.57517e+15
3.94395e+15
3.01606e+15
1.93235e+15
2.28829e+15
4.26871e+15
5.35369e+15
8.63243e+15
1.23011e+16
1.90926e+16
1.85035e+16
2.40691e+16
1.93375e+16
4.43841e+16
5.16434e+16
5.17508e+16
5.24495e+16
7.62875e+16
8.80844e+16
1.05046e+17
9.79439e+16
1.27041e+17
1.24743e+17
1.44174e+17
1.54593e+17
1.91919e+17
2.07294e+17
2.98836e+17
3.58288e+17
5.15364e+17
6.22939e+17
7.50396e+17
7.90084e+17
7.68179e+17
8.40404e+17
9.78665e+17
1.01644e+18
1.0706e+18
1.15746e+18
1.25328e+18
1.38849e+18
1.46179e+18
1.39521e+18
1.31505e+18
1.42009e+18
1.46653e+18
1.61621e+18
1.56476e+18
1.74337e+18
1.66063e+18
1.85774e+18
1.92048e+18
1.84007e+18
1.91773e+18
2.05251e+18
2.18794e+18
2.13083e+18
2.48164e+18
2.60509e+18
2.54543e+18
2.88765e+18
3.37885e+18
3.3936e+18
3.42223e+18
3.48819e+18
4.04451e+18
4.47512e+18
4.72019e+18
5.21033e+18
5.75342e+18
6.16559e+18
7.01473e+18
7.64677e+18
9.13824e+18
1.02695e+19
1.26677e+19
1.39373e+19
1.70618e+19
2.15744e+19
2.36005e+19
2.59453e+19
1.77611e+17
6.52916e+16
4.47005e+15
1.3403e+15
9.25579e+15
2.59015e+16
3.63278e+15
7.20734e+15
4.69725e+14
2.93945e+16
4.65353e+16
1.21262e+17
6.33492e+16
3.68677e+16
1.04061e+17
6.847e+15
6.73537e+15
4.34971e+15
1.18946e+17
2.45517e+15
5.69201e+16
6.25151e+16
4.98326e+16
4.57762e+16
7.84581e+15
9.33727e+15
1.09885e+16
2.55435e+16
2.68818e+16
1.12865e+16
4.23906e+15
3.8676e+15
8.18938e+15
7.79871e+15
1.75564e+16
1.81048e+16
1.5964e+16
4.18445e+16
2.01945e+16
1.66801e+16
6.15705e+15
2.08917e+15
2.79981e+15
1.01885e+15
1.28124e+15
4.96864e+14
6.93624e+15
3.86559e+14
7.90662e+15
