0.115627
0.195584
0.0742813
0.834023
0.141686
0.187615
0.0951725
0.0538193
0.0414938
0.580141
0.390849
0.15226
0.120529
0.124881
0.103104
0.095159
0.151158
0.0508504
0.129582
0.18131
0.134889
0.160103
0.166871
0.0350902
0.110336
0.0901253
0.184345
0.202935
0.158383
0.160587
0.169812
0.0640809
0.101578
0.178807
0.191622
0.188669
0.193419
0.188971
0.197486
0.181483
0.195307
0.176717
0.172458
0.187945
0.166143
0.174267
0.163782
0.167256
0.208895
0.195733
0.131849
0.107993
0.121629
0.158046
0.100904
0.170643
0.144257
0.137148
0.132563
0.0916094
0.235826
0.275215
0.192806
0.160808
0.331365
0.174152
0.167257
0.100945
0.26074
0.198697
0.192748
0.388628
0.194161
0.101342
0.376016
0.166155
0.179686
0.410525
0.142871
0.43569
0.176435
0.173601
0.108418
0.126397
0.378582
0.195165
0.372557
0.143006
0.169638
0.171591
0.161593
0.179647
0.161669
0.162777
0.218749
0.495228
0.198593
0.155004
0.22889
0.269808
0.210759
0.171516
0.229395
0.145779
0.25062
0.349048
0.22269
0.142286
0.174937
0.209386
0.172867
0.152758
0.186122
0.177308
0.198066
0.157398
0.150287
0.167804
0.277677
0.145418
0.213446
0.440461
0.242046
0.196612
0.391601
0.155008
0.131589
0.179216
0.192685
0.398964
0.125495
0.109218
0.112418
0.107207
0.210878
0.227682
0.152875
0.139528
0.2205
0.187808
0.215514
0.0850475
0.219274
0.2125
0.166991
0.185431
0.342749
0.242721
0.251005
0.0945344
0.139528
0.157472
0.142873
0.0541368
0.155784
0.0761919
0.140784
0.0728586
0.342055
0.146889
0.173659
0.144647
0.079985
0.148602
0.252616
0.0731117
0.166444
0.314751
0.187297
0.192255
0.188653
0.190392
0.214113
0.146893
0.143311
0.155473
0.160276
0.313846
0.256302
0.151137
0.114021
0.10554
0.15572
0.149645
0.267506
0.227506
0.257945
0.217599
0.143416
0.185174
0.29821
0.144639
0.237937
0.151111
0.150225
0.169663
0.145233
0.198241
0.210136
0.31608
0.418451
0.166067
0.148594
0.146927
0.116098
0.118152
0.270413
0.362827
0.213447
0.187804
0.206021
0.0893742
0.0826608
0.154474
0.195942
0.217096
0.17033
0.156745
0.305804
0.175914
0.191261
0.126287
0.12332
0.122594
0.116239
0.132922
0.135958
0.118474
0.107548
0.0821598
0.168322
0.182857
0.0916277
0.128859
0.192073
0.160719
0.149821
0.132533
0.134091
0.187593
0.19731
0.165225
0.286817
0.155661
0.195123
0.121799
0.126737
0.176473
0.22929
0.234734
0.256968
0.164958
0.0953747
0.0987618
0.0961656
0.0980227
0.166818
0.244886
0.0953208
0.143575
0.18123
0.122044
0.118621
0.0787925
0.154763
0.213983
0.192943
0.308607
0.250358
0.0978191
0.0819149
0.153894
0.0923512
0.266642
0.147347
0.187032
0.211055
0.138294
0.251438
0.15185
0.149496
0.276883
0.146713
0.253765
0.182594
0.265866
0.22844
0.157458
0.242824
0.161401
0.0964471
0.0886934
0.172748
0.0750024
0.48424
0.470764
0.253454
0.167778
0.172004
0.142628
0.115258
0.125677
0.272669
0.203191
0.262491
0.248285
0.232246
0.179638
0.186791
0.212422
0.218081
0.177619
0.187496
0.197731
0.186083
0.185762
0.214643
0.177961
0.179991
0.15598
0.191533
0.187652
0.0701002
0.0977823
0.0955717
0.0870766
0.0739053
0.137571
0.0676621
0.0790121
0.133912
0.074126
0.0488876
0.0391188
0.0590979
0.0385423
0.0411658
0.0787019
0.0865582
0.0737907
0.0485789
0.0467522
0.0459947
0.0942597
0.0609828
0.059932
0.0519391
0.0896653
0.096623
0.0977976
0.0514302
0.0694759
0.050156
0.0467975
0.0487679
0.095316
0.0927999
0.0774085
0.0953434
0.0954339
0.0919073
0.126005
0.164716
0.208795
0.0404244
0.0407538
0.0492141
0.0407758
0.04315
0.0457661
0.0776687
0.148856
0.0641438
0.112064
0.0944338
0.111356
0.114821
0.454949
0.405172
0.149769
0.27741
0.115344
0.164422
0.199623
0.129256
0.0878533
0.0785092
0.0753294
0.0773458
0.0719165
0.0641834
0.0487275
0.0584381
0.0622155
0.0680671
0.115173
0.0813682
0.0312192
0.0345032
0.0533543
0.102641
0.095314
0.0751865
0.029613
0.188027
0.142689
0.144237
0.135624
0.259866
0.0970162
0.0997308
0.136495
0.0993193
0.131241
0.10984
0.105504
0.178626
0.185044
0.148025
0.123519
0.0927204
0.0966354
0.0994649
0.152785
0.248778
0.108248
0.0995569
0.0983478
0.139466
0.173734
0.213267
0.166758
0.105005
0.0980838
0.0966899
0.12749
0.099463
0.0982539
0.0966977
0.172296
0.138598
0.0911852
0.21464
0.221047
0.172128
0.098802
0.0951372
0.0960939
0.386378
0.406885
0.0665546
0.214607
0.0671177
0.0745072
0.0612789
0.0725868
0.0868888
0.346857
0.400851
0.226808
0.0864108
0.290368
0.407739
0.189358
0.201407
0.227343
0.333714
0.338313
0.0819671
0.0998318
0.0918972
0.0874115
0.0853051
0.149836
0.216459
0.276972
0.366024
0.361344
0.384106
0.17743
0.085594
0.345293
0.331229
0.228826
0.195388
0.233339
0.429445
0.316233
0.3502
0.258852
0.0677144
0.051585
0.0601732
0.066541
0.0807808
0.0933342
0.0775636
0.255001
0.219395
0.211328
0.145351
0.0984989
0.0857164
0.0909903
0.142029
0.0903988
0.087014
0.0730984
0.138396
0.107872
0.433419
0.274652
0.231398
0.150674
0.125739
0.0771877
0.083422
0.0827604
0.0768803
0.0940881
0.0940636
0.152223
0.120252
0.13656
0.131486
0.282875
0.294256
0.253469
0.230982
0.248177
0.244581
0.301693
0.124083
0.188338
0.175848
0.204363
0.266568
0.299377
0.362394
0.280301
0.0862547
0.0818461
0.103393
0.156508
0.0856393
0.109112
0.423395
0.425317
0.344693
0.381294
0.280279
0.05322
0.0828527
0.0856973
0.266901
0.255096
0.336922
0.116357
0.077752
0.130003
0.0618592
0.0848955
0.104823
0.0925308
0.094432
0.0891537
0.0921531
0.31579
0.180885
0.0847482
0.397764
0.0878784
0.0786943
0.0753398
0.0699893
0.0965514
0.101596
0.0988898
0.0967575
0.0893732
0.0949546
0.0973968
0.098496
0.0952919
0.0960045
0.0994927
0.19458
0.0347125
0.0534373
0.0970215
0.0875635
0.0851825
0.0696577
0.0587072
0.0811105
0.0911811
0.0747616
0.137106
0.104318
0.0936597
0.176655
0.0838742
0.0730937
0.0802972
0.0360875
0.0301138
0.0741073
0.0632952
0.0560943
0.062531
0.0784526
0.065764
0.0965555
0.0978712
0.0990733
0.117266
0.142873
0.096244
0.202196
0.0925009
0.0935168
0.0940539
0.129499
0.146476
0.196993
0.190367
0.156479
0.103074
0.0778342
0.0579515
0.0564797
0.0696324
0.0532943
0.137957
0.0944173
0.293563
0.285946
0.293992
0.0827312
0.141394
0.258433
0.276209
0.348345
0.341968
0.274944
0.229272
0.272395
0.24829
0.103638
0.174482
0.0949268
0.0821481
0.0841896
0.0924946
0.193134
0.098587
0.126859
0.107456
0.169743
0.224869
0.260153
0.203303
0.0961997
0.0950409
0.143093
0.0857837
0.0824238
0.0809792
0.105882
0.101743
0.0820502
0.0767532
0.0792028
0.0873451
0.0767489
0.0837811
0.0801546
0.080539
0.0986126
0.0671794
0.0961452
0.0986716
0.0835579
0.0885896
0.101163
0.0812672
0.0854349
0.0864056
0.0879052
0.0753171
0.0720328
0.091303
0.0826979
0.0926761
0.0590037
0.0849404
0.0889267
0.0946269
0.0991793
0.0808488
0.0899751
0.0814964
0.0897366
0.0938448
0.234215
0.195974
0.0839932
0.0838653
0.0863648
0.0875225
0.0953124
0.0976944
0.160521
0.106497
0.0211808
0.0834044
0.0960058
0.0945423
0.0933395
0.0964873
0.1977
0.247652
0.106149
0.0946844
0.0699305
0.0942686
0.217174
0.0968289
0.0909221
0.0976853
0.119757
0.106178
0.112456
0.0814035
0.0906529
0.102786
0.089952
0.0811937
0.106989
0.149802
0.282621
0.0770428
0.0956004
0.0884904
0.092255
0.0957169
0.0986751
0.0967712
0.0928958
0.0926038
0.102352
0.0926286
0.0978163
0.0955238
0.11552
0.11493
0.124848
0.0904476
0.0842703
0.0878342
0.0940031
0.0956467
0.0912506
0.095674
0.0980703
0.107106
0.09813
0.0919199
0.0796489
0.0957079
0.0684675
0.0905997
0.0803121
0.0897264
0.0863913
0.16428
0.219318
0.184123
0.229542
0.252422
0.131049
0.084746
0.072661
0.0850147
0.0886568
0.0797826
0.0703861
0.0774824
0.05645
0.0401848
0.0207252
0.159797
0.0883034
0.0337892
0.22217
0.0881927
0.0894095
0.060335
0.0562863
0.0847096
0.0888957
0.0629038
0.0878781
0.0825733
0.0717311
0.0809843
0.0965378
0.124321
0.107881
0.106546
0.207395
0.0798028
0.0832512
0.0749248
0.0826471
0.0914209
0.0840007
0.107111
0.0940738
0.0947445
0.103814
0.248436
0.205196
0.0890409
0.0931463
0.0966289
0.0983691
0.121938
0.211286
0.210248
0.0875105
0.0914935
0.0917163
0.0983532
0.101559
0.0941813
0.0847137
0.0940228
0.0925914
0.0925539
0.0833641
0.0913081
0.299899
0.155087
0.148181
0.282342
0.0910996
0.0981205
0.0760149
0.0827223
0.106331
0.140718
0.122636
0.107865
0.137921
0.13035
0.127183
0.110934
0.182681
0.115466
0.094143
0.0855371
0.0867361
0.0949596
0.0914626
0.120311
0.145906
0.152573
0.161504
0.133353
0.139944
0.183665
0.21304
0.223706
0.211649
0.183383
0.154189
0.0960633
0.093995
0.0938709
0.219733
0.0861946
0.129343
0.16478
0.163998
0.178447
0.113676
0.0894396
0.199974
0.231698
0.207853
0.176033
0.256665
0.265169
0.266506
0.257355
0.204194
0.227919
0.094237
0.0925438
0.080572
0.285546
0.237803
0.225175
0.225861
0.164159
0.0932879
0.188328
0.159925
0.196682
0.23991
0.201227
0.112037
0.143097
0.0919557
0.179582
0.0852866
0.187971
0.0876209
0.0899294
0.0903953
0.105561
0.204249
0.089897
0.0932132
0.144051
0.126235
0.10514
0.114984
0.0911255
0.0952714
0.130582
0.0974216
0.28774
0.255238
0.279773
0.0578622
0.0752393
0.0969621
0.0809258
0.0956659
0.093206
0.247176
0.278886
0.149407
0.0930142
0.097908
0.0786855
0.0691747
0.0783619
0.17369
0.201191
0.0945056
0.0902874
0.0975296
0.114322
0.213968
0.130878
0.053492
0.0708256
0.0237216
0.0256458
0.0558642
0.117621
0.0929666
0.0833135
0.234522
0.0980018
0.097958
0.0954737
0.0761777
0.092857
0.0907723
0.091207
0.0601534
0.0663786
0.0782606
0.0732309
0.0597375
0.0649414
0.0683457
0.197767
0.256898
0.262448
0.2938
0.11084
0.096455
0.108711
0.115147
0.0908818
0.085918
0.0931472
0.095145
0.10267
0.0851963
0.0878586
0.0905403
0.0977564
0.0886815
0.313582
0.315283
0.300385
0.125331
0.140365
0.0908835
0.164933
0.107483
0.114924
0.125936
0.0975111
0.249549
0.0860366
0.0998726
0.30341
0.133853
0.22693
0.180689
0.0941212
0.0583089
0.267773
0.0868789
0.254823
0.28732
0.0872456
0.085798
0.086666
0.0919018
0.0857583
0.0794565
0.0762748
0.0884719
0.084993
0.0812949
0.080719
0.0902243
0.0810188
0.0774873
0.0814716
0.0816994
0.0840828
0.0737782
0.088322
0.0768856
0.0712805
0.0753781
0.0851674
0.0913413
0.0898582
0.0944689
0.199972
0.223256
0.254986
0.251402
0.295825
0.261624
0.274809
0.25248
0.334235
0.247641
0.24428
0.221834
0.259211
0.224485
0.221635
0.171164
0.24931
0.20911
0.214669
0.172836
0.202865
0.231756
0.245762
0.20466
0.239456
0.234112
0.281276
0.235728
0.235895
0.178657
0.246646
0.215714
0.24646
0.230982
0.236575
0.249576
0.223935
0.21494
0.235657
0.185366
0.241344
0.205694
0.267255
0.215808
0.258737
0.277809
0.279319
0.238218
0
0
0
0
0
0
0
0
0
0
0
0
0
0
0
0
0
0
0
0
0
0
0
0
0
0
0
0
0
0
0
0
0
0
0
0
0
0
0
0
0
0
0
0
0
0
0
0
0
0
0
0
0
0
0
0
0
0
0
0
0
0
0
0
0
0
0
0
0
0
0
0
0
0
0
0
0
0
0
0
0
0
0
0
0
0
0
0
0
0
0
0
0
0
0
0
0.2349
0.231802
0.243475
0.229605
0.291247
0.205459
0.277274
0.227438
0.237058
0.160851
0.182453
0.185557
0.175442
0.176697
0.163369
0.184439
0.167005
0.13994
0.193709
0.217801
0.151795
0.166244
0.104173
0.102682
0.107563
0.11895
0.109783
0.1066
0.0732743
0.102714
0.0912323
0.111152
0.149246
0.146184
0.0879332
0.107002
0.100439
0.124614
0.139676
0.122655
0.160971
0.137542
0.178797
0.148971
0.167726
0.181333
0.223586
0.20918
0.216734
0.231178
0.280846
0.259438
0.323743
0.338039
0.352823
0.322179
0.307714
0.286414
0.287695
0.271004
0.33944
0.307062
0.280153
0.257024
0.258303
0.302892
0.275742
0.253512
0.237382
0.289715
0.290349
0.340516
0.316944
0.303317
0.360525
0.295555
0.353985
0.298901
0.283076
0.283037
0.292685
0.346632
0.370114
0.32674
0.384129
0.260273
0.443308
0.348462
0.420867
0.308168
0.430915
0.334257
0.397682
0.431565
0.484364
0.43244
0
0
0
0
0
0
0
0
0
0
0
0
0
0
0
0
0
0
0
0
0
0
0
0
0
0
0
0
0
0
0
0
0
0
0
0
0
0
0
0
0
0
0
0
0
0
0
0
0
0
0
0
0
0
0
0
0
0
0
0
0
0
0
0
0
0
0
0
0
0
0
0
0
0
0
0
0
0
0
0
0
0
0
0
0
0
0
0
0
0
0
0
0
0
0
0
0.431499
0.425007
0.371662
0.313137
0.344621
0.335805
0.359742
0.283295
0.288465
0.211854
0.2092
0.21039
0.262119
0.259703
0.24385
0.223587
0.172137
0.148436
0.323531
0.179221
0.368595
0.179768
0.144086
0.138205
0.098996
0.104549
0.127528
0.0973082
0.0868531
0.0926155
0.10342
0.109638
0.179545
0.129534
0.097094
0.100763
0.114704
0.114995
0.13303
0.120692
0.174047
0.178234
0.171343
0.153014
0.188976
0.193474
0.212998
0.212408
0.225125
0.245311
0.310272
0.318554
0.408831
0.403523
0.367438
0.341038
0.333618
0.297328
0.323546
0.302787
0.387383
0.370444
0.383313
0.326206
0.354572
0.304695
0.322836
0.339127
0.386185
0.382398
0.422445
0.419089
0.446691
0.385725
0.346918
0.379481
0.39891
0.377878
0.40559
0.357023
0.415681
0.479575
0.507089
0.452887
0.643792
0.469053
0.530407
0.56009
0.643423
0.535286
0.523715
0.569833
0.512975
0.462652
0.503412
0.676529
0
0
0
0
0
0
0
0
0
0
0
0
0
0
0
0
0
0
0
0
0
0
0
0
0
0
0
0
0
0
0
0
0
0
0
0
0
0
0
0
0
0
0
0
0
0
0
0
0
0
0
0
0
0
0
0
0
0
0
0
0
0
0
0
0
0
0
0
0
0
0
0
0
0
0
0
0
0
0
0
0
0
0
0
0
0
0
0
0
0
0
0
0
0
0
0
0.720143
0.600227
0.711594
0.46821
0.446488
0.528965
0.329078
0.405816
0.305806
0.331191
0.302649
0.293827
0.312507
0.255255
0.376423
0.337662
0.290713
0.204857
0.446794
0.257217
0.192319
0.322776
0.215533
0.185404
0.0899952
0.0940703
0.132215
0.0904493
0.113594
0.12401
0.10986
0.101367
0.194586
0.154597
0.109443
0.125772
0.138408
0.133748
0.141995
0.157174
0.160756
0.186867
0.159443
0.16263
0.220251
0.210449
0.220839
0.211985
0.235738
0.271381
0.363702
0.398587
0.493834
0.480549
0.45065
0.391016
0.438564
0.384773
0.429832
0.34452
0.404451
0.332635
0.356758
0.362686
0.5104
0.383117
0.417725
0.411464
0.515834
0.410332
0.551775
0.483373
0.585997
0.590697
0.627396
0.496582
0.65851
0.541959
0.556602
0.606499
0.503172
0.508891
0.61616
0.611176
0.950271
0.621739
0.854903
0.632217
0.689714
0.576228
0.675132
0.688062
0.66475
0.584419
0.733441
0.448781
0
0
0
0
0
0
0
0
0
0
0
0
0
0
0
0
0
0
0
0
0
0
0
0
0
0
0
0
0
0
0
0
0
0
0
0
0
0
0
0
0
0
0
0
0
0
0
0
0
0
0
0
0
0
0
0
0
0
0
0
0
0
0
0
0
0
0
0
0
0
0
0
0
0
0
0
0
0
0
0
0
0
0
0
0
0
0
0
0
0
0
0
0
0
0
0
0.95192
0.789489
1.01456
0.709766
0.648282
0.539879
0.404021
0.392266
0.372658
0.429324
0.394585
0.459076
0.384388
0.322976
0.323088
0.44633
0.163192
0.302767
0.38711
0.37025
0.220678
0.242545
0.190625
0.24168
0.106285
0.0991917
0.18313
0.12306
0.13164
0.14842
0.135316
0.13681
0.234014
0.163215
0.118871
0.145446
0.167488
0.128206
0.145312
0.194502
0.195736
0.184653
0.172681
0.203535
0.235632
0.212095
0.229237
0.214635
0.241219
0.292093
0.420724
0.477693
0.536714
0.536808
0.602214
0.503091
0.547515
0.536406
0.548455
0.416478
0.450226
0.426018
0.506377
0.456382
0.520529
0.539285
0.502882
0.450219
0.517792
0.541585
0.900409
0.732311
0.719229
0.589295
0.570001
0.620254
0.770967
0.642064
0.633065
0.742352
0.434278
0.482737
0.624584
0.900128
0.839911
0.852813
0.762465
0.846142
0.863564
0.699706
0.831514
0.735985
1.01847
0.702662
0.863197
0.666154
0
0
0
0
0
0
0
0
0
0
0
0
0
0
0
0
0
0
0
0
0
0
0
0
0
0
0
0
0
0
0
0
0
0
0
0
0
0
0
0
0
0
0
0
0
0
0
0
0
0
0
0
0
0
0
0
0
0
0
0
0
0
0
0
0
0
0
0
0
0
0
0
0
0
0
0
0
0
0
0
0
0
0
0
0
0
0
0
0
0
0
0
0
0
0
0
0.815583
1.00274
0.871091
1.02767
0.725551
0.60685
0.722318
0.586737
0.522317
0.448754
0.621158
0.677899
0.527896
0.480233
0.509438
0.409884
0.180878
0.212353
0.501342
0.696322
0.155175
0.120245
0.222766
0.269195
0.10465
0.0881166
0.180511
0.144042
0.15205
0.203025
0.163667
0.1512
0.241143
0.184046
0.123901
0.17292
0.196648
0.112013
0.177805
0.248903
0.236179
0.205793
0.224287
0.272559
0.218621
0.241783
0.230953
0.228549
0.256724
0.325054
0.490218
0.55815
0.633232
0.637807
0.666583
0.63223
0.647786
0.573036
0.631471
0.59059
0.747239
0.676263
0.543762
0.567275
0.644186
0.554339
0.704766
0.803184
0.875624
0.655167
0.981475
0.992415
0.818175
0.858343
0.477419
0.800341
0.946511
1.1073
1.08489
0.73278
0.499409
0.755937
1.09932
0.798877
0.925232
1.10538
1.03764
0.952348
0.916538
0.811766
0.964756
0.782676
0.786019
1.07307
0.988906
1.13909
0
0
0
0
0
0
0
0
0
0
0
0
0
0
0
0
0
0
0
0
0
0
0
0
0
0
0
0
0
0
0
0
0
0
0
0
0
0
0
0
0
0
0
0
0
0
0
0
0
0
0
0
0
0
0
0
0
0
0
0
0
0
0
0
0
0
0
0
0
0
0
0
0
0
0
0
0
0
0
0
0
0
0
0
0
0
0
0
0
0
0
0
0
0
0
0
0.87766
0.947292
0.882706
0.987249
0.976999
0.796835
0.785128
0.802652
0.688497
0.524501
0.646021
0.682374
0.627597
0.628466
0.49657
0.443935
0.477276
0.308906
0.601938
0.46885
0.578552
0.377852
0.225109
0.449991
0.152402
0.155538
0.366208
0.170038
0.182887
0.376185
0.290051
0.275056
0.268856
0.193092
0.181289
0.182107
0.192526
0.135685
0.263466
0.251356
0.292719
0.243805
0.332066
0.342678
0.248277
0.283716
0.247608
0.239407
0.278601
0.343198
0.587717
0.610525
0.749408
0.685444
0.785139
0.749695
0.798048
0.748056
0.819519
0.753385
0.824398
0.751346
0.760021
0.636483
0.663169
0.779138
0.92522
0.801514
0.990587
1.22526
0.947063
1.05065
1.08804
0.954952
0.766351
0.48174
0.90881
1.11594
1.07759
0.787773
0.946611
0.747564
1.21184
1.59988
0.960048
1.0931
1.23761
0.931546
0.811808
0.685777
0.720906
0.670006
0.776601
0.840369
0.945338
0.998162
0
0
0
0
0
0
0
0
0
0
0
0
0
0
0
0
0
0
0
0
0
0
0
0
0
0
0
0
0
0
0
0
0
0
0
0
0
0
0
0
0
0
0
0
0
0
0
0
0
0
0
0
0
0
0
0
0
0
-9.4739e-15
0
0
0
0
0
0
0
0
0
0
0
0
0
0
0
0
0
0
0
0
0
0
0
0
0
0
0
0
0
0
0
0
0
0
0
0
0
0.709934
0.889317
1.08799
1.13888
1.37866
0.728331
1.08024
0.929282
0.815657
0.701035
0.930533
0.847669
0.7261
0.761832
0.538558
0.46883
0.616187
0.500104
0.781907
0.693319
0.709257
0.435622
0.607993
0.240427
0.38021
0.274778
0.643268
0.330967
0.255062
0.61545
0.313627
0.286913
0.396058
0.252785
0.575667
0.202089
0.203
0.148705
0.312789
0.224864
0.289982
0.314936
0.354599
0.293655
0.346058
0.317995
0.272079
0.253442
0.299504
0.382236
0.655539
0.752342
0.87903
0.836673
0.927551
0.829931
0.747556
0.769285
0.828135
0.851188
0.756237
0.696045
0.932944
0.869528
0.775459
0.808287
1.05379
0.97794
1.06281
0.897398
1.28648
1.14661
1.23777
1.09439
0.747696
0.740773
0.896449
1.10133
1.36567
1.02539
0.941715
1.0385
1.72248
1.42177
1.05502
1.05188
0.731259
0.927976
1.27577
0.850952
0.86977
0.779941
1.18753
0.777775
0.808738
1.20393
0
0
0
0
0
0
0
0
0
0
0
0
0
0
0
0
0
0
0
0
0
0
0
0
0
0
0
0
0
0
0
0
0
0
0
0
0
0
0
0
0
0
0
0
0
0
0
0
0
0
0
0
0
0
0
0
0
0
0
0
0
0
0
0
0
0
0
0
0
0
0
0
0
0
0
0
0
0
0
0
0
0
0
0
0
0
0
0
0
0
0
0
0
0
0
0
0.88291
0.895601
0.983381
0.983197
1.01449
0.955963
1.35172
1.2499
1.13373
1.04407
0.788426
0.868734
0.807711
0.872675
0.712582
0.886125
0.732354
0.697504
0.839361
0.953159
1.80419
1.35951
0.943011
0.21497
0.831773
0.753201
1.05205
0.533655
0.225427
0.278336
0.464387
0.322884
0.56104
0.441882
0.324242
0.299876
0.358377
0.282726
0.26564
0.329753
0.337361
0.41478
0.393579
0.272121
0.364003
0.313088
0.2996
0.266934
0.326064
0.437339
0.708908
0.845783
1.03541
0.960872
0.882407
0.934496
0.902845
0.824687
0.795071
0.9115
1.04874
1.19909
1.19089
0.874151
1.1271
1.10897
1.18709
1.10409
1.31447
1.15857
1.88931
1.51775
0.992499
0.965479
0.620738
0.499363
0.925075
0.874257
0.759149
1.09962
0.724869
0.80597
0.899479
1.09139
1.18949
1.42882
1.27806
0.953434
1.13509
0.762203
0.73361
1.07679
0.577784
0.567979
0.876152
1.10133
0
0
0
0
0
0
0
0
0
0
0
0
0
0
0
0
0
0
0
0
0
0
0
0
0
0
0
0
0
0
0
0
0
0
0
0
0
0
0
0
0
0
0
0
0
0
0
0
0
0
0
0
0
0
-2.36848e-15
-2.36848e-15
0
0
0
0
0
0
0
0
0
0
0
-1.89478e-14
0
0
0
0
0
0
0
0
0
0
0
0
0
0
0
0
0
0
0
0
0
0
0
0
0
0
0
0
0.777914
1.16649
1.30469
0.787356
1.35095
1.0606
0.656433
1.10233
0.90931
1.02971
0.867277
0.838025
0.641684
0.749217
0.721431
1.3723
0.629061
0.469569
1.41952
1.51235
1.58558
1.78852
1.04827
0.237728
1.24235
0.917922
1.51936
0.782614
0.384353
0.535726
0.716557
0.493364
0.872756
0.497741
0.614356
0.435554
0.382242
0.312537
0.378367
0.475874
0.441162
0.442719
0.57485
0.31569
0.45451
0.41531
0.316484
0.262383
0.343982
0.458625
0.980952
0.934073
1.20515
1.13778
1.27352
1.14044
1.01404
1.02096
1.12501
0.900746
1.10136
1.10967
1.48225
1.14138
1.21736
1.16158
1.60191
1.73272
1.31238
1.43462
1.78764
2.10656
0.682033
0.746024
1.06817
0.622601
1.57805
0.940122
0.463921
0.528031
1.00993
0.682044
0.779363
0.582972
0.944499
1.75096
1.95184
1.40046
0.711416
0.422531
0.556734
0.975878
0.575447
0.616921
0.427577
0.66625
0
0
0
0
0
0
0
0
0
0
0
0
0
0
0
0
0
0
0
0
0
0
0
0
0
0
0
0
0
0
0
0
0
0
0
0
0
0
0
0
0
0
0
0
0
0
0
0
0
0
0
0
0
0
2.36848e-15
2.36848e-15
0
0
0
0
0
0
0
0
0
0
0
0
0
0
0
0
0
0
0
0
0
0
0
0
0
0
0
0
0
0
0
0
0
0
0
0
0
0
0
0
0.613782
0.613059
1.61471
0.67194
1.54508
1.06509
1.80838
1.74479
1.57336
0.984122
0.801924
1.02093
0.268595
0.463333
0.700827
1.22685
0.949466
0.689735
1.4877
1.65821
1.01357
1.07525
0.803197
0.32407
1.35854
1.05443
2.5705
1.24583
1.23233
0.872891
1.00361
0.531444
1.10894
0.460679
0.892019
0.640509
0.529646
0.355453
0.387514
0.684983
0.635195
0.746155
0.59357
0.549712
0.511686
0.48277
0.358328
0.271548
0.356504
0.515263
1.05771
1.1271
1.16491
1.13636
1.18054
1.24805
0.958995
1.17264
1.57742
1.14616
1.39995
1.418
1.71968
1.21837
1.31943
1.60871
1.20611
1.5833
1.3352
0.847496
0.854579
2.36077
0.8281
0.469095
1.5713
1.6388
2.15204
2.63825
0.436778
1.06021
0.782479
1.43472
0.421312
0.424448
0.653478
0.994199
0.432263
1.21977
0.657653
0.206365
0.838265
0.763641
0.935695
0.442103
0.125913
0.266539
0
0
0
0
0
0
0
0
0
0
0
0
0
0
0
0
0
0
0
0
0
0
0
0
0
0
0
0
0
0
0
0
0
0
0
0
0
0
0
0
0
0
0
0
0
0
0
0
0
0
0
0
0
0
-2.36848e-15
0
0
0
0
0
0
0
0
0
0
0
-3.78956e-14
-3.78956e-14
0
0
0
0
0
0
-9.4739e-15
0
0
0
0
0
0
0
0
0
0
0
0
0
0
0
0
0
0
0
0
0
0.184094
0.325654
1.54832
0.979522
1.43825
1.32619
0.431832
1.6967
1.21362
1.34132
0.954556
1.05861
0.847026
0.228571
0.885581
0.572656
0.746265
0.755815
1.73074
1.75438
2.1138
1.53193
1.35861
1.66126
1.41955
0.988849
3.18401
2.04659
1.0995
0.953173
0.65723
0.842819
1.18584
0.697719
1.13624
0.838761
0.51807
0.569294
0.728687
0.780345
0.749644
0.904167
0.567209
0.668536
0.723765
0.589527
0.406502
0.315714
0.407157
0.591514
1.16891
1.29149
1.32179
1.43615
1.43396
1.24476
1.21376
1.12282
1.11564
0.977305
1.18771
1.42266
1.47299
1.73691
1.23904
1.4036
1.12805
1.12032
1.67577
1.33125
1.51762
2.14751
1.8537
1.4737
1.39402
1.19058
0.220823
0.586962
0.372859
0.00557142
0.631388
0.840048
0.0541482
0.191781
0.16969
0.227181
0.453573
0.55053
0.622759
2.57882
2.27874
0.406532
0.770332
0.301767
0.164426
0.132404
0
0
0
0
0
0
0
0
0
0
0
0
0
0
0
0
0
0
0
0
0
0
0
0
0
0
0
0
0
0
0
0
0
0
0
0
0
0
0
0
0
0
0
0
0
0
0
0
0
0
0
0
0
0
-2.36848e-15
2.36848e-15
0
0
0
0
0
0
0
0
0
0
0
-5.68434e-14
0
0
3.78956e-14
0
0
0
0
4.73695e-15
0
0
0
0
0
0
0
0
0
0
0
0
0
0
0
0
0
0
0
0
3.01031
3.84819
1.62919
1.60101
0.316094
0.0182419
0.158596
0.265903
1.6933
0.71275
0.880421
0.922523
0.208601
0.214499
0.658815
0.73171
0.201572
0.822412
1.0954
1.33687
0.0160555
1.0508
0.0215826
0.00539119
1.58635
0.954624
2.22112
2.85816
1.05411
0.992416
1.29724
0.698593
0.8289
1.01752
1.19015
0.907745
0.981428
0.582255
1.49211
1.42682
0.917797
0.984454
0.662732
0.844585
1.01268
0.748211
0.467198
0.341452
0.449515
0.729975
1.256
1.45189
1.36081
1.38333
1.36105
2.01535
1.56835
1.27951
1.04955
1.21101
1.45427
1.76851
1.28404
1.38518
2.55718
1.57113
0.476699
1.12133
0.993225
2.4103
1.66232
0.952257
1.38855
0.78421
0.936054
0.423241
0.0178255
0.0992315
-2.96059e-16
0.00237157
0
0.400608
0
-5.92119e-16
0
0.02691
0
0.109327
0
0.527328
-8.88178e-16
0.538128
0.359171
0.395628
-5.92119e-16
0.133713
0
0
0
0
0
0
0
0
0
0
0
0
0
0
0
0
0
0
0
0
0
0
0
0
0
0
0
0
0
0
0
0
0
0
0
0
0
0
0
0
0
0
0
0
0
0
0
0
0
0
0
0
0
0
2.36848e-15
-4.73695e-15
0
0
0
0
-2.96059e-16
-5.92119e-16
0
0
0
0
0
0
0
0
0
-3.78956e-14
0
0
4.73695e-15
-1.42109e-14
0
0
0
0
0
0
0
0
0
0
0
0
0
0
0
0
0
0
0
0
-5.92119e-16
0.105348
0
0
0
0
5.92119e-16
0.178466
0.15622
1.15786
1.18331
0.315942
0.0285898
0.302616
0.443595
0.39187
0
0.0102245
1.79217
1.07313
0.00720524
0.111921
-1.18424e-15
-1.18424e-15
1.43509
1.02798
2.37863
2.13915
1.70064
0.90641
1.06243
1.71783
0.84251
1.20001
1.41528
1.01792
2.471
1.23939
2.42854
1.45532
1.15077
1.13035
0.86873
1.09089
1.34129
0.936681
0.517436
0.386047
0.459928
0.829143
1.4345
1.43548
1.4197
1.53247
1.39023
1.26586
1.55478
1.32581
1.60106
1.69736
0.430038
0.641509
1.15218
1.12158
0.805019
0.928142
0.989316
0.240634
0.335106
1.09337
1.44422
0.7724
0.566313
0.222722
0.402839
0.037601
0
-5.92119e-16
0.362543
-2.96059e-16
0
0
0
0
0
0
0
0
0
0
0
-2.96059e-16
0
0
0
0
0
0
0
0
0
0
0
0
0
0
0
0
0
0
0
0
0
0
0
0
0
0
0
0
0
0
0
0
0
0
0
0
0
0
0
0
0
0
0
0
0
0
0
0
0
0
0
0
0
0
0
0
0
0
2.36848e-15
0
0
0
0.5836
0.663827
-8.88178e-16
-2.96059e-16
0
0
4.73695e-15
0
-1.89478e-14
0
0
0
0
-3.78956e-14
0
0
4.73695e-15
4.73695e-15
0
0
0
0
0
0
0
0
0
0
0
0
0
0
0
0
0
0
0
0
0
-1.18424e-15
0
0
-1.18424e-15
0
0
0
0.175615
0.379806
-5.92119e-16
0.0144583
0.00651314
0.267741
0.0232798
0.3245
-2.96059e-16
-2.96059e-16
0.923133
0.947242
0.00371746
1.36752
0
0
0.962512
1.22192
-2.36848e-15
-1.18424e-15
7.8385
3.80438
0.677493
1.62941
1.11355
0.891493
1.52212
0.95745
2.2751
1.4241
3.94218
1.92286
1.08831
1.40702
1.2406
1.21919
1.5755
1.0599
0.605132
0.437625
0.511961
0.931154
1.30458
1.3044
1.64057
2.13396
0.910905
1.46974
3.40031
2.01423
1.21702
1.29049
0.501317
0.620207
0.616319
1.12446
0.89745
0.823036
0
0.723348
0.201326
0.250064
4.42879
1.12257
0.116834
0.00632998
0
-5.92119e-16
0
0
-8.88178e-16
2.96059e-16
0
0
0
0
0
0
0
0
0
0
0
0
0
0
0
0
0
0
0
0
0
0
0
0
0
0
0
0
0
0
0
0
0
0
0
0
-2.36848e-15
0
0
0
0
0
0
0
0
0
0
0
0
0
0
0
0
0
0
0
0
0
0
0
0
0
0
0
0
0
0
0
-3.55271e-15
-1.18424e-15
0
2.36848e-15
0.344207
5.35792
0.00345781
5.46112
-5.92119e-16
-2.96059e-16
0
0
0.401083
0.0162009
-1.89478e-14
-3.78956e-14
9.4739e-15
0
3.78956e-14
-3.78956e-14
0
0
4.73695e-15
4.73695e-15
-4.73695e-15
0
0
0
0
0
0
0
0
0
0
0
0
0
0
0
0
0
0
0
0
0
0
0
0
-1.18424e-15
0
0
-5.92119e-16
0.250656
0
-5.92119e-16
0.0608223
0.359393
0.0827412
0.0177281
0
-2.96059e-16
0.91501
0.947183
0
0.126685
0
0
0.978098
1.04517
-2.36848e-15
-1.18424e-15
8.00835
8.28224
0.655419
1.19602
0.834408
0.588987
1.12291
1.32395
2.72047
2.7141
5.03702
3.42866
1.51221
1.48057
1.17672
1.56411
1.87743
1.19428
0.670609
0.481973
0.546653
1.00483
1.52856
1.47085
1.5922
2.0553
1.2407
1.05475
1.26474
3.08512
0.404256
0.587291
0.562952
0.749842
0.263719
0.76207
1.82774
1.25792
0
0
0.214321
0.237862
1.43996
3.97407
3.82355
-5.92119e-16
0
0
0
0
0
0
0
0
0
0
0
0
0
0
0
0
0
0
0
0
0
0
0
0
0
0
0
0
0
0
0
0
0
0
0
0
0
0
0
0
0
0
0
-2.36848e-15
0
0
0
0
0
0
0
0
0
0
0
0
0
0
0
0
0
0
0
0
0
0
0
0
0
0
0
0
0
0
0.644725
-1.18424e-15
4.26557
0
0.269649
6.89817
0.00319264
0.0285183
-5.92119e-16
-5.92119e-16
-2.84217e-14
0
0.151503
0.00977686
0
0
0
-4.73695e-15
3.78956e-14
0
-2.36848e-15
0
0
0
0
-2.36848e-15
0
0
0
0
0
0
0
0
0
0
0
0
0
0
0
0
0
0
0
0
0
0
0
0
0
0
-5.92119e-16
0
0
0
0
0
0.140125
0.00401895
0
0
0.898238
0.947066
0
0
0
0
-2.36848e-15
0.539954
-2.36848e-15
-3.55271e-15
7.7221
8.26816
0.428606
0.643066
0.791035
0.615265
1.49337
1.33463
2.39442
1.41244
2.63863
2.46829
3.82014
3.69565
1.32074
1.39885
1.89205
1.38703
0.764338
0.514911
0.576747
1.03844
1.4227
1.35467
2.00468
1.54851
1.75489
1.77038
0.303102
0.194191
0.427332
0.588836
0.460405
0.42898
0.24533
0.00343398
0
0
0
0
-1.18424e-15
-1.18424e-15
-2.36848e-15
0.952526
0
2.96129
-9.4739e-15
0
0
0
0
0
0
0
0
0
0
0
0
0
0
0
0
0
0
0
0
0
0
0
0
0
0
0
0
0
0
0
0
0
-3.55271e-15
0
0
0
0.0438357
0
0
0
-7.10543e-15
-4.73695e-15
0
0
0
0
0
0
0
0
0
0
0
0
0
0
0
0
0
0
0
0
0
0
0
0
0
0
-1.18424e-15
0
5.92119e-16
0
0.232243
0.613347
4.03555
3.39023
1.27568
7.28558
0.00474315
0.0301066
6.65672
3.45172
3.18977
11.3467
0.0943166
0.0102746
0
0
0.00389146
0
80.1287
3.78956e-14
4.73695e-15
4.73695e-15
-9.4739e-15
-9.4739e-15
0.0502537
2.78776e-05
0
0
0
0
-5.92119e-16
0
0
0
0
0
0
0
0
0
0
0
0
0
0
0
0
0
0
0
0
0
0
0
0
0
0
0
0
0.0270077
0
0
0.84977
0.946962
-2.36848e-15
0
0
0
0
0
0.678156
-2.36848e-15
6.82065
7.59202
0.173024
0.768382
0.906076
0.65251
1.50443
1.35858
2.66846
1.54995
1.67893
2.23751
4.2015
3.74401
1.96148
1.27826
2.12747
1.42316
0.868366
0.552235
0.607352
1.1437
1.48318
2.3506
2.20627
2.50295
1.33781
1.87546
0.342938
0.328607
0
0
-2.36848e-15
0.161422
-1.77636e-15
-1.18424e-15
0
0
0
0
0
-1.18424e-15
-2.36848e-15
-2.36848e-15
0
-1.77636e-15
0
-9.4739e-15
0
0
0
0
0
0
0
0
0
0
0
0
0
0
0
0
0
0
0
0
0
0
0
0
-2.36848e-15
-2.36848e-15
0
0
0
0
0
0
2.4163
1.34906
-7.10543e-15
-7.10543e-15
1.43687
4.90999
0
0
0
-4.73695e-15
0
0
0
0
0
0
0
0
-5.92119e-16
-2.96059e-16
0
0
0
0
0
0
0
0
0
0
0
0
0
0
0
0
0.533929
0.51583
0.359865
0.377489
0.483082
0.595906
0.182314
0.0218445
1.68107
7.71169
6.01054
0.0349025
0.019195
4.88961
0.00514863
0.0677187
0.872531
0.124359
0.00534115
7.66494e-05
0.00350671
0.00315047
0.0632334
36.4336
0.00105189
0
37.9573
92.0894
37.1741
0.000252055
0
0
0.491964
-4.73695e-15
0.0687572
5.92119e-16
0
0
8.62463
0
0
0
0
0
0
0
0
0
0
0
0
0
0
0
0
0
0
0
0
0
0
0
-5.92119e-16
-5.92119e-16
0
0
-1.18424e-15
0.279531
0
0
0
0
0
0
-2.36848e-15
0
3.17885
8.0632
0
-4.73695e-15
0.67729
1.0038
0.900269
2.02518
2.01427
1.40576
1.65875
2.22401
3.91936
3.93009
1.56921
1.5733
2.63518
1.51224
1.03553
0.596787
0.618968
1.14624
1.71506
2.84318
2.12886
0.234026
0
0
0.0549113
0.00728701
0
0
-1.18424e-15
-2.36848e-15
0
-5.92119e-16
0
0
0
0
0
0
-4.73695e-15
-2.36848e-15
0
0
0
0
0
0
0
0
0
0
0
0
0
0
0
0
0
0
0
0
0
0
0
0
0
0
0
0
-2.36848e-15
0
0
0
0
0
0
0
2.41106
2.28224
-4.73695e-15
-4.73695e-15
0
-4.73695e-15
1.85037e-17
1.85037e-17
-2.36848e-15
-2.36848e-15
0
0
0
0
0
0
0
0
-5.92119e-16
-2.96059e-16
0
0
0
0
0
0
0
0
0
0
0
0
0
0
0
0
0.53109
0.11977
0.363447
0.780873
0.204506
0.0334179
0.0130004
0.00538881
1.16482
8.2052
2.10194
6.01044
0.0254025
0.00943679
0.00390461
0.00235768
1.65192
0.641862
0.00428908
0.00251082
0.0106684
0.0205212
0.002277
0.0102731
0.000487302
0.00995948
53.8251
77.7977
0.579229
2.33083
3.70074e-17
1.85037e-17
0.73099
0.678321
0.0133687
0.0108204
0
0
0.134812
0.256374
0
0
0
0
0
0
0
0
0
0
0
0
0
0
0
0
0
0
0
0
0
0
0
0
0
0
0
0
0
2.36848e-15
4.73695e-15
0
0
0
0
0
-7.10543e-15
9.29449
2.36848e-15
0.0224494
0.710866
1.29621
0.746444
1.13972
6.70485
1.5395
1.62516
1.91972
4.73787
3.79114
1.60114
2.15348
2.03223
1.20115
1.16064
0.651466
0.615376
1.31975
1.35741
1.98583
1.85159
3.32187
0
0
0
0
0
0
0
0
0
0
0
0
0
0
0
0
0
-2.36848e-15
-2.36848e-15
0
0
0
0
0
0
0
0
0
0
0
0
0
0
0
0
0
0
0
0
0
0
0
0
0
0
0
0
-1.18424e-15
0
0
0
0
0
0
2.41082
2.27541
3.43378
0.171843
-4.73695e-15
-4.73695e-15
0.000154556
1.85037e-17
2.36848e-15
0
0
0
0
0
0
0
0
0
-2.96059e-16
-5.92119e-16
0
0
0
0
0
0
0
0
0
0
0
5.92119e-16
0
-2.36848e-15
0
1.85037e-17
0.527959
0.119661
0.365666
0.778519
0.205455
0.0449768
0.0104506
0.00558361
1.16865
8.30248
0.76484
0.652995
0.00493916
0.0120537
0.160633
0.00849837
3.13947
1.12099
0.00428238
0.00295482
0.0688962
0.02988
0.00494761
0.0114067
0.00118995
0.00941527
5.64435
74.9862
0.493083
2.33963
2.65283e-06
1.40036e-07
1.09546
0.66548
0.0111514
0.0108485
0
0
0.132378
0.251701
0
0
0
0
0
0
0
0
0
0
0
0
0
0
0
0
0
0
0
0
0
0
0
0
0
0
0
0
0
-2.36848e-15
0
0
0
0
-1.18424e-15
-5.92119e-16
0.918619
-4.73695e-15
1.18424e-15
1.18424e-15
0.0120064
0.980729
0.365193
0.733262
5.82249
1.92065
0.609571
0.956801
0.518234
4.24553
3.53554
5.07146
1.70079
1.59131
1.34188
0.709178
0.673287
1.69922
2.16943
7.43152
4.73695e-15
0.117484
0
0
0
0
0
0
0
0
0
0
0
0
0
0
0
0
0
0
0
-2.36848e-15
0
0
0
0
0
0
0
0
0
0
0
0
0
0
0
0
0
0
0
0
0
0
0
0
0
0
0
0
0
0
0
0
0
0
2.41051
2.26593
3.43177
3.40049
1.48095
0.451489
0.00115365
0.00119093
-2.36848e-15
-2.36848e-15
0
0
0
0
0
0
0
0
-5.92119e-16
-5.92119e-16
0
0
0
0
0
0
0
0
0
0
1.18424e-15
1.18424e-15
0
-4.73695e-15
1.85037e-17
3.70074e-17
0.523843
0.119479
0.672332
0.619682
0.291691
0.176634
0.0223086
0.0173011
1.15512
3.02473
0.759729
0.655545
0.00956755
0.0130128
0.226403
0.0510387
9.4032
1.49975
0.00773936
0.00298753
0.0191118
0.0576827
0.00471329
0.0168313
0.00227523
0.00712214
3.93084
1.47123
0.247766
1.70728
1.90949e-05
2.11906e-05
1.4175
0.639761
0.00733212
0.010888
0
0
0.12887
0.245822
0
0
0
0
0
0
0
0
0
0
0
0
0
0
0
0
0
0
0
0
0
0
0
0
0
0
0
0
0.0675633
0.372717
0
0
0
0
-1.77636e-15
-5.92119e-16
0.136458
-7.10543e-15
-1.18424e-15
0.370024
0.0896394
0.710367
0
0
5.81094
1.39424
6.25278
5.30027
0.946504
6.90976
4.36019
4.60695
4.32753
1.75691
1.48988
0.718498
0.660452
1.93847
1.82228
2.80635
0
0
-5.92119e-16
-1.77636e-15
0
0
0
0
0
0
0
0
0
0
0
0
0
0
0
0
0
0
0
0
0
0
0
0
0
0
0
0
0
0
0
0
0
0
0
0
0
0
0
0
0
0
0
0
0.0692519
-1.18424e-15
0
0
-4.73695e-15
-4.73695e-15
0
0
2.41017
2.25349
3.63573
3.3884
1.47195
1.92056
0.00159819
0.00116771
-4.73695e-15
-4.73695e-15
0
0
0
0
0
0
0
0
-8.88178e-16
-2.96059e-16
0
0
0
0
0
0
0
0
0
0
5.92119e-16
0
0.871749
0
0.00148874
0.00734973
0.344429
0.118679
0.0576431
0.00104779
0.32479
0.326734
0.160141
0.157014
1.00978
0.657556
0.668383
0.450865
0.0146338
0.0190048
0.0855437
0.0403877
3.25254
12.3772
0.0553468
0.0157431
0.0203785
0.0453943
0.00474621
0.0172034
0.00234742
0.00691778
0.487574
1.11204
0.151417
1.02755
0.0216532
0.000111979
1.67503
0.59637
0.00060522
0.0109371
0
-1.18424e-15
0.123945
0.239432
0
0
0.0178189
0
0
0
0
0
0
0
0
0
0
0
0
0
0
0
0
0
0
0
0
0
0
0
0
0
0.0792848
0.0228266
0
0
0
0
0.00822535
0.0110431
0.127274
0.0443866
1.18424e-15
0
0
0
5.46903
0.156752
3.45375
3.19564
2.92139
2.58056
4.02684
6.36214
1.95762
3.46758
5.33136
3.16371
1.56295
0.734869
0.588845
1.73176
1.4792
1.73229
-5.92119e-16
-1.18424e-15
-1.77636e-15
-1.18424e-15
0
0
0
0
0
0
0
0
0
0
0
0
0
0
0
0
0
0
0
0
0
0
0
0
0
0
0
0
0
0
0
0
0
0
0
0
0
0
0
0
2.36848e-15
0
0
0
1.59624
1.0431
0
0
-4.73695e-15
-2.36848e-15
0
0
0.0897133
2.25262
1.9047
4.38332
6.62858
1.90159
0.00633628
0.00340739
-4.73695e-15
-2.36848e-15
1.63802
0
0
0
-2.36848e-15
0
0
0
-5.92119e-16
-2.96059e-16
0
0
0
0
0
0
0
0
0
0
0.592256
-5.92119e-16
0.751444
2.99252
1.69984e-05
0.00729079
0.153716
0.0788517
0.00684137
0.0460485
2.13004
2.26031
0.170133
0.108427
1.00052
0.629911
0.512489
0.343358
0.0136578
0.0221164
0.0643369
0.026248
2.51231
3.2464
0.00435165
0.0033688
0.0307251
0.0445496
0.484669
0.0259211
0.0063913
0.00673612
0.466902
0.739906
0.0157643
0.585035
0.0063972
0.0610483
2.25603
0.525077
0.650465
0.0173289
1.27283
5.92119e-16
0.11692
0.233019
-5.92119e-16
0
0.138195
0.175891
0
0
0
0
0
0
0
0
0
0
0
0
0
0
0
0
0
0
0
0
0
0
0
0
0.565535
0.0509601
0
0
0.226177
-8.88178e-16
0.0745051
0.0179569
1.43036
1.49017
0.0642351
0.0131628
-5.92119e-16
0
5.54195
12.7875
1.62502
1.61182
1.7908
2.61141
2.10068
2.47793
1.88792
2.3194
3.64784
3.62614
1.36156
0.70133
0.571713
1.45223
1.69467
1.67299
1.57883
1.01656
0
0
5.92119e-16
-5.92119e-16
0
0
0
0
0
0
0
0
0
0
0
0
0
0
0
0
0
0
0
0
0
0
0
0
0
0
0
0
0
0
0
0
0
0
0
0
0
0
0
0
0
0
2.01778
2.13805
0
0
0.0131185
0.481506
-8.88178e-16
0
0.00920584
0.00805873
1.43016
4.2597
1.05602
2.81702
0.00688014
0.00323221
-2.36848e-15
-4.73695e-15
6.00246
1.81911
0.000139219
-5.92119e-16
-2.36848e-15
-2.36848e-15
0
0
1.85187e-05
-5.92119e-16
0
0
0
0
0
0
0
0
0
0
0.0506108
0.0594524
0.82752
2.93407
1.9342e-05
0.00189803
0.00486306
0.0394377
0.00871444
0.0432151
0.626099
0.611351
0.165122
0.121236
0.533784
0.544811
0.301527
0.271314
0.0135214
0.0215628
0.0520848
0.0223707
2.10323
2.95703
0.0163169
0.018694
0.0349431
0.0404336
0.277318
0.0849708
0.0111004
0.00888533
0.281696
0.478373
0.00903365
0.0682294
0.248972
0.0119693
0.0247348
0.0143106
0.404251
0.586704
3.11369
5.62061
0.106509
0.226901
0.118254
0.119378
0.131825
0.182818
0
0
0
0
0
0
0
0
0
0
0
0
0
0
0
0
0
0
0
0
0
0
-1.18424e-15
-5.92119e-16
0.583874
0.486995
0
2.96059e-16
0.287697
0.239436
0.210451
0.605049
0.939191
0.523555
1.32658
0.699297
0.378417
0.575683
2.83317
3.79864
2.09072
1.84071
0.696773
0.959218
1.35112
1.35681
1.50518
1.56206
2.21133
2.91253
1.17249
0.6316
0.417046
1.09335
2.07864
2.33061
0.636395
0.342699
1.19355
0.21385
0.695149
0.696554
1.28192
0
0
0
0
0
0
0
0
-4.73695e-15
0
0
0
0
0
0
0
0
0
0
0
0
0
0
0
0
0
0
0
0
0
0
0
0
-2.36848e-15
0
-2.36848e-15
0
0
-2.36848e-15
-4.73695e-15
0
1.91114
1.97744
-4.73695e-15
-4.73695e-15
0.0158277
0.0937457
0.0899538
0.272607
0.0143564
0.00843548
1.66993
2.87172
0.480654
2.74429
0.0094989
0.0086296
0.582303
-2.36848e-15
6.06424
0.333472
0.000140047
0.0014157
-2.36848e-15
-2.36848e-15
0
0
0.00458361
0.00113829
0
0
0
0
0
0
-2.96059e-16
0
0.0345159
0
0.0614087
0.0584583
0.258446
2.80485
3.61384e-05
0.00179112
0.00129429
0.000321262
0.00972878
0.0305128
0.14907
0.123173
0.151422
0.117607
0.513083
0.266524
0.216212
0.194596
0.0103089
0.0153225
0.0928184
0.0308744
0.861685
2.03623
0.0192026
0.0232612
0.0431199
0.0419797
0.20892
0.0715437
0.0118757
0.0108441
0.218628
0.251134
2.36783
0.112259
0.221495
0.0222841
0.794788
0.44846
0.186998
0.401466
1.63992
4.08313
0.373644
0.247233
0.590931
0.297578
0.802427
0.244282
0
0
0
0
0
0
0
0
0
0
0
0
0
0
0
0
0
0
0
0
0
0
0.0296173
0.0158434
0.481867
0.551777
0.469584
0.314944
0.380834
0.244693
0.606509
1.02939
3.54608
2.02648
1.8897
1.18739
0.533762
0.561161
2.23705
2.52993
1.40935
1.22487
1.30856
1.11486
1.22707
1.15059
1.21183
1.27858
1.8816
2.1704
1.03453
0.582699
0.364188
0.744459
2.05562
2.56256
3.34159
1.47706
1.92821
2.96221
1.81769
1.88776
1.59352
2.95655
0
0
0
0
0
0
0
0
-2.36848e-15
0
0
0
0
0
0
0
0
0
0
0
-4.73695e-15
-4.73695e-15
-2.36848e-15
-2.36848e-15
0
0
0
0
-2.36848e-15
-4.73695e-15
-2.36848e-15
-2.36848e-15
0
-2.36848e-15
0
0
0.235104
0.0684834
2.63899
1.63807
1.24037
0.450222
6.67015
4.32772
0.0353873
0.246051
1.36436
0.868567
0.0264653
0.0216931
0.938203
1.84496
1.05108
1.20621
0.0099028
0.0131271
1.28527
2.0366
5.31735
0.410806
0.0133529
0.0174498
0.486272
2.64286
-1.85037e-17
-1.85037e-17
0.01769
0.463365
0
0
-2.36848e-15
0
0
0
0.188933
0.152874
0.106883
0.0704458
0.437543
0.186362
0.0653717
0.241649
0.000107014
0.00254248
0.0022566
0.000579938
0.0156993
0.0313548
0.132415
0.100829
0.224307
0.170075
0.323891
0.197422
0.295416
0.393925
0.0139021
0.0181677
0.0829932
0.0664082
0.877962
0.974443
0.0307748
0.0360515
0.0285483
0.0289072
0.039949
0.0650889
0.0138039
0.00902668
0.124709
0.216577
2.86246
0.972626
0.164603
0.0262916
0.0211083
0.00857042
0.263469
0.460842
1.34015
3.3346
3.13819
4.10792
1.04202
0.623752
3.75575
0.827883
0.166894
0
0.205952
0
0
0
0
0
0
0
0
0
0.0356185
1.18424e-15
0.125021
0
0.129047
-8.88178e-16
0.259324
0.0158267
0.0705615
0.00454433
0.454349
0.162537
0.68878
0.704323
0.424295
0.315216
0.708572
0.545837
1.02887
1.80938
0.480672
1.07369
1.65827
0.894637
1.02479
1.01562
2.17195
2.48483
1.19388
1.18789
1.27552
1.36903
1.08151
1.15982
1.03046
1.30819
1.75408
1.80711
0.885492
0.52943
0.27929
0.488161
1.39761
2.64544
2.69004
2.68368
1.91065
2.02083
4.1072
1.53289
0.0840012
0
0.0111504
0.0292916
0.0186655
-1.18424e-15
1.12462e-05
-1.18424e-15
0
0
0.0173872
0.064794
0
0
0
0
0
0
-7.10543e-15
-7.10543e-15
0.00081799
0.00105941
1.57974
0.561575
0
0
0
-2.36848e-15
0
-2.36848e-15
0
-4.73695e-15
0
0
0
0
0
0
0.189293
1.83195
2.36995
1.93128
0.761683
0.205659
0.508327
0.120401
2.30239
2.14498
2.41152
0.823081
0.0363478
0.028313
0.595721
0.757707
0.355296
0.601677
0.0110721
0.0160883
0.0982912
0.653288
2.34582
0.830594
0.0145364
0.013124
0.248736
0.352263
0.0901886
0.000326849
0.0306691
0.0166883
0
0
-2.36848e-15
0
0
0
0.342426
0.466044
0.0226788
0.0370241
0.384153
0.176988
0.0609688
0.0853851
0.00227391
0.00361281
0.00412982
0.00171254
0.174071
0.180947
0.0754072
0.214382
0.189887
0.149546
0.281037
0.19035
0.343888
0.34834
0.0210492
0.0185877
0.0757143
0.0537071
0.0229608
0.870639
0.0290653
0.0389035
0.0309199
0.0436309
0.0401527
0.0449979
0.0280763
0.0503518
0.114686
0.167384
1.86289
0.359127
0.214039
0.226866
0.049562
0.0572909
0.118738
0.380712
0.9661
1.98101
2.28171
3.607
1.90603
0.701436
4.30324
3.39811
1.62308
2.32684
2.39649
1.0346
0.950343
0
0.681273
0
0.792323
0.0174522
0.226709
0.241422
1.20977
1.08551
0.564505
0.462965
0.282631
0.317185
0.78822
0.0305167
0.101356
0.0129425
0.675103
0.464072
1.01588
1.09792
1.03331
0.829176
0.809091
0.73262
1.0693
1.32944
0.808471
1.31116
0.811504
0.776983
1.21087
1.67208
1.04952
1.56799
1.2772
1.46383
1.02424
1.22026
1.1404
0.99136
1.06142
1.22867
1.45464
1.53082
0.748093
0.467881
0.239642
0.336414
0.665517
1.11393
1.27871
1.44725
1.94845
2.56602
3.2373
3.38669
1.85031
1.2093
0.66429
0.456042
0.22109
0.101643
0.285371
0.395727
0.369505
0.0532479
0.44051
1.23771
3.5482
0
0.00020075
-4.73695e-15
-7.10543e-15
-2.36848e-15
0.00369413
0.00130387
3.05798
4.06921
4.15417
3.66201
0.881359
0.466749
0.00433188
0.00107952
3.37556
0.102238
0
0
0
-2.36848e-15
0.683928
0.35678
0.0433104
0.0462816
0.0364857
0.0511001
2.31191
2.00148
0.699727
0.4957
0.43857
1.18604
1.2927
1.64083
1.86301
0.520506
0.134376
0.0428678
0.121699
0.0805336
0.03085
0.00484916
0.0238164
0.0152443
0.0901609
0.115385
1.13755
0.551074
0.0176937
0.0134303
0.199136
1.24285
0.259279
0.989039
0.057727
0.0192227
-1.85037e-17
0
2.52654
1.64687
0.321378
0.164336
0.352448
0.611845
0.014909
0.0732083
0.0108569
0.0792016
0.060143
0.0733553
0.00224661
0.00266479
0.0155309
0.00632755
0.114682
0.361123
0.30409
0.195949
0.116776
0.10433
0.209335
0.223953
0.327589
0.562878
0.02155
0.0357854
0.0467169
0.0297702
0.0242855
0.0252893
0.0282657
0.0371417
0.0333776
0.048939
0.0503736
0.0460373
0.0343786
0.0538591
0.0923664
0.243171
1.6655
0.137425
0.112674
0.216643
0.0352783
0.289973
0.200843
0.151568
0.754078
1.42352
1.20658
1.7762
3.03403
4.54114
2.04617
1.96266
1.9047
1.37802
1.19134
1.73702
1.38479
1.29782
1.39467
0.864041
1.21748
0.696437
1.27481
1.6236
2.16774
3.175
0.559367
0.592958
0.747668
0.783166
0.748538
0.699013
1.0709
0.567832
0.888416
1.15546
1.37793
1.40505
1.1157
1.05498
1.27036
1.22463
0.996205
0.960078
0.881036
1.0279
0.832577
1.1877
1.01237
1.13579
0.92777
0.949619
0.819185
0.983502
0.918779
0.847476
0.859595
0.925391
0.846401
1.01169
1.10972
1.21895
0.639895
0.421924
0.222133
0.298848
0.433546
0.682966
0.681967
0.951651
1.18899
2.46873
2.26794
2.22984
2.03474
1.76168
0.836255
1.10047
0.845752
0.697489
0.426554
0.548955
1.40318
0.2741
1.05837
0.285238
2.3202
2.269
0.337285
0.762224
1.84012
2.04557
1.47612
0.0978052
2.39649
3.65877
0.533801
0.898977
0.260662
0.579105
0.191006
0.140888
7.49387
6.32941
0.758318
0.244933
0.0329838
0.0263581
0.0815449
0.0552366
0.684533
0.440596
2.92611
1.14986
1.96107
1.41905
0.541127
0.280478
0.454328
1.42588
1.05362
1.84417
1.20462
0.409399
0.0956886
0.0939431
0.00668843
0.0163052
0.0511303
0.00593207
0.0153892
0.0263901
0.00176523
0.0079484
0.426575
0.324168
0.0476633
0.0702073
0.34468
0.67634
0.00284898
0.0547706
0.177951
0.025446
0.263675
0.308081
2.25579
1.40719
0.00673932
0.0207496
0.877404
0.603216
0.00310293
0.0181219
0.00706543
0.00668278
0.00296521
0.0273038
0.00980334
0.00463308
0.0255983
0.0216324
0.097781
0.34176
0.25197
0.229068
0.0630217
0.0530725
0.19249
0.211544
0.313976
0.457279
0.0344786
0.0370412
0.0504757
0.0359499
0.0266433
0.0253402
0.0276027
0.0348432
0.0325876
0.0458457
0.055294
0.0516609
0.0473787
0.053874
0.117729
0.581252
0.112643
0.057882
0.0747386
0.226406
0.0526394
0.0974317
0.79728
0.110898
0.586173
0.991959
0.594386
1.27826
1.6872
3.37837
1.39202
1.46711
1.20243
1.26322
1.09972
1.14753
1.63468
1.35104
2.21144
1.41765
1.03674
1.94418
1.42897
1.24576
1.63308
1.45961
2.17038
2.45549
0.658246
1.11744
1.3629
0.567289
0.737271
1.02669
0.728609
0.829586
0.926147
1.12444
0.810951
0.766115
0.864611
1.17963
0.958225
0.8421
0.61545
0.673952
0.649782
0.829805
0.801619
0.880649
0.777237
0.677965
0.622217
0.71959
0.668624
0.728919
0.647449
0.663432
0.682972
0.800609
0.875609
0.913263
0.50799
0.355794
0.184744
0.235756
0.342473
0.468365
0.691851
0.803997
0.918391
1.34341
0.931145
1.46513
1.22986
1.65637
2.26062
1.60845
2.67623
1.42781
1.87294
1.50647
2.01155
1.48649
4.04855
2.9707
0.53814
1.6142
0.209722
0.169834
0.0420303
0.0764616
2.78483
2.85328
3.31866
2.51055
2.3541
2.2236
0.525338
0.365273
0.848346
0.526463
6.5602
1.01254
1.36308
1.42402
0.121356
0.0875224
0.374317
0.0977036
0.128736
1.86264
2.76719
2.46283
1.664
1.78005
0.33185
0.232981
0.630301
1.08229
0.880216
1.36793
0.464119
0.191146
0.105852
0.0846228
0.015706
0.0139651
0.03578
0.0454568
0.0171124
0.0285225
0.0288491
0.0159611
0.142834
0.213492
0.0492586
0.0721869
0.181482
1.15814
0.0110489
0.00693644
0.287778
0.0673932
0.00645455
0.0193246
0.0437381
1.77289
0.0386608
0.0293203
0.830807
0.772195
0.0155843
0.00744239
0.0104674
0.0102989
0.0303175
0.00156383
0.0187556
0.00891567
0.0349564
0.023058
0.0763522
0.260765
0.209841
0.190465
0.0624462
0.0486164
0.185723
0.196255
0.168496
0.279456
0.0374817
0.0384342
0.0702693
0.0631645
0.032882
0.028587
0.0304356
0.0355878
0.358954
0.0515063
0.0485322
0.0501838
0.0529279
0.0457128
0.117488
0.473474
0.0904473
0.0495078
0.0652074
0.10701
0.16355
0.119473
0.766205
0.438481
0.769198
0.339401
0.32728
0.647296
1.29281
1.10588
0.867956
1.23232
1.22032
1.22506
1.36599
1.36418
1.61342
1.4142
1.2396
1.02482
0.868558
1.18057
1.46021
1.12274
1.05503
1.24412
0.925511
0.792991
0.752643
0.829463
0.967707
0.976723
0.999292
0.800392
0.665487
0.84691
0.860459
0.888374
0.711771
0.612568
0.699791
0.930018
0.570031
0.759354
0.70233
0.627202
0.481381
0.509023
0.59355
0.778387
0.479639
0.528599
0.486705
0.575977
0.495094
0.60201
0.480331
0.487063
0.583583
0.695313
0.691931
0.722201
0.414576
0.305986
0.158246
0.190929
0.206426
0.416556
0.6525
0.886293
1.28564
1.21193
1.06959
0.957736
0.792467
1.5332
1.31479
2.92097
1.35209
0.479203
1.9561
2.76329
1.05676
1.03317
1.47925
1.26125
2.03293
2.46319
1.61651
2.45601
2.57202
2.94495
1.13382
1.58272
0.500412
1.33308
0.00268012
0.000803789
2.51349
2.38515
1.70244
1.8884
0.611137
2.41674
1.13111
1.05798
0.966825
0.837925
0.507368
0.214342
1.86581
3.02016
1.96014
1.63231
0.56844
0.519883
0.390879
0.422311
0.601779
0.916433
0.825185
0.815109
0.447444
0.139785
0.118767
0.0570699
0.0246472
0.0157232
0.0287743
0.0439241
0.0195881
0.0310015
0.0300168
0.0500011
0.499364
0.159183
0.0526412
0.0699368
0.0101522
0.0769148
0.0257163
0.0105619
0.163681
0.669347
0.0651722
0.0124201
0.0709081
0.154294
0.468686
0.746166
0.184366
0.334123
0.142638
0.0928066
0.0207525
0.0153432
0.064077
0.0414968
0.0247721
0.0145004
0.0453222
0.0397821
0.0648218
0.0654016
0.170001
0.152519
0.062133
0.0513767
0.19429
0.178258
0.152614
0.0982084
0.0495815
0.0473893
0.0700647
0.065631
0.0317017
0.0358538
0.0298992
0.0349964
1.57253
0.164972
0.0561538
0.0539397
0.0618344
0.0644492
0.108398
0.357962
0.113274
0.0535337
0.0809401
0.0548763
0.181333
0.129106
0.635672
0.408732
0.220683
0.250823
0.467534
1.03273
0.980117
0.709937
0.69996
1.09195
1.12634
1.18846
1.31806
1.18191
1.2544
1.24215
1.08004
1.3174
1.49729
1.72029
1.35586
1.39498
1.03696
1.16783
0.978078
0.783506
0.898055
0.907598
0.744549
0.815754
0.968158
1.07855
0.782415
0.969086
0.705796
0.876588
0.608599
0.785864
0.531709
0.620607
0.326931
0.385251
0.460268
0.555751
0.524221
0.4944
0.480311
0.545113
0.408152
0.447049
0.393267
0.416823
0.359886
0.410072
0.391088
0.464244
0.512921
0.572975
0.566665
0.554869
0.345827
0.257827
0.197343
0.241294
0.288146
0.208859
0.36926
0.761308
0.382199
0.659534
0.453354
0.830616
1.03757
0.856325
1.0527
1.11613
0.835096
1.61235
2.00943
0.902519
0.453636
0.551976
0.693119
1.38642
0.135695
0.518506
1.02749
0.641962
0.169139
0.149748
0.538508
0.184356
2.51621
1.87258
0.57728
2.42531
1.49362
1.60675
0.221466
0.339877
0.439982
0.311415
2.10945
1.83217
0.245213
0.274604
1.35999
0.961176
2.8151
1.90825
0.683729
0.646694
0.418147
0.193753
0.993725
0.418079
0.515407
0.992276
0.418222
0.651862
0.305848
0.125796
0.103637
0.0843539
0.0592775
0.0609374
0.0457231
0.0458865
0.0122072
0.00797197
0.0323492
0.0466949
0.395888
0.262723
0.0438887
0.0663035
0.0179217
0.0380651
0.0178695
0.0205747
0.119613
0.658758
0.0720422
0.018215
0.0977733
0.209559
0.501912
0.289869
0.0192559
0.0190644
0.124148
0.102062
0.0379982
0.037608
0.0653743
0.0368287
0.0277317
0.0194781
0.0645107
0.0410369
0.0668874
0.0993716
0.140765
0.0752272
0.0624329
0.0532911
0.160158
0.166826
0.20559
0.140611
0.0528663
0.0531741
0.0619122
0.065599
0.042206
0.0355289
0.0736608
1.03328
0.0890562
0.0599729
0.0597463
0.0570826
0.0674409
0.0715165
0.117976
0.270727
0.154742
0.0702186
0.0699072
0.136804
0.242204
0.230449
0.633691
0.454312
0.163294
0.210268
0.438659
0.966226
0.502219
0.729591
0.703394
0.846197
0.814376
0.954206
1.03343
1.00966
1.16284
1.31672
1.05069
1.20127
1.16126
1.35159
1.0198
1.08832
0.813127
0.759657
0.713823
0.677568
0.778621
1.00521
0.61555
0.600663
0.612794
0.563811
0.463937
0.400418
0.443678
0.40885
0.440354
0.484844
0.450667
0.360633
0.317606
0.376444
0.358182
0.396473
0.350512
0.488295
0.345058
0.385015
0.33844
0.292468
0.335524
0.375629
0.322057
0.341448
0.350563
0.424092
0.443036
0.477044
0.467433
0.452668
0.290824
0.219536
0.169819
0.180752
0.274367
0.263898
0.434417
0.498298
0.327712
0.75272
0.905406
0.517928
0.756764
0.769634
0.734235
0.63621
0.933488
1.29852
0.679813
1.7516
1.39181
1.01342
0.306141
0.423493
0.583127
1.11609
0.587963
0.79605
0.131462
0.559366
0.107184
0.243889
0.413881
0.627614
0.349961
0.446432
0.357727
0.260338
0.31164
0.429151
0.607474
0.724485
0.725388
0.406513
1.79975
1.20656
0.998868
1.70803
0.314696
0.365087
0.56595
0.331818
0.223588
0.404298
0.297677
0.331886
0.453981
0.580495
0.281901
0.464702
0.223816
0.154009
0.156421
0.135592
0.0937161
0.0668658
0.0465467
0.0489728
0.0143687
0.00302286
0.0347341
0.0461961
0.100822
0.202295
0.0473534
0.0461405
0.0182699
0.0406229
0.0182347
0.017123
0.0741214
0.775492
0.0832004
0.0287007
0.0434467
0.133395
0.269506
0.17297
0.0333275
0.0533367
0.0412626
0.0846544
0.0444458
0.0397795
0.0648347
0.0452256
0.0292468
0.0210996
0.0819402
0.0594624
0.0616251
0.0911177
0.12452
0.071562
0.0514611
0.0491512
0.0694359
0.0906193
0.162228
0.288778
0.0650551
0.0574785
0.0681258
0.0665562
0.0648092
0.0433358
0.10427
0.994211
0.0487655
0.0592306
0.0579804
0.056645
0.0679186
0.076938
0.134669
0.241733
0.147279
0.0653698
0.0738143
0.0869281
0.246534
0.35013
0.404551
0.59275
0.179773
0.19013
0.461612
0.631666
0.504745
0.541682
0.68873
0.652677
0.770989
0.754906
0.785839
0.92909
0.906447
0.987906
0.83665
0.844005
0.749274
0.934623
0.765219
0.768912
0.789415
0.695221
0.597393
0.523596
0.560832
0.675825
0.475909
0.468678
0.506743
0.485143
0.398518
0.462271
0.376315
0.349791
0.435377
0.406325
0.336975
0.295953
0.311024
0.388823
0.307185
0.282494
0.303604
0.3683
0.312096
0.333882
0.295896
0.316783
0.299472
0.292815
0.301154
0.297567
0.315262
0.344307
0.409816
0.44648
0.382096
0.377488
0.244298
0.188161
0.145031
0.223047
0.274425
0.313699
0.225207
0.332927
0.312289
0.536817
0.325213
1.43061
0.308722
0.13037
0.256004
0.601638
0.450335
0.21821
0.438799
0.626119
0.350854
0.447876
1.42868
0.274102
0.684901
0.428068
0.5185
0.342706
0.193193
0.257716
0.361515
0.434179
0.189997
0.217486
0.226157
0.31786
0.721979
0.526734
0.987679
0.701273
0.941487
0.806212
1.77796
1.60182
0.26514
0.317735
0.223628
0.32231
0.345235
0.398959
0.445158
0.277968
0.242601
0.197393
0.188191
0.229062
0.353806
0.422002
0.286523
0.336859
0.259249
0.156489
0.115111
0.102255
0.158248
0.21199
0.046798
0.0493919
0.0130287
0.00539084
0.0368338
0.0464205
0.0983432
0.0854509
0.0424202
0.0480236
0.0109042
0.0240503
0.0296427
0.0197205
0.0428594
0.588594
0.07451
0.038654
0.0538278
0.074921
0.0547203
0.0875886
0.0445072
0.0257706
0.0339559
0.0323639
0.0484698
0.038714
0.0648285
0.0492579
0.0607243
0.0407742
0.089914
0.0726236
0.0631768
0.0823474
0.107436
0.0713343
0.052113
0.0492432
0.0748888
0.0935286
0.128203
0.127232
0.0658863
0.0642868
0.0723631
0.0763628
0.05865
0.0521137
0.125295
0.862568
0.0495131
0.0611717
0.0578856
0.0561259
0.0713455
0.0778508
0.0715592
0.168722
0.150781
0.0888689
0.0803976
0.0647178
0.264654
0.434637
0.2996
0.383188
0.363655
0.466961
0.244153
0.258415
0.45533
0.555393
0.70141
0.576894
0.591318
0.591513
0.509569
0.589361
0.540943
0.601255
0.530835
0.676786
0.546675
0.651435
0.515216
0.586551
0.498773
0.537185
0.464507
0.423743
0.46769
0.466946
0.420453
0.392851
0.363234
0.382144
0.324198
0.353745
0.350834
0.389627
0.42321
0.334106
0.273367
0.287053
0.27123
0.277021
0.253807
0.286697
0.269844
0.272784
0.276162
0.271301
0.256954
0.258244
0.255801
0.245022
0.241229
0.262303
0.27784
0.30771
0.356786
0.377901
0.341579
0.33035
0.216884
0.167637
0.146379
0.181758
0.267227
0.224622
0.32051
0.337805
0.821004
0.413743
0.370163
0.0946192
0.454398
0.947262
0.154276
0.21527
0.324595
0.504775
0.3432
0.152886
0.220004
0.315721
0.254071
1.16494
0.359886
0.884187
0.504607
0.194538
0.109674
0.215444
0.18412
0.211561
0.334243
0.203933
1.06277
1.06571
0.973957
1.08823
1.05763
1.01781
0.408238
0.699308
0.266392
0.236468
0.229767
0.228691
0.726235
0.823714
0.239306
0.311364
0.265471
0.269812
0.254896
0.207896
0.168353
0.226655
0.255983
0.22607
0.280804
0.265811
0.218677
0.173141
0.0998876
0.0937644
0.164894
0.138345
0.0480416
0.0498584
0.0426576
0.00577131
0.0391956
0.0468024
0.10101
0.0889166
0.0417767
0.0479356
0.0117925
0.0267195
0.159103
0.0663272
0.0506172
0.0756932
0.103887
0.030178
0.0759932
0.080837
0.060094
0.0522305
0.0765762
0.112904
0.0375557
0.0383103
0.0504646
0.0390696
0.0753524
0.0606215
0.0582538
0.0339877
0.0932348
0.0823621
0.0641832
0.0914333
0.102084
0.0980177
0.0526028
0.0522954
0.0799437
0.0921484
0.125538
0.115368
0.0724917
0.0664672
0.0751526
0.0768761
0.0577457
0.0643568
0.131787
0.777556
0.0558
0.0712568
0.0582974
0.0570614
0.0717199
0.0765665
0.0777923
0.0709395
0.466513
0.112479
0.199891
0.0687702
0.167018
0.37822
0.224663
0.418952
0.412007
0.445147
0.379442
0.35881
0.488606
0.435314
0.528788
0.663406
0.520585
0.514338
0.368724
0.439622
0.422276
0.50932
0.400729
0.389683
0.387308
0.464646
0.352169
0.464235
0.303161
0.353417
0.298302
0.370328
0.271686
0.33072
0.293577
0.311756
0.24126
0.249046
0.221078
0.293988
0.211086
0.337615
0.280452
0.252257
0.184693
0.22827
0.228736
0.224675
0.204548
0.240606
0.190953
0.214981
0.196484
0.226174
0.209775
0.217716
0.203248
0.189024
0.221377
0.221912
0.263314
0.291105
0.327486
0.336758
0.300811
0.285207
0.190214
0.154706
0.177225
0.181218
0.258583
0.234363
0.224399
0.196129
0.37307
0.428231
0.27297
0.510635
0.330072
0.304099
0.254795
1.11133
0.256964
0.13734
0.179137
0.393449
0.223069
0.100282
0.111557
0.128895
0.0927827
0.088068
0.106708
0.2212
0.484293
0.960126
0.528258
0.734838
0.806841
0.938971
1.00096
1.12763
0.654015
0.757513
0.148632
0.164008
0.199418
0.233813
0.219918
0.225276
0.747105
0.769931
0.280443
0.278472
0.278099
0.350208
0.196342
0.225367
0.300918
0.238058
0.176787
0.218188
0.233173
0.212914
0.224424
0.236596
0.174247
0.118294
0.0873504
0.0712834
0.0753094
0.0792809
0.0362664
0.0560177
0.0305535
0.022219
0.0203258
0.0480942
0.0840628
0.0899346
0.0526942
0.0525433
0.0599508
0.0572928
0.0122196
0.0672358
0.0677254
0.0632055
0.0815994
0.0678028
0.0359334
0.0759285
0.0601745
0.0605488
0.10738
0.0655215
0.0349691
0.0458193
0.0430816
0.0398464
0.0724983
0.0734681
0.0744965
0.0919934
0.0853927
0.0623895
0.0737517
0.0879111
0.0978511
0.0967076
0.0697029
0.0579575
0.100092
0.0897633
0.0898067
0.102077
0.0677188
0.0709712
0.0778411
0.0764928
0.0547512
0.0536689
0.209878
0.705388
0.0595455
0.0707508
0.0555901
0.0577235
0.0755104
0.0767417
0.0746414
0.074925
0.33523
0.738139
0.621605
0.427427
0.245678
0.255764
0.362378
0.392631
0.380039
0.461253
0.382516
0.326669
0.475605
0.424913
0.46925
0.561193
0.495487
0.40478
0.29381
0.297728
0.302888
0.318625
0.310958
0.347795
0.240159
0.269492
0.22456
0.243825
0.227195
0.185293
0.204108
0.245608
0.176256
0.209173
0.194135
0.228063
0.171684
0.159899
0.185289
0.205358
0.161332
0.174968
0.157525
0.186902
0.16566
0.181252
0.136974
0.157707
0.162222
0.180609
0.152904
0.165925
0.182627
0.206825
0.192676
0.188998
0.161065
0.171731
0.183641
0.208548
0.223568
0.254461
0.297471
0.3042
0.2791
0.257316
0.176462
0.145917
0.419001
0.123755
0.110999
0.0181285
0.0381524
0.037889
0.0300598
0.0446017
0.114494
0.176464
0.0873554
0.500349
0.167081
0.0714104
0.43234
0.0381888
0.0463777
0.0989855
0.195727
0.0111803
0.22875
0.36243
0.101468
0.123503
0.0607218
0.0591077
0.0617117
0.0832754
0.0629623
0.0602421
0.0566999
0.0803421
0.0568221
0.0726099
0.0692952
0.108046
0.0607557
0.15814
0.0835026
0.0993669
0.0767034
0.0502595
0.0909264
0.0591134
0.0782409
0.0566521
0.0384157
0.00619382
0.0110414
