1.34141e+15
2.52716e+17
1.91091e+15
1.07706e+16
1.14843e+17
2.78365e+17
2.54499e+17
6.68189e+16
6.06861e+16
1.33064e+16
1.67033e+16
9.01146e+16
1.38837e+17
1.20068e+17
2.17418e+17
1.14761e+17
2.05005e+17
1.89221e+16
1.7649e+17
1.25701e+17
1.42474e+17
1.21414e+17
1.15818e+17
2.72175e+16
5.06274e+16
6.25334e+16
1.4866e+17
8.7803e+16
1.19811e+17
1.41726e+17
1.32682e+17
3.13825e+16
4.53078e+16
2.57009e+16
4.1363e+18
3.83504e+18
4.54778e+18
3.55251e+18
5.57064e+18
3.5801e+18
6.36199e+18
1.54904e+17
3.1245e+18
8.98967e+18
2.98247e+18
1.28678e+17
2.35065e+18
2.36179e+18
1.62742e+17
2.02402e+17
1.82137e+19
1.50296e+18
1.5193e+18
2.41436e+16
1.45711e+18
1.96495e+18
1.95372e+18
1.28305e+18
2.05668e+18
1.12376e+18
9.15394e+16
7.59097e+16
9.56668e+16
2.60755e+18
7.19991e+16
1.30824e+17
1.88573e+18
9.8123e+17
8.57945e+16
1.53388e+17
3.51848e+18
4.42245e+16
2.21802e+17
7.98145e+17
4.98847e+16
1.80949e+18
3.54632e+17
3.91381e+16
2.66374e+17
3.73128e+16
1.68512e+18
5.17212e+16
4.0698e+16
2.66185e+17
3.50771e+16
1.56996e+18
3.35551e+16
1.96843e+17
5.29233e+18
4.13362e+18
4.64689e+18
6.12544e+18
5.39037e+18
3.70164e+18
1.01084e+19
2.51765e+16
1.46144e+18
3.46605e+18
1.17457e+19
1.10356e+17
7.47419e+17
3.35169e+18
6.51413e+17
2.72708e+18
1.88932e+17
2.8158e+16
1.3691e+19
1.0959e+19
7.12975e+18
9.55893e+17
1.38852e+18
2.48306e+18
1.24591e+18
1.33155e+18
2.42236e+16
2.85057e+18
2.16661e+18
2.38333e+17
1.78946e+16
2.0263e+18
6.15063e+17
1.43641e+16
5.75229e+17
2.06491e+17
2.14161e+16
1.82091e+18
2.65514e+16
2.2143e+18
3.00133e+17
9.97321e+15
1.87702e+18
1.44013e+18
1.33266e+18
2.0978e+18
5.97275e+17
2.24022e+17
1.73552e+18
2.35825e+18
5.64235e+16
2.12662e+16
8.47856e+16
1.85918e+16
5.60483e+17
3.87206e+17
1.58452e+18
4.62684e+17
4.03607e+16
1.21769e+17
1.57197e+17
1.69123e+16
4.83062e+18
2.08267e+18
5.44418e+18
1.80518e+16
1.57961e+18
9.83635e+15
3.92381e+18
1.58093e+16
5.11284e+16
6.81639e+18
1.35241e+18
1.42306e+17
1.94707e+16
3.43592e+18
1.51549e+16
9.96004e+15
1.30166e+18
3.31912e+16
1.23294e+18
1.68195e+18
1.2402e+18
1.21941e+18
1.09117e+18
1.89227e+17
2.87511e+18
1.84262e+19
4.76904e+18
2.92966e+16
9.41522e+16
3.42136e+18
2.31026e+18
2.06004e+18
1.45979e+18
1.53953e+18
6.82719e+16
9.82011e+16
5.37641e+16
1.09064e+18
2.89836e+18
9.65386e+17
2.46904e+16
2.45497e+18
3.73534e+16
2.65431e+18
1.52014e+17
3.6562e+17
1.35938e+17
2.38884e+17
6.04091e+17
3.18105e+16
2.00519e+16
3.44661e+18
2.04339e+18
1.93595e+18
3.12085e+16
3.84487e+16
1.75114e+16
2.58546e+16
6.35513e+17
7.55977e+17
8.14308e+17
1.39143e+16
9.5867e+15
1.63819e+18
5.33965e+17
3.62125e+17
4.17936e+17
1.4518e+18
2.44939e+16
1.60465e+18
1.16153e+18
4.72664e+18
5.65317e+18
4.99364e+18
4.98422e+18
3.87704e+18
3.46168e+18
7.01401e+18
2.48729e+16
3.01743e+16
5.94532e+18
9.54669e+18
1.39674e+16
2.7095e+16
6.43259e+17
3.78563e+18
3.06669e+18
6.35249e+18
8.91259e+18
5.65069e+17
6.47546e+17
3.0513e+17
1.86633e+16
1.5991e+18
9.01811e+18
3.34911e+18
2.15341e+17
1.51292e+17
1.23508e+17
3.18548e+16
1.71192e+16
5.02607e+18
2.57754e+16
1.80504e+16
1.28874e+16
3.44926e+16
1.35494e+18
2.72756e+16
1.46798e+16
2.33384e+18
1.24797e+18
7.04138e+18
1.04137e+19
7.87369e+15
2.2704e+18
9.84862e+16
2.92895e+17
4.56988e+17
3.39146e+17
1.33761e+16
7.51986e+15
3.07753e+18
1.99726e+16
7.42388e+16
1.89889e+18
1.2013e+17
8.15316e+16
8.54214e+16
5.33334e+16
8.96476e+16
6.62066e+16
4.12429e+16
7.00187e+16
4.04716e+16
1.08261e+18
7.65997e+17
3.10382e+16
1.68327e+18
5.347e+16
1.29129e+18
1.86054e+16
6.63765e+15
1.09914e+18
1.52225e+16
1.31614e+17
1.15691e+17
6.23865e+17
1.4499e+18
1.53787e+18
2.26932e+18
3.60373e+16
2.09126e+16
3.9203e+16
4.00678e+16
1.94323e+16
2.36801e+16
4.95029e+16
9.26923e+16
6.30804e+16
5.90593e+16
5.30385e+16
9.30668e+16
7.8492e+16
8.13285e+16
7.50266e+16
7.17591e+16
6.73345e+16
1.20362e+17
9.35488e+16
9.7939e+16
7.63885e+16
1.24174e+18
1.69995e+16
3.10386e+16
1.83779e+16
1.95288e+16
1.31152e+16
4.30866e+15
9.39412e+15
5.17525e+15
7.36399e+15
6.81896e+15
1.55165e+16
1.2502e+16
1.28596e+16
1.3003e+16
1.44344e+16
9.4716e+15
4.54836e+15
3.9127e+15
1.17787e+16
1.71363e+16
1.72822e+16
1.20102e+14
1.48072e+16
1.26766e+16
1.00999e+16
8.46231e+15
1.05427e+16
1.03667e+16
9.56385e+15
1.42608e+16
1.06098e+16
4.48658e+15
7.0729e+15
9.54749e+15
8.8684e+15
1.68636e+16
1.16628e+16
1.97052e+16
1.91904e+16
2.08979e+16
2.50165e+16
2.59569e+16
1.55516e+16
1.48452e+16
1.3702e+16
1.50725e+16
3.03144e+16
1.50965e+16
1.06412e+16
6.5985e+15
1.29584e+16
1.46282e+16
3.79523e+16
2.90658e+16
3.17634e+16
1.06388e+17
1.00906e+17
1.55094e+16
2.17731e+16
1.64733e+16
2.21757e+16
2.05531e+16
6.88899e+16
1.34164e+16
4.54271e+16
3.65004e+16
1.94095e+16
1.2291e+16
6.62445e+15
1.82964e+16
1.65881e+16
1.16047e+16
1.0869e+16
5.25296e+15
4.70069e+15
2.03996e+16
1.79747e+16
1.56419e+16
8.39315e+15
1.16336e+16
1.29853e+16
2.431e+16
7.88929e+15
4.83959e+16
4.76516e+16
3.70946e+16
3.365e+16
1.6556e+16
5.09739e+16
4.41935e+16
2.33933e+16
2.7096e+16
2.90807e+16
3.58792e+16
3.15e+16
5.02008e+16
4.40307e+16
4.54499e+16
3.29988e+16
2.90114e+16
2.58357e+16
2.5672e+16
2.45733e+16
3.15335e+16
2.44783e+16
2.34581e+16
2.9154e+16
5.88125e+16
4.37552e+16
6.02018e+16
4.33753e+16
4.05077e+16
2.89048e+16
2.33845e+16
2.07808e+16
2.70798e+16
3.54357e+16
5.7426e+16
4.48209e+16
2.26381e+16
3.65094e+16
3.03415e+16
3.86759e+16
2.78187e+16
2.49988e+16
2.15665e+16
8.58575e+16
7.80576e+16
3.11291e+16
3.7408e+16
6.09301e+15
5.72839e+15
6.83809e+15
8.10997e+15
1.54636e+16
8.01198e+16
6.1381e+16
8.11681e+16
5.68217e+15
2.94891e+17
3.321e+17
2.51383e+17
9.05478e+17
7.36533e+17
4.2972e+17
4.57644e+17
2.58217e+16
1.29466e+16
1.82777e+16
1.89284e+16
3.76041e+15
2.51138e+16
1.80798e+16
9.36144e+16
1.02276e+17
5.82704e+16
4.63631e+16
1.00067e+18
1.1869e+16
4.75721e+16
4.46053e+16
3.11702e+16
3.44282e+16
3.46787e+16
3.13446e+17
3.86895e+16
3.35531e+16
1.12283e+17
7.70016e+15
7.7154e+15
1.47118e+16
1.20529e+16
6.22655e+16
2.74713e+16
2.58139e+16
3.22728e+16
2.95838e+16
2.4973e+16
2.60991e+16
1.26921e+16
2.07852e+16
2.32854e+16
2.09813e+16
1.78928e+16
1.4165e+16
1.53766e+16
2.86693e+16
3.22972e+16
1.68393e+17
1.72172e+16
1.93396e+16
2.34934e+16
1.8041e+16
1.92006e+16
2.53239e+16
1.49936e+16
1.54754e+16
2.20981e+16
1.43288e+16
2.79049e+16
3.4368e+16
3.57516e+16
2.93854e+16
5.35829e+16
4.82652e+16
5.67008e+16
6.76146e+16
6.13451e+16
4.95854e+16
4.72196e+16
3.98575e+16
1.69346e+17
1.55304e+17
2.56106e+16
1.16529e+17
1.2428e+17
1.47328e+17
1.1868e+17
1.60581e+16
1.88473e+16
2.4111e+16
1.98633e+16
1.3399e+16
1.05062e+16
1.77501e+17
2.25605e+17
1.8947e+17
2.54977e+17
2.12769e+17
4.1881e+16
1.6902e+16
1.89756e+16
8.67559e+16
8.61276e+16
8.92421e+16
1.27144e+16
1.41883e+16
9.76902e+15
6.81054e+15
9.19502e+15
5.75414e+15
7.40141e+15
5.18996e+15
4.43541e+15
4.04915e+15
9.45378e+16
9.26701e+16
1.71563e+16
1.19899e+17
3.45253e+15
4.61592e+15
1.56008e+16
6.87396e+16
3.91216e+16
3.01319e+16
3.56391e+16
3.8585e+16
4.53817e+16
2.4219e+16
3.1026e+16
2.7716e+16
2.71675e+16
3.1878e+16
3.34511e+16
4.56668e+16
1.89232e+16
1.25241e+16
8.83665e+15
7.69228e+15
7.78651e+15
5.22682e+15
1.08514e+16
1.07595e+16
7.36619e+15
5.48986e+15
4.31971e+16
8.10976e+15
2.6119e+15
3.98966e+16
4.81206e+15
5.72682e+15
1.08196e+16
3.7603e+15
2.99582e+15
4.3437e+15
7.43828e+15
7.56936e+15
4.69705e+15
9.98206e+15
9.99116e+15
8.26367e+15
2.29247e+16
2.22501e+16
3.56004e+16
2.64125e+16
2.02572e+16
2.3025e+16
2.24625e+16
2.75924e+16
2.90812e+16
3.71646e+16
4.36158e+16
5.20764e+16
4.3816e+16
2.58267e+16
2.52261e+16
3.80368e+15
4.60793e+15
4.64613e+15
7.66847e+15
6.70852e+15
3.66906e+16
1.3687e+16
6.80714e+16
6.00912e+16
6.40579e+16
1.56462e+16
2.90173e+16
4.14136e+16
5.31422e+16
4.19472e+16
4.0634e+16
4.73033e+16
4.0138e+16
4.27849e+16
4.2228e+16
2.37636e+16
3.30877e+16
4.41563e+15
8.04412e+15
2.29591e+16
2.14619e+16
3.48236e+16
1.27102e+16
1.75618e+16
2.17125e+16
3.30082e+16
2.86794e+16
3.29903e+16
3.50575e+16
3.0711e+16
3.12469e+16
3.11181e+16
2.26331e+16
1.14126e+16
9.1591e+15
1.48005e+16
1.45384e+16
1.7273e+16
1.28026e+16
9.31431e+15
1.75143e+16
1.84926e+16
1.62763e+16
1.38555e+16
2.40122e+16
3.02783e+16
5.11763e+16
3.5708e+16
2.52136e+16
2.27527e+16
2.53763e+16
2.09462e+16
4.86922e+16
4.94278e+16
3.56654e+16
3.71723e+16
5.2269e+16
4.53919e+16
3.67906e+16
2.67874e+16
3.03682e+16
4.62605e+16
2.04799e+16
3.46633e+16
3.7044e+16
2.60911e+16
1.66726e+16
1.94246e+16
1.96246e+16
2.0151e+16
2.50994e+16
2.54049e+16
3.099e+16
1.72707e+16
2.28387e+16
2.3328e+16
1.78165e+16
2.84759e+16
3.03183e+16
3.06273e+16
2.82664e+16
1.93183e+16
4.7002e+15
2.7839e+16
2.91095e+16
2.59352e+16
2.54583e+16
3.91114e+16
4.303e+16
5.91714e+15
8.7032e+15
8.35358e+15
5.15435e+15
3.96769e+16
2.44e+16
1.3748e+16
1.35667e+16
2.42266e+16
2.0977e+16
2.67254e+16
1.76772e+16
1.65134e+16
2.33269e+16
2.29502e+16
2.59205e+16
1.93373e+16
1.90976e+16
4.09344e+16
1.11084e+16
4.32188e+15
8.12859e+15
3.93554e+16
3.26242e+16
2.61141e+16
3.87682e+16
6.39992e+16
3.18067e+16
2.42074e+16
2.82794e+16
2.24673e+16
1.618e+16
1.57135e+16
2.2128e+16
1.77582e+16
2.40255e+16
2.66813e+16
2.68744e+16
2.74672e+16
2.73411e+16
2.20936e+16
2.54463e+16
3.21323e+16
2.92578e+16
3.56653e+16
5.70581e+15
7.3704e+15
4.29967e+15
8.62319e+15
5.78699e+15
8.54936e+15
1.35701e+16
6.4073e+15
2.99763e+16
3.06734e+16
2.83879e+16
3.95299e+16
3.46857e+16
2.50332e+16
2.22297e+16
9.48114e+15
9.89814e+15
1.08438e+16
1.20846e+16
1.04194e+16
1.02896e+16
1.7868e+16
2.5525e+16
3.56413e+16
5.09034e+15
1.07423e+16
2.23834e+16
5.90116e+15
9.68395e+15
1.11223e+16
1.93218e+16
3.80836e+16
2.50541e+16
1.67963e+16
3.58464e+16
1.43185e+16
1.75499e+16
8.97686e+15
7.34955e+15
1.23692e+16
1.06772e+16
9.04889e+15
4.56449e+15
4.21167e+15
7.78863e+15
1.15131e+16
1.08269e+16
1.35355e+16
2.12821e+16
1.91376e+16
1.76719e+16
2.12852e+16
2.3091e+16
2.67291e+16
1.90622e+16
1.86372e+16
1.70387e+16
1.76184e+16
2.72322e+16
3.21638e+16
2.51709e+16
2.06322e+16
2.36838e+16
2.36243e+16
2.00973e+16
2.15078e+16
2.37626e+16
2.56944e+16
2.22331e+16
3.15475e+16
2.79638e+16
2.96977e+16
2.9259e+16
2.55992e+16
2.71033e+16
1.68623e+16
2.62237e+16
1.85998e+16
2.09901e+16
1.96489e+16
2.08885e+16
2.08863e+16
1.9995e+16
3.1528e+16
2.84924e+16
3.66974e+16
2.9802e+16
4.50082e+16
4.23699e+16
3.31873e+16
3.08681e+16
2.70894e+16
2.50587e+16
2.78664e+16
7.10546e+15
9.26961e+15
2.30227e+16
2.41812e+16
2.64832e+16
3.43347e+16
2.82381e+16
3.48372e+16
4.20202e+16
3.99868e+16
3.7108e+16
3.61656e+16
3.70423e+16
4.21072e+16
3.77391e+16
4.16443e+16
2.00189e+16
2.14262e+16
1.80695e+16
2.2642e+16
1.84917e+16
2.62293e+16
3.17639e+16
2.5915e+16
3.99435e+16
2.05881e+16
2.00734e+16
3.70542e+16
3.72068e+16
4.34315e+16
4.31024e+16
3.45065e+16
3.67432e+16
3.68434e+16
3.18036e+16
2.62249e+16
4.17228e+16
2.3681e+16
2.29036e+16
1.02519e+16
3.25718e+16
4.02771e+16
4.09733e+16
2.9411e+16
1.838e+16
2.17915e+16
3.71832e+16
3.05666e+16
3.8328e+16
3.79036e+16
3.46913e+16
2.4664e+16
2.83512e+16
2.50876e+16
3.35041e+16
2.46942e+16
2.42393e+16
2.651e+16
1.67549e+16
2.70293e+16
2.66792e+16
2.37509e+16
2.19678e+16
1.82342e+16
1.85839e+16
2.30833e+16
1.97133e+16
2.14277e+16
2.09911e+16
2.60232e+16
2.0926e+16
2.20501e+16
3.57044e+16
4.17151e+16
1.62157e+17
3.90184e+16
3.98616e+16
2.12576e+16
2.38903e+16
1.23845e+16
1.36677e+16
2.20776e+16
2.3516e+16
4.30513e+16
5.38384e+15
7.16039e+15
8.3581e+15
6.18683e+15
4.8959e+15
3.20855e+16
2.44838e+16
2.52234e+16
2.63253e+16
2.36086e+16
2.58309e+16
1.99604e+16
2.04547e+16
8.67661e+15
3.72095e+15
2.1393e+16
2.15784e+16
5.66488e+15
4.63187e+16
3.17139e+16
7.48668e+15
4.03497e+16
2.14115e+16
1.9328e+16
1.62282e+16
7.97747e+15
4.56641e+15
7.57978e+15
4.7562e+15
8.40651e+15
1.38383e+16
1.97249e+16
1.41048e+16
8.80446e+15
6.79463e+15
1.061e+16
3.15754e+16
2.92652e+16
3.07984e+16
2.58167e+16
2.1867e+16
2.2545e+16
2.19259e+16
2.22836e+16
1.56062e+16
1.47325e+16
1.00463e+16
1.27183e+16
1.74077e+16
5.81307e+15
6.33398e+15
5.11518e+15
8.02097e+15
6.68609e+15
5.66981e+16
4.65432e+16
5.59698e+16
6.13243e+15
2.41033e+16
3.4314e+16
2.31415e+16
2.75951e+16
2.42464e+16
2.20278e+16
2.43276e+16
1.86109e+16
5.61812e+15
2.20091e+16
2.39465e+16
2.15165e+16
4.14873e+16
3.2517e+16
2.65418e+16
7.09601e+15
3.90178e+16
1.9645e+16
4.92469e+16
8.46749e+16
1.85433e+16
1.95057e+16
1.344e+16
2.30755e+16
1.19535e+16
8.5863e+15
9.50748e+15
1.22735e+16
1.02533e+16
1.12123e+16
1.04506e+16
7.62766e+15
7.52089e+15
6.66706e+15
1.19518e+16
1.31203e+16
1.4169e+16
2.22621e+16
1.04168e+16
1.26887e+16
1.31087e+16
2.25857e+16
2.48187e+16
1.53549e+16
1.88066e+16
1.49867e+16
1.14589e+19
9.28785e+18
6.82071e+18
6.17572e+18
5.0293e+18
4.52626e+18
4.14599e+18
4.4422e+18
3.42664e+18
3.45855e+18
3.13668e+18
3.0339e+18
2.73799e+18
3.00636e+18
2.59355e+18
3.09623e+18
2.13252e+18
2.35483e+18
2.48461e+18
2.41136e+18
1.87987e+18
1.77984e+18
1.60904e+18
1.68411e+18
1.61685e+18
1.81686e+18
1.28859e+18
1.44517e+18
1.2369e+18
1.28191e+18
1.18063e+18
1.1936e+18
1.00654e+18
1.44169e+18
1.02623e+18
1.06642e+18
8.93183e+17
1.16192e+18
9.45907e+17
9.98169e+17
8.19606e+17
9.66122e+17
7.1629e+17
8.75841e+17
6.38508e+17
6.2822e+17
4.60232e+17
5.57557e+17
0
0
0
0
0
0
0
0
0
0
0
0
0
0
0
0
0
0
0
0
0
0
0
0
0
0
0
0
0
0
0
0
0
0
0
0
0
0
0
0
0
0
0
0
0
0
0
0
0
0
0
0
0
0
0
0
0
0
0
0
0
0
0
0
0
0
0
0
0
0
0
0
0
0
0
0
0
0
0
0
0
0
0
0
0
0
0
0
0
0
0
0
0
0
0
0
4.11944e+17
4.81669e+17
4.30624e+17
4.8033e+17
4.19033e+17
5.65831e+17
4.28859e+17
4.2488e+17
3.61727e+17
4.30494e+17
3.37135e+17
3.67807e+17
2.29652e+17
2.16968e+17
1.34453e+17
1.49607e+17
1.37853e+17
1.67277e+17
1.7691e+17
1.83773e+17
1.02315e+17
1.42352e+17
1.57795e+17
1.78715e+17
3.02562e+17
4.09063e+17
5.38872e+17
5.96735e+17
6.7503e+17
8.6435e+17
8.93305e+17
9.72131e+17
9.57478e+17
1.02375e+18
1.04182e+18
1.29874e+18
1.03757e+18
1.18878e+18
1.15932e+18
1.43317e+18
1.47742e+18
1.47573e+18
1.51304e+18
1.78007e+18
2.00558e+18
2.26942e+18
3.61162e+18
4.71543e+18
1.14714e+19
9.73634e+18
6.63388e+18
5.46419e+18
4.37312e+18
4.27494e+18
3.48684e+18
3.58632e+18
3.05978e+18
2.88786e+18
2.6295e+18
2.58083e+18
2.22594e+18
2.37453e+18
2.27057e+18
2.45656e+18
1.7155e+18
1.73691e+18
1.88259e+18
1.9645e+18
1.36098e+18
1.32603e+18
1.27635e+18
1.24682e+18
1.15997e+18
1.1972e+18
8.31094e+17
9.30582e+17
7.20207e+17
7.76989e+17
6.8016e+17
7.45695e+17
5.62489e+17
6.57922e+17
6.15005e+17
6.38694e+17
4.46082e+17
5.50267e+17
5.09436e+17
5.75095e+17
4.30608e+17
5.34928e+17
4.15335e+17
4.36455e+17
3.52259e+17
4.12245e+17
2.56456e+17
2.93141e+17
0
0
0
0
0
0
0
0
0
0
0
0
0
0
0
0
0
0
0
0
0
0
0
0
0
0
0
0
0
0
0
0
0
0
0
0
0
0
0
0
0
0
0
0
0
0
0
0
0
0
0
0
0
0
0
0
0
0
0
0
0
0
0
0
0
0
0
0
0
0
0
0
0
0
0
0
0
0
0
0
0
0
0
0
0
0
0
0
0
0
0
0
0
0
0
0
2.16102e+17
2.85052e+17
2.63929e+17
3.26462e+17
2.70753e+17
3.2182e+17
3.10231e+17
3.22202e+17
2.50682e+17
3.05451e+17
2.38176e+17
2.41702e+17
1.92207e+17
1.76293e+17
1.05853e+17
8.21194e+16
7.52202e+16
9.76755e+16
8.32958e+16
1.01668e+17
7.79659e+16
7.12732e+16
1.29533e+17
1.27811e+17
2.62151e+17
3.27869e+17
3.71741e+17
4.53015e+17
5.34629e+17
6.63694e+17
6.12227e+17
6.83687e+17
7.42774e+17
8.73616e+17
9.15553e+17
1.03192e+18
8.78722e+17
9.43677e+17
1.0031e+18
1.18296e+18
1.32697e+18
1.27161e+18
1.40228e+18
1.53662e+18
1.98615e+18
2.39611e+18
3.78403e+18
4.95203e+18
1.1232e+19
9.51223e+18
6.4207e+18
5.49887e+18
3.65601e+18
3.32672e+18
2.81742e+18
2.91915e+18
2.41159e+18
2.61691e+18
2.03876e+18
2.17621e+18
1.75153e+18
1.7984e+18
1.80288e+18
1.89821e+18
1.33733e+18
1.47486e+18
1.31127e+18
1.3909e+18
1.21857e+18
1.02405e+18
8.74062e+17
9.39988e+17
7.77877e+17
8.31424e+17
5.64817e+17
6.87293e+17
4.05243e+17
5.5829e+17
4.02421e+17
4.71704e+17
3.56698e+17
4.68863e+17
2.9676e+17
3.96784e+17
2.93386e+17
2.85569e+17
2.3541e+17
3.46545e+17
2.49492e+17
3.10155e+17
1.83217e+17
2.07097e+17
1.62205e+17
2.3175e+17
1.69174e+17
1.66111e+17
0
0
0
0
0
0
0
0
0
0
0
0
0
0
0
0
0
0
0
0
0
0
0
0
0
0
0
0
0
0
0
0
0
0
0
0
0
0
0
0
0
0
0
0
0
0
0
0
0
0
0
0
0
0
0
0
0
0
5.72527e+09
3.1146e+08
0
0
0
0
0
0
0
0
0
0
0
0
0
0
0
0
0
0
0
0
0
0
0
0
0
0
0
0
0
0
0
0
0
0
0
0
1.18226e+17
1.57359e+17
1.01658e+17
2.14641e+17
1.3868e+17
1.88473e+17
1.87298e+17
2.23149e+17
1.73907e+17
1.94713e+17
1.64617e+17
1.76879e+17
1.65735e+17
1.41829e+17
6.78966e+16
6.26263e+16
4.05963e+16
5.10808e+16
5.36579e+16
8.22129e+16
6.12956e+16
7.14275e+16
8.60994e+16
1.18641e+17
1.69959e+17
2.49272e+17
2.75035e+17
3.47645e+17
4.02274e+17
4.91376e+17
4.49698e+17
5.37598e+17
5.56539e+17
6.28876e+17
7.67271e+17
9.03742e+17
7.46976e+17
8.04876e+17
8.92091e+17
1.09189e+18
1.08325e+18
1.11315e+18
1.25936e+18
1.39399e+18
1.75573e+18
2.12501e+18
3.74535e+18
5.43835e+18
1.16375e+19
9.39298e+18
5.68534e+18
4.63682e+18
2.98362e+18
2.81499e+18
2.56794e+18
2.34367e+18
1.75476e+18
1.94583e+18
1.5144e+18
1.68426e+18
1.28414e+18
1.39034e+18
1.33502e+18
1.48479e+18
9.9856e+17
1.18428e+18
9.71665e+17
9.47368e+17
7.76843e+17
7.42615e+17
5.62023e+17
5.67412e+17
4.69115e+17
5.39238e+17
4.23065e+17
4.36816e+17
2.96393e+17
2.70598e+17
2.58969e+17
2.73923e+17
2.55376e+17
2.73489e+17
2.01027e+17
2.0972e+17
1.69007e+17
2.09782e+17
1.98687e+17
1.79224e+17
1.14449e+17
1.3461e+17
9.06394e+16
1.04384e+17
8.5348e+16
1.11209e+17
1.0054e+17
1.07946e+17
0
0
0
0
0
0
0
0
0
0
0
0
0
0
0
0
0
0
0
0
0
0
0
0
0
0
0
0
0
0
0
0
0
0
0
0
0
0
0
0
0
0
0
0
0
0
0
0
0
0
0
0
0
0
0
0
0
0
5.45947e+09
5.98006e+09
0
0
0
0
0
0
0
0
0
0
0
0
0
0
0
0
0
0
0
0
0
0
0
0
0
0
0
0
0
0
0
0
0
0
0
0
6.4031e+16
7.95324e+16
5.00443e+16
8.45571e+16
8.48583e+16
1.11764e+17
1.16703e+17
1.20566e+17
1.06826e+17
9.3456e+16
1.02855e+17
1.07829e+17
1.05771e+17
1.19631e+17
6.37477e+16
4.19237e+16
2.37748e+16
3.4099e+16
3.78854e+16
5.05506e+16
3.84353e+16
4.12225e+16
6.42988e+16
8.85784e+16
1.28012e+17
1.70157e+17
1.85702e+17
2.52278e+17
2.69786e+17
3.58064e+17
3.23928e+17
3.9651e+17
3.8802e+17
4.98503e+17
5.85248e+17
7.14513e+17
5.94082e+17
7.04532e+17
7.29206e+17
8.58106e+17
8.95196e+17
9.09528e+17
1.08221e+18
1.26346e+18
1.66881e+18
2.15389e+18
4.00051e+18
5.74665e+18
1.13727e+19
9.27051e+18
4.84401e+18
3.6837e+18
2.49363e+18
2.27924e+18
1.85945e+18
1.93597e+18
1.51887e+18
1.47784e+18
1.16876e+18
1.32969e+18
1.05674e+18
1.12089e+18
9.75845e+17
1.06267e+18
8.30179e+17
7.57603e+17
7.33003e+17
7.1352e+17
4.70583e+17
5.41971e+17
3.83437e+17
4.24505e+17
3.03591e+17
2.93929e+17
2.30075e+17
2.67827e+17
1.7312e+17
1.67012e+17
1.69184e+17
1.58558e+17
1.36265e+17
1.59437e+17
1.19054e+17
1.14922e+17
9.05061e+16
1.25024e+17
1.00234e+17
1.2742e+17
6.48253e+16
7.02268e+16
5.83168e+16
6.95309e+16
6.07455e+16
6.03814e+16
3.46709e+16
5.7945e+16
0
0
0
0
0
0
0
0
0
0
0
0
0
0
0
0
0
0
0
0
0
0
0
0
0
0
0
0
0
0
0
0
0
0
0
0
0
0
0
0
0
0
0
0
0
0
0
0
0
0
0
0
0
0
0
0
0
0
5.19907e+09
6.17786e+09
0
0
0
0
0
0
0
0
0
0
0
0
0
0
0
0
0
0
0
0
0
0
0
0
0
0
0
0
0
0
0
0
0
0
0
0
3.99645e+16
4.02848e+16
3.21085e+16
3.71782e+16
4.32588e+16
6.3038e+16
6.72633e+16
7.3276e+16
6.60561e+16
6.31786e+16
4.52727e+16
7.87925e+16
4.88552e+16
7.23306e+16
4.62593e+16
2.33767e+16
2.47391e+16
2.69032e+16
2.32676e+16
2.10637e+16
3.20321e+16
2.29253e+16
3.72807e+16
6.09506e+16
1.01687e+17
1.05175e+17
1.07005e+17
1.94267e+17
1.77393e+17
2.11157e+17
2.1876e+17
2.6693e+17
3.14123e+17
3.81965e+17
4.43593e+17
5.47632e+17
4.59473e+17
5.94356e+17
5.30929e+17
6.47959e+17
7.11276e+17
8.15902e+17
8.45566e+17
9.42575e+17
1.36198e+18
1.79935e+18
4.0227e+18
5.8547e+18
1.13458e+19
8.63787e+18
4.22284e+18
3.33405e+18
2.02346e+18
1.91263e+18
1.34703e+18
1.44667e+18
1.2277e+18
1.26372e+18
9.04217e+17
1.01632e+18
7.80433e+17
8.89064e+17
6.91896e+17
6.81928e+17
5.67149e+17
5.55788e+17
3.99999e+17
4.61512e+17
3.09509e+17
3.27449e+17
1.72469e+17
2.50942e+17
1.88723e+17
2.08934e+17
1.44322e+17
1.77718e+17
9.87381e+16
1.14942e+17
9.67053e+16
1.01367e+17
1.00891e+17
8.58238e+16
7.80018e+16
7.23024e+16
6.36996e+16
7.25925e+16
4.6614e+16
6.09928e+16
4.70603e+16
5.86441e+16
3.75105e+16
5.22094e+16
3.81725e+16
3.05014e+16
2.35585e+16
2.84175e+16
0
0
0
0
0
0
0
0
0
0
0
0
0
0
0
0
0
0
0
0
0
0
0
0
0
0
0
0
0
0
0
0
0
0
0
0
0
0
0
0
0
0
0
0
0
0
0
0
0
0
0
0
0
0
0
0
0
0
4.94415e+09
6.37093e+09
0
0
0
0
0
0
0
0
0
0
0
0
0
0
0
0
0
0
0
0
0
0
0
0
0
0
0
0
0
0
0
0
0
0
0
0
3.49272e+16
3.3437e+16
1.82535e+16
2.10734e+16
2.24033e+16
3.4751e+16
2.81339e+16
3.50779e+16
3.1837e+16
3.25962e+16
2.33573e+16
3.71858e+16
2.39398e+16
3.65997e+16
3.05983e+16
1.7161e+16
1.26939e+16
2.23772e+16
1.38741e+16
1.23507e+16
2.19489e+16
1.93973e+16
1.60761e+16
3.70652e+16
7.35228e+16
6.77312e+16
7.23703e+16
1.21518e+17
9.65813e+16
1.15685e+17
1.24988e+17
1.66523e+17
2.36981e+17
3.11357e+17
2.93316e+17
3.95303e+17
3.25323e+17
4.48151e+17
3.76854e+17
4.8351e+17
5.40584e+17
6.17724e+17
6.43233e+17
7.54779e+17
1.22588e+18
1.56965e+18
3.99266e+18
6.06395e+18
1.0579e+19
7.9444e+18
3.43969e+18
2.88983e+18
1.54508e+18
1.36033e+18
9.82273e+17
1.13643e+18
8.46678e+17
1.02374e+18
6.93607e+17
7.49911e+17
6.00548e+17
5.99625e+17
4.75907e+17
4.05113e+17
3.92207e+17
3.60052e+17
2.85726e+17
3.20817e+17
2.08779e+17
1.92857e+17
1.2835e+17
1.26005e+17
1.268e+17
1.3565e+17
1.20595e+17
9.58956e+16
7.16389e+16
5.10447e+16
4.6625e+16
7.694e+16
6.09666e+16
5.37837e+16
4.58111e+16
4.3266e+16
4.40946e+16
5.73299e+16
2.14654e+16
2.39611e+16
2.82356e+16
3.23133e+16
1.57281e+16
2.44975e+16
2.23944e+16
2.63888e+16
1.48999e+16
1.51855e+16
0
0
0
0
0
0
0
0
0
0
0
0
0
0
0
0
0
0
0
0
0
0
0
0
0
0
0
0
0
0
0
0
0
0
0
0
0
0
0
0
0
0
0
0
0
0
0
0
0
0
0
0
0
0
0
0
0
0
4.69443e+09
6.5598e+09
0
0
0
0
0
0
0
0
0
0
0
0
0
0
0
0
0
0
0
0
0
0
0
0
0
0
0
0
0
0
0
0
0
0
0
0
1.4393e+16
1.85113e+16
2.02599e+16
1.4415e+16
1.6229e+16
1.63602e+16
1.43928e+16
2.64281e+16
1.40035e+16
1.89507e+16
1.16893e+16
1.75133e+16
1.82297e+16
1.80615e+16
2.0591e+16
1.63563e+16
3.48144e+15
1.33954e+16
8.63129e+15
5.68052e+15
1.27875e+16
1.31191e+16
8.67762e+15
3.03049e+16
3.88271e+16
4.4843e+16
3.29034e+16
5.96673e+16
6.11664e+16
6.23075e+16
9.14867e+16
9.32123e+16
1.32912e+17
1.93227e+17
1.60806e+17
2.34027e+17
2.2983e+17
3.03889e+17
2.48161e+17
3.55995e+17
4.27574e+17
4.61107e+17
5.15903e+17
6.4636e+17
9.426e+17
1.36244e+18
3.74546e+18
6.23093e+18
1.04991e+19
7.26926e+18
2.84338e+18
2.10356e+18
1.11208e+18
1.08178e+18
7.2047e+17
8.23798e+17
6.05957e+17
5.98455e+17
4.47299e+17
5.39167e+17
3.81479e+17
3.70528e+17
2.74124e+17
2.66262e+17
2.33084e+17
2.13123e+17
1.7165e+17
2.25878e+17
1.15127e+17
1.14843e+17
7.59956e+16
8.40241e+16
7.26676e+16
1.05971e+17
5.40381e+16
6.35061e+16
4.58943e+16
2.81386e+16
1.78115e+16
4.257e+16
2.44374e+16
2.8338e+16
2.03479e+16
3.24764e+16
2.05031e+16
1.91999e+16
8.50549e+15
1.01937e+16
1.10353e+16
1.99328e+16
1.56958e+16
1.50659e+16
1.02535e+16
1.53583e+16
1.17014e+16
9.83691e+15
0
0
0
0
0
0
0
0
0
0
0
0
0
0
0
0
0
0
0
0
0
0
0
0
0
0
0
0
0
0
0
0
0
0
0
0
0
0
0
0
0
0
0
0
0
0
0
0
0
0
0
0
0
0
1.91793e+09
1.05656e+08
0
0
4.44949e+09
6.7442e+09
0
0
0
0
0
0
1.65859e+13
1.12869e+12
0
0
0
0
0
0
0
0
0
0
0
0
0
0
0
0
0
0
0
0
0
0
0
0
0
0
0
0
7.2268e+15
8.43675e+15
8.08124e+15
1.03744e+16
1.0185e+16
1.32904e+16
1.25436e+16
1.16123e+16
1.07796e+16
9.52452e+15
9.06923e+15
1.20566e+16
1.12842e+16
7.19285e+15
1.60202e+16
1.12521e+16
3.21829e+15
5.66296e+15
9.11602e+15
3.01211e+15
2.73937e+15
3.19604e+15
5.81492e+15
1.59779e+16
1.21993e+16
1.52161e+16
1.96953e+16
2.8011e+16
2.2949e+16
2.99842e+16
5.87125e+16
6.25801e+16
7.9024e+16
1.31604e+17
1.10105e+17
1.39347e+17
1.50698e+17
1.92805e+17
1.64459e+17
2.33803e+17
2.80068e+17
3.26515e+17
3.91231e+17
4.98949e+17
7.41746e+17
1.12752e+18
3.52925e+18
6.48284e+18
1.00151e+19
6.6087e+18
2.13927e+18
1.61139e+18
7.2126e+17
7.69561e+17
5.92119e+17
5.37217e+17
3.89544e+17
3.94954e+17
2.61431e+17
3.16448e+17
2.09695e+17
2.23668e+17
1.64188e+17
1.85008e+17
1.11959e+17
1.00884e+17
8.16174e+16
1.17654e+17
5.92891e+16
5.59038e+16
2.47188e+16
4.84118e+16
3.72569e+16
3.88093e+16
2.61481e+16
4.30752e+16
1.77109e+16
1.86043e+16
1.04634e+16
1.36158e+16
1.28967e+16
1.51263e+16
9.02031e+15
1.91582e+16
6.11311e+15
9.48773e+15
4.53305e+15
6.62205e+15
2.94083e+15
6.76447e+15
6.0337e+15
1.30365e+16
8.40552e+15
9.05761e+15
4.57252e+15
8.60133e+15
0
0
0
0
0
0
0
0
0
0
0
0
0
0
0
0
0
0
0
0
0
0
0
0
0
0
0
0
0
0
0
0
0
0
0
0
0
0
0
0
0
0
0
0
0
0
0
0
0
0
0
0
0
0
1.78662e+09
2.47569e+09
0
0
4.20937e+09
6.92389e+09
0
0
0
0
0
0
1.96751e+13
1.99346e+13
0
0
0
0
0
0
0
0
0
0
0
0
0
0
0
0
0
0
0
0
0
0
0
0
0
0
0
0
4.49764e+15
7.30128e+15
2.42968e+15
7.11033e+15
5.4005e+15
7.04593e+15
5.36157e+15
6.68313e+15
7.18584e+15
6.5495e+15
6.08e+15
7.46135e+15
6.02261e+15
5.16052e+15
5.38342e+15
5.40275e+15
2.64347e+15
4.95073e+15
3.74906e+15
1.9168e+15
1.48259e+15
1.94451e+15
2.03679e+15
3.79519e+15
4.56593e+15
5.95147e+15
1.26824e+16
1.42739e+16
1.09834e+16
1.81081e+16
2.18166e+16
2.89349e+16
3.43705e+16
6.1671e+16
4.62217e+16
8.34586e+16
8.11831e+16
1.26239e+17
1.15068e+17
1.49878e+17
1.72968e+17
2.20756e+17
2.44151e+17
3.67849e+17
4.92622e+17
7.66377e+17
3.45963e+18
6.8756e+18
9.5343e+18
5.70833e+18
1.51453e+18
1.1339e+18
5.29888e+17
4.55962e+17
3.71453e+17
3.37257e+17
2.18365e+17
2.50442e+17
1.3946e+17
1.6538e+17
9.9232e+16
1.40865e+17
9.66451e+16
1.21909e+17
7.63989e+16
5.07054e+16
4.54041e+16
4.85894e+16
4.9446e+16
3.10799e+16
1.49924e+16
2.02935e+16
1.69723e+16
2.05628e+16
9.94694e+15
1.47332e+16
6.20965e+15
7.73366e+15
5.96406e+15
1.25835e+16
8.27388e+15
7.42778e+15
7.08525e+15
7.36629e+15
2.81961e+15
3.41656e+15
2.22825e+15
3.06169e+15
1.03894e+15
1.91261e+15
3.283e+15
6.59377e+15
5.73083e+15
7.53887e+15
3.38832e+15
2.9525e+15
0
0
0
0
0
0
0
0
0
0
0
0
0
0
0
0
0
0
0
0
0
0
0
0
0
0
0
0
0
0
0
0
0
0
0
0
0
0
0
0
0
0
0
0
0
0
0
0
0
0
0
0
0
0
1.65818e+09
2.57795e+09
0
0
3.97393e+09
7.09984e+09
0
0
0
0
0
0
2.27057e+13
1.66656e+13
0
0
0
0
0
0
0
0
0
0
0
0
0
0
0
0
0
0
0
0
0
0
0
0
0
0
0
0
2.01449e+15
3.64166e+15
1.43216e+15
3.51182e+15
4.67063e+15
3.66737e+15
2.92519e+15
5.73033e+15
3.2141e+15
4.18513e+15
4.38486e+15
2.74475e+15
1.1613e+15
2.74266e+15
3.51037e+15
4.22747e+15
1.36689e+15
3.46819e+14
2.9377e+15
1.91666e+15
1.94134e+15
1.75447e+15
1.47234e+15
1.37506e+15
3.43583e+15
6.94337e+15
3.60207e+15
6.80187e+15
5.23974e+15
1.17773e+16
8.37684e+15
1.37344e+16
1.82185e+16
3.62342e+16
2.18716e+16
3.36085e+16
5.06034e+16
5.89615e+16
7.56948e+16
1.08596e+17
8.90298e+16
1.27706e+17
1.5362e+17
2.43618e+17
3.75247e+17
6.31202e+17
3.28589e+18
7.07084e+18
9.2326e+18
4.81632e+18
1.07937e+18
8.49827e+17
4.15091e+17
3.6604e+17
1.93104e+17
1.97845e+17
1.42109e+17
1.08093e+17
7.09105e+16
8.62219e+16
5.66094e+16
6.32023e+16
4.24053e+16
5.55274e+16
3.98502e+16
2.82771e+16
2.59597e+16
2.67649e+16
2.47439e+16
2.24588e+16
1.03538e+16
9.69113e+15
8.38827e+15
8.59626e+15
1.22756e+16
9.42249e+15
1.8591e+15
4.88349e+15
1.28608e+15
4.9612e+15
4.62204e+15
5.89525e+15
3.6552e+15
4.56578e+15
1.72229e+15
1.95825e+15
1.70104e+15
1.68789e+15
6.32695e+14
1.27014e+15
7.49367e+14
1.69676e+15
2.50516e+15
2.29992e+15
1.35405e+15
1.84662e+15
0
0
0
0
0
0
0
0
0
0
0
0
0
0
0
0
0
0
0
0
0
0
0
0
0
0
0
0
0
0
0
0
0
0
0
0
0
0
0
0
0
0
0
0
0
0
0
0
0
0
0
0
0
0
1.53291e+09
2.67745e+09
0
0
3.74268e+09
7.2723e+09
0
0
0
0
0
0
2.56734e+13
1.3458e+13
0
0
0
0
0
3.77081e+11
2.16825e+12
0
0
0
0
0
0
0
0
0
0
0
0
0
0
0
0
0
0
0
0
0
1.26781e+15
6.76906e+14
3.29718e+15
3.02714e+15
1.32149e+15
1.77033e+15
2.18011e+15
3.23686e+15
2.6855e+15
1.97539e+15
2.59187e+15
2.58742e+15
3.38176e+14
8.55584e+14
2.16763e+15
3.76976e+15
4.70893e+14
3.3175e+14
1.08571e+15
1.61454e+15
3.92881e+14
1.24904e+15
3.28211e+14
6.4084e+14
9.52292e+14
3.9971e+15
2.33478e+15
2.87151e+15
4.8945e+15
3.16401e+15
5.20677e+15
8.09434e+15
1.07054e+16
1.97349e+16
1.39741e+16
1.58903e+16
3.2136e+16
3.2678e+16
3.91435e+16
6.71194e+16
5.26371e+16
7.37878e+16
9.09697e+16
1.50234e+17
2.23776e+17
4.59701e+17
3.12721e+18
6.92169e+18
8.43907e+18
3.98773e+18
8.57466e+17
5.92941e+17
2.34107e+17
2.42525e+17
1.07242e+17
1.18995e+17
7.3087e+16
7.8009e+16
2.75107e+16
3.45891e+16
2.78905e+16
3.90676e+16
2.04079e+16
2.21453e+16
1.03477e+16
1.57878e+16
1.42409e+16
1.47821e+16
7.68226e+15
1.32779e+16
4.4844e+15
4.19503e+15
2.48273e+15
6.00732e+15
2.40678e+15
6.27351e+15
1.92335e+15
7.14315e+14
9.34368e+14
9.99679e+14
1.76979e+15
3.36084e+15
7.20357e+14
9.23707e+14
3.86572e+14
7.77145e+14
4.19924e+14
4.59784e+14
1.05054e+15
1.36619e+15
3.84213e+14
7.49426e+14
4.01363e+14
7.94871e+14
6.6474e+12
2.6866e+13
0
0
0
0
0
0
0
0
0
0
0
0
0
0
0
0
0
0
0
0
0
0
0
0
0
0
0
0
0
0
0
0
0
0
0
0
0
0
0
0
0
0
0
0
0
0
0
0
0
0
0
0
0
0
1.41053e+09
2.77438e+09
0
0
3.51591e+09
7.44071e+09
0
0
0
0
0
0
2.85887e+13
1.03103e+13
0
0
3.15025e+08
0
0
0
1.9213e+13
1.5652e+11
0
0
0
0
0
0
0
0
0
0
0
0
0
0
0
0
0
0
0
0
4.54934e+14
2.07267e+15
1.21723e+15
1.98398e+15
1.96335e+14
2.89974e+14
2.12529e+14
3.09181e+14
1.51654e+15
1.50212e+15
1.26612e+15
1.44514e+15
1.82562e+14
2.75043e+14
1.19717e+15
2.56374e+15
1.41994e+15
9.24645e+13
8.14861e+14
6.49607e+14
3.93996e+14
8.33712e+13
2.49206e+14
2.16545e+14
1.06008e+15
2.61955e+15
1.10142e+15
1.02718e+15
4.81907e+15
2.94881e+15
1.22177e+15
6.34926e+15
7.33785e+15
9.55695e+15
9.41721e+15
1.32464e+16
1.09459e+16
1.83952e+16
1.87616e+16
2.92073e+16
2.32994e+16
3.29965e+16
6.31058e+16
9.41094e+16
1.40772e+17
2.9293e+17
2.75231e+18
6.97065e+18
7.85536e+18
3.14589e+18
5.94441e+17
4.17916e+17
1.50462e+17
1.28104e+17
5.35204e+16
5.70236e+16
3.10692e+16
3.90729e+16
2.34461e+16
2.38495e+16
1.67377e+16
1.79471e+16
1.45879e+16
1.06095e+16
7.0821e+15
1.09674e+16
6.1563e+15
9.2454e+15
4.01976e+15
3.6124e+15
1.56934e+15
1.61881e+15
1.63792e+15
4.24807e+15
8.0124e+14
1.91937e+15
1.5065e+15
2.00651e+15
6.10377e+14
8.7287e+14
0
1.97333e+14
0
1.028e+14
6.32144e+13
2.93154e+14
0
1.23983e+14
0
1.20812e+14
9.3481e+12
4.09536e+13
6.09282e+13
2.13077e+13
2.31388e+11
3.81209e+12
0
0
0
0
0
0
0
0
0
0
0
0
0
0
0
0
0
0
0
0
0
0
0
0
0
0
0
0
0
0
0
0
0
0
0
0
0
0
0
0
0
0
0
0
0
0
0
0
0
0
0
0
0
0
1.29077e+09
2.86902e+09
0
0
3.29322e+09
7.60588e+09
9.87948e+09
3.40247e+08
0
0
0
0
3.14406e+13
7.21989e+12
0
0
3.6466e+09
4.3818e+09
0
0
1.78133e+13
1.55983e+12
0
0
0
0
0
0
0
0
0
0
0
0
0
0
0
0
0
0
0
0
8.75556e+12
2.27373e+13
0
0
6.64195e+11
1.07631e+12
1.39281e+13
5.16798e+13
2.84261e+14
2.84553e+14
3.94514e+14
5.7102e+14
2.20723e+13
1.59256e+13
5.23094e+14
8.69159e+14
1.04475e+15
2.30525e+14
2.44198e+14
3.80937e+14
5.17699e+14
7.88602e+13
3.50816e+14
1.16376e+14
1.24286e+15
1.96028e+15
2.56742e+14
3.0138e+14
2.50859e+15
2.73175e+15
5.74556e+14
8.17647e+14
6.14448e+15
5.16739e+15
3.57778e+15
7.3284e+15
3.02068e+15
5.88023e+15
9.76337e+15
1.85821e+16
1.24523e+16
2.3494e+16
4.14821e+16
6.54616e+16
9.42145e+16
2.13591e+17
2.52122e+18
6.45297e+18
7.56671e+18
2.57164e+18
3.89485e+17
2.37792e+17
7.13999e+16
6.34228e+16
3.13184e+16
2.61581e+16
1.70318e+16
1.88588e+16
2.05751e+16
1.64967e+16
5.72632e+15
6.00112e+15
3.56221e+15
6.83822e+15
3.83715e+15
4.79629e+15
1.26728e+15
3.42535e+15
2.0734e+15
1.45388e+15
1.5783e+15
1.12759e+15
3.29004e+14
1.58592e+15
7.80778e+14
1.87748e+15
0
1.10382e+15
1.88269e+15
7.46638e+14
0
0
0
0
0
0
0
0
0
0
0
4.19355e+12
0
3.72726e+12
0
0
0
0
0
0
0
0
0
0
0
0
0
0
0
0
0
0
0
0
0
0
0
0
0
0
0
0
0
0
0
0
0
0
0
0
0
0
0
0
0
0
0
0
0
0
0
0
0
0
0
0
0
0
0
0
1.1736e+09
2.96121e+09
0
0
3.18488e+09
8.08785e+09
9.94063e+09
3.55099e+09
0
0
4.71972e+09
8.16831e+07
3.42468e+13
4.18767e+12
0
0
3.99226e+09
3.98617e+09
0
0
1.64095e+13
2.96751e+12
0
0
0
0
0
0
0
0
0
0
0
0
0
0
0
0
0
0
0
0
0
1.91688e+12
0
0
3.53937e+11
1.33e+12
0
0
1.98887e+13
8.49447e+13
3.09223e+13
6.43236e+14
1.49716e+13
2.2713e+13
1.65722e+14
3.46068e+14
7.72943e+14
4.89631e+14
1.16093e+14
9.39076e+13
3.88149e+14
3.10802e+14
6.35521e+13
1.70282e+13
3.5526e+14
5.60172e+14
1.84308e+14
4.96308e+13
3.23844e+14
6.13177e+14
5.38069e+14
7.44325e+14
2.45715e+15
1.81146e+15
1.97028e+15
6.53723e+15
2.10705e+15
2.91286e+15
6.01769e+15
9.88626e+15
7.06862e+15
1.23751e+16
1.78194e+16
3.43194e+16
5.44727e+16
1.61787e+17
2.19733e+18
6.06972e+18
7.28526e+18
2.11144e+18
2.85751e+17
1.47203e+17
3.72678e+16
2.20643e+16
1.71362e+16
1.03901e+16
5.67784e+15
8.94212e+15
3.21266e+15
8.00848e+15
3.63758e+15
3.43927e+15
1.23282e+15
1.63152e+15
1.61642e+15
8.63994e+14
0
1.3523e+14
1.74982e+15
1.50202e+15
1.076e+15
8.09244e+14
2.73199e+14
1.32551e+15
0
1.98484e+14
0
0
3.37409e+14
6.24519e+14
0
0
0
0
0
0
0
0
0
0
0
0
0
0
0
0
0
0
0
0
0
0
0
0
0
0
0
0
0
0
0
0
0
0
0
0
3.34134e+08
0
0
0
0
0
0
0
0
0
0
0
0
0
0
0
0
0
0
0
0
0
0
0
0
0
0
0
2.73081e+09
0
0
0
8.77417e+08
9.2302e+08
1.05898e+09
3.05116e+09
2.37639e+10
6.97664e+09
1.17738e+13
1.66294e+10
1.00007e+10
3.42691e+09
0
0
9.68291e+11
1.57518e+13
1.44421e+13
1.20348e+12
1.72902e+09
8.77454e+08
4.33052e+09
3.59825e+09
0
0
1.50061e+13
4.37615e+12
5.59888e+12
3.04578e+12
0
0
0
0
0
0
0
0
0
0
0
0
0
0
0
0
0
0
0
0
0
0
0
8.61791e+11
0
0
2.94633e+12
2.21169e+11
0
1.28809e+14
7.27969e+13
2.55211e+13
1.25065e+14
1.19725e+14
9.41924e+13
7.52693e+14
8.92416e+13
1.19906e+14
1.92044e+11
2.81053e+13
0
0
2.39693e+14
6.23942e+14
1.79166e+14
5.16878e+13
2.60877e+14
2.57136e+14
5.43905e+14
7.14419e+14
1.48444e+15
1.29717e+15
1.16608e+15
2.45775e+15
1.67127e+15
3.81602e+15
3.0556e+15
2.64024e+15
4.96072e+15
7.54756e+15
1.07679e+16
1.86411e+16
3.23095e+16
9.96401e+16
1.90574e+18
5.65828e+18
6.71475e+18
1.82584e+18
1.63065e+17
8.16269e+16
1.52008e+16
1.24715e+16
9.01639e+15
9.4338e+15
5.44967e+14
2.40475e+15
2.50125e+15
2.32541e+15
2.45197e+15
1.23482e+15
1.05776e+15
2.54799e+14
3.99122e+13
1.15639e+14
0
0
6.2799e+14
1.91429e+15
4.25201e+14
5.7423e+14
8.72587e+14
1.23456e+15
0
0
0
0
0
0
0
0
0
0
0
0
0
0
0
0
0
0
0
0
0
0
0
0
0
0
0
0
0
0
0
0
0
0
0
0
0
0
0
0
0
0
2.68774e+09
5.22924e+09
0
0
0
0
0
0
0
0
0
0
0
0
0
0
0
0
0
0
0
0
0
0
0
0
0
0
7.28122e+09
5.07654e+09
0
0
2.73476e+09
1.01881e+10
1.13768e+09
3.13906e+09
2.50116e+10
4.17254e+10
1.19878e+13
7.68624e+12
1.00597e+10
3.30424e+09
9.42039e+08
1.72964e+08
2.58455e+12
2.5579e+13
0
0
1.94466e+09
4.76781e+09
4.66204e+09
3.21809e+09
5.27689e+08
0
1.35978e+13
5.79021e+12
4.39779e+12
2.03892e+13
0
0
0
0
0
0
0
0
0
0
0
0
0
0
0
0
0
0
0
0
0
0
0
0
0
0
1.72706e+11
6.47547e+10
0
0
0
0
8.31211e+13
1.61009e+14
0
0
6.1711e+13
1.47184e+14
9.77166e+10
7.96955e+11
0
0
6.91328e+13
5.50187e+14
1.70232e+14
5.87481e+13
2.08688e+14
2.99581e+14
4.3144e+14
2.6517e+14
6.28426e+14
7.13726e+14
1.1416e+15
2.32946e+15
1.1868e+15
3.88577e+15
6.37201e+14
1.75762e+15
2.61567e+15
3.93469e+15
9.44834e+15
1.41615e+16
2.464e+16
7.11243e+16
1.63067e+18
5.48446e+18
6.23533e+18
1.4725e+18
8.74343e+16
5.33724e+16
1.22183e+16
4.14115e+15
3.20057e+15
4.60144e+15
5.09817e+14
1.24574e+14
1.95984e+14
1.11679e+15
3.25686e+15
8.14836e+14
2.54304e+13
3.37833e+13
0
0
0
0
3.29769e+14
1.10644e+15
1.8103e+14
1.65595e+14
4.32034e+14
1.53947e+15
3.75159e+14
0
0
0
0
0
0
0
0
0
0
0
0
0
0
0
0
0
0
0
0
0
0
0
0
0
0
0
0
0
0
0
0
0
9.94193e+07
0
0
0
6.06171e+10
0
0
0
3.22151e+09
4.67678e+09
0
0
0
0
0
0
0
0
0
0
0
0
0
0
0
0
0
0
0
0
0
0
0
0
0
0
7.42128e+09
4.89639e+09
5.84489e+08
0
1.28203e+10
1.51153e+10
7.10285e+09
3.69458e+09
5.94366e+10
4.08605e+10
1.22019e+13
7.38728e+12
1.99325e+10
3.71288e+09
1.33822e+10
3.8176e+09
4.17538e+12
2.38462e+13
0
0
1.57182e+13
4.51983e+09
1.67696e+10
2.84521e+09
8.43671e+09
1.87359e+10
1.2185e+13
7.20894e+12
3.19583e+12
2.15907e+13
0
0
0
0
3.57442e+12
1.35897e+13
0
0
0
0
0
0
0
0
0
0
0
0
0
0
0
0
0
0
0
0
0
0
0
0
0
0
7.01051e+12
4.89266e+13
0
0
3.49002e+13
1.74376e+14
5.22286e+08
8.94844e+11
0
0
0
3.63658e+14
2.07075e+14
7.10688e+13
1.49746e+14
5.16938e+14
2.19498e+14
3.27049e+13
4.48727e+14
3.92849e+14
1.091e+15
2.19527e+15
6.70139e+14
1.66763e+15
4.67628e+14
1.09156e+15
2.58953e+15
3.09688e+15
5.61665e+15
8.85488e+15
1.45343e+16
4.90121e+16
1.35216e+18
5.24711e+18
5.39236e+18
1.1986e+18
4.31706e+16
1.44962e+16
2.9962e+15
1.45798e+15
2.43776e+14
3.6248e+14
5.38099e+14
8.39488e+13
1.13558e+12
1.92595e+11
1.468e+15
7.29463e+14
3.3327e+13
3.18567e+13
0
0
0
0
0
5.55003e+14
1.62743e+14
1.56452e+14
0
7.48258e+14
0
9.24616e+12
0
0
0
0
0
0
0
0
0
0
0
0
0
0
0
0
0
0
0
0
0
0
0
0
9.58567e+12
1.18358e+12
0
0
0
0
0
0
1.67196e+10
4.76193e+10
6.99375e+09
8.69711e+10
3.27221e+10
4.85094e+09
9.34253e+12
0
3.74985e+09
4.13092e+09
0
0
0
0
0
0
0
0
7.66304e+13
7.57062e+13
0
0
0
0
0
0
0
0
0
0
0
0
0
0
0
0
1.76673e+10
1.22833e+10
3.21067e+10
8.6857e+09
4.69181e+11
1.44036e+10
8.28822e+11
3.96424e+12
1.41699e+14
7.70926e+11
4.84319e+13
7.09467e+12
1.35676e+13
2.15295e+10
2.87047e+13
2.81663e+12
5.77469e+12
2.21571e+13
4.14899e+12
2.38589e+12
3.9367e+13
5.82757e+13
2.41715e+13
2.35017e+10
2.02234e+14
1.66953e+10
1.27192e+13
1.66982e+13
8.89197e+12
2.28005e+13
0
0
3.77648e+09
1.12714e+10
3.8578e+12
1.05779e+14
0
0
1.15099e+14
0
0
0
0
0
0
0
0
0
0
0
0
0
0
0
0
0
0
0
0
0
0
0
1.15259e+12
1.02517e+12
0
0
1.44602e+11
1.31826e+14
0
6.04592e+09
9.41209e+11
0
0
0
3.4658e+13
3.57459e+13
2.77073e+13
6.17253e+14
2.24201e+12
1.03884e+12
2.43019e+14
3.93231e+14
4.00026e+14
9.91701e+14
9.13523e+14
1.3278e+15
5.53616e+14
9.49605e+14
2.51008e+15
2.62121e+15
2.75091e+15
6.23762e+15
8.28132e+15
3.95229e+16
1.03515e+18
4.84135e+18
4.48502e+18
9.92396e+17
2.24199e+16
6.40261e+15
1.33715e+15
5.7672e+14
0
0
1.24807e+14
6.18665e+13
0
0
1.90877e+14
5.47246e+13
0
2.26883e+12
0
0
0
0
0
0
4.49424e+13
2.80158e+14
0
0
0
0
0
0
0
0
0
0
0
0
0
0
0
0
0
0
0
0
0
0
0
0
0
0
0
0
1.05792e+13
1.59648e+13
0
0
1.4724e+09
0
0
0
1.86118e+10
6.29734e+10
9.0902e+09
1.15348e+11
2.66805e+09
2.13861e+09
3.43694e+13
1.58286e+13
4.05978e+09
3.81263e+09
0
0
0
0
0
0
0
0
7.57762e+13
1.21253e+14
0
0
0
0
0
0
0
0
0
0
0
0
0
0
0
0
1.82709e+10
7.87888e+10
3.20611e+10
2.31131e+10
5.7405e+12
9.90969e+12
1.62461e+13
1.7093e+13
5.20816e+14
3.61913e+13
1.71198e+14
2.69522e+13
3.06102e+13
4.26969e+13
8.248e+13
1.11812e+14
6.33342e+12
2.16161e+13
8.52449e+12
6.01315e+12
3.91929e+13
5.84101e+13
4.09949e+14
4.18787e+13
4.77478e+14
3.27347e+13
1.28056e+13
3.19391e+13
2.97443e+13
7.18108e+13
2.10751e+14
6.71929e+12
1.07439e+11
1.1637e+11
1.45792e+13
1.23408e+14
0
0
1.81535e+14
8.45334e+13
0
0
0
0
0
0
0
0
0
0
0
0
0
0
0
0
0
0
0
0
0
0
0
0
0
0
0
0
7.5631e+10
4.28258e+11
3.59736e+11
6.57606e+10
0
0
0
0
2.63502e+13
2.5919e+14
1.30376e+14
3.95928e+13
2.32838e+14
2.90983e+14
2.89844e+14
3.21621e+14
1.01816e+15
1.28927e+15
3.97623e+14
5.8696e+14
1.16434e+15
8.91101e+14
1.72958e+15
3.3875e+15
8.26259e+15
2.86651e+16
8.67544e+17
4.34595e+18
3.84314e+18
6.53876e+17
1.2623e+16
3.14055e+15
7.1178e+14
1.03296e+15
0
0
0
0
0
0
0
0
0
0
0
0
0
0
0
0
0
6.01841e+13
2.72e+14
0
0
0
0
0
0
0
0
0
0
0
0
0
0
0
0
0
0
0
0
0
0
0
0
0
0
0
1.14344e+13
1.54906e+13
0
0
5.12561e+10
7.27331e+10
0
0
1.98313e+10
6.1892e+10
2.3939e+10
1.14709e+11
2.69907e+09
2.11018e+09
3.4488e+13
1.57336e+13
4.165e+09
3.70599e+09
0
0
0
0
0
0
0
0
7.55154e+13
1.2136e+14
0
0
0
0
0
0
0
0
0
0
1.20044e+10
1.99552e+08
4.94548e+09
1.61484e+09
1.7436e+10
3.05078e+10
1.87082e+10
7.83203e+10
3.20443e+10
2.30849e+10
5.79483e+12
9.85999e+12
2.38324e+14
3.41919e+14
5.2227e+14
3.52253e+13
4.90001e+14
3.09225e+14
3.0372e+14
2.095e+14
9.07217e+13
5.13974e+14
6.72465e+12
2.13527e+13
8.52743e+12
6.09495e+12
1.71104e+14
5.85605e+13
4.13823e+14
3.08961e+14
5.07751e+14
3.38414e+13
3.16197e+13
4.76795e+13
2.93247e+13
7.22201e+13
2.10661e+14
6.68682e+13
1.1466e+11
1.081e+11
1.37521e+13
1.24308e+14
0
0
1.75851e+14
9.23304e+13
0
0
0
0
0
0
0
0
0
0
0
0
0
0
0
0
0
0
0
0
0
0
0
0
0
0
0
0
2.30661e+11
6.8604e+11
0
0
0
0
4.18677e+12
3.13152e+13
3.27312e+14
1.34693e+14
1.98725e+14
5.2403e+14
1.41413e+14
1.37055e+14
1.87744e+14
2.31906e+14
8.97585e+14
1.05966e+15
2.08353e+14
3.4127e+14
6.96287e+14
1.91786e+14
1.07914e+15
2.25225e+15
6.0277e+15
2.99652e+16
7.59478e+17
4.23339e+18
3.02066e+18
3.62215e+17
6.8843e+15
1.15861e+15
4.25113e+12
2.30252e+14
0
0
0
0
0
0
0
0
0
0
0
0
0
0
0
0
0
0
0
1.91941e+14
0
0
0
0
0
0
0
0
0
0
0
0
0
0
0
0
0
0
0
0
0
0
0
0
0
0
1.26431e+13
1.48263e+13
0
0
5.21286e+10
7.22919e+10
0
0
2.14112e+10
6.05095e+10
2.66387e+10
2.49389e+11
3.47142e+09
2.18959e+09
3.46845e+13
1.56236e+13
4.30192e+09
3.56704e+09
0
0
0
0
0
0
0
0
7.51693e+13
1.2151e+14
0
0
0
0
0
0
0
0
0
0
1.18672e+10
7.36212e+09
5.39207e+09
2.03377e+10
1.71967e+10
7.3311e+10
1.9259e+10
7.77275e+10
7.24925e+10
7.93714e+10
5.91926e+12
9.92818e+12
4.99187e+14
5.65184e+14
5.33695e+14
1.18975e+14
4.95214e+14
3.05213e+14
4.76886e+14
2.80247e+14
2.80998e+14
5.31243e+14
7.50325e+12
2.09816e+13
8.65117e+12
6.09345e+12
7.85089e+14
3.04685e+14
4.12406e+14
3.10035e+14
5.81068e+14
7.57976e+13
5.41794e+13
1.64133e+14
4.832e+13
1.28641e+14
2.10303e+14
6.73853e+13
1.23242e+11
9.80835e+10
1.26582e+13
1.2552e+14
0
0
1.67595e+14
1.03402e+14
0
0
0
0
0
0
0
0
0
0
0
0
0
0
0
0
0
0
0
0
0
0
0
0
0
0
0
0
1.61941e+14
3.76407e+13
0
0
0
0
9.50554e+13
6.45452e+14
8.01362e+13
1.09681e+14
2.66589e+14
4.64648e+14
9.33194e+13
2.75743e+13
1.87721e+14
4.21646e+13
7.88566e+14
9.30806e+14
3.78311e+14
8.29135e+14
7.91313e+14
3.20852e+14
1.47532e+15
2.13389e+15
5.45143e+15
1.91339e+16
7.58234e+17
4.53196e+18
2.71542e+18
2.42637e+17
4.7917e+15
1.02933e+15
0
0
1.94598e+14
1.05081e+14
0
0
0
0
0
0
0
0
0
0
0
0
0
0
0
0
0
0
0
0
0
0
0
0
0
0
0
0
0
0
0
0
0
0
0
0
0
0
0
0
0
0
0
0
1.4467e+13
1.39452e+13
0
0
5.32729e+10
7.17056e+10
0
0
2.33171e+10
5.88545e+10
3.12806e+10
2.46579e+11
3.52815e+09
6.44424e+09
3.49058e+13
1.54576e+13
4.46652e+09
3.40049e+09
0
0
0
0
0
0
0
0
7.47421e+13
1.21715e+14
0
0
0
0
0
0
0
0
0
0
1.17059e+10
7.45001e+09
9.16243e+10
1.98661e+10
1.16337e+11
1.2599e+11
3.91241e+10
7.74283e+10
2.3766e+13
7.73646e+13
6.02341e+12
9.99178e+12
5.54976e+14
5.71867e+14
6.22621e+14
5.55902e+14
5.76961e+14
4.66864e+14
7.53761e+14
5.61301e+14
8.52182e+14
6.78268e+14
3.08269e+14
2.02689e+14
2.87174e+13
6.25715e+12
9.30822e+14
4.5839e+14
4.44422e+14
3.11503e+14
5.79163e+14
7.79783e+13
4.87839e+14
2.41135e+14
4.89748e+13
2.47475e+14
2.23406e+14
6.79157e+13
1.32765e+11
8.68022e+10
1.13148e+13
1.27023e+14
7.25427e+13
2.57374e+12
1.56652e+14
1.17752e+14
0
0
2.21668e+13
0
0
0
0
0
0
0
0
0
0
0
0
0
0
0
0
0
0
0
0
0
0
0
0
0
2.03401e+14
4.10934e+14
0
0
0
0
1.93107e+14
5.58072e+14
1.0934e+14
8.33712e+13
3.36668e+14
3.91884e+14
0
2.90556e+13
1.7367e+13
8.71313e+13
7.80069e+14
1.44822e+14
6.7977e+14
1.56663e+15
3.03563e+14
3.85789e+14
2.35804e+15
3.55925e+15
6.91538e+15
2.07008e+16
8.70259e+17
5.10903e+18
2.46142e+18
1.95955e+17
6.92132e+15
1.41772e+15
1.88518e+14
1.88205e+14
1.63063e+14
1.69305e+14
0
0
0
0
0
0
0
0
0
0
0
0
0
0
0
0
0
0
0
0
0
0
0
0
0
0
0
0
0
0
0
0
0
0
0
0
0
0
0
0
8.00692e+10
0
0
0
4.4943e+13
2.71467e+13
1.61368e+09
0
5.46982e+10
7.09635e+10
0
0
5.12576e+12
5.7052e+10
2.12679e+11
2.92153e+11
4.1339e+09
6.38814e+09
3.52197e+13
1.5425e+13
4.65533e+09
3.21043e+09
2.82529e+09
0
0
0
3.67358e+08
0
0
0
7.42358e+13
1.21985e+14
0
0
0
0
0
0
0
0
0
0
3.91571e+10
7.54813e+09
1.18351e+11
6.57389e+10
4.95155e+13
2.12383e+11
1.26008e+11
1.30921e+11
3.82687e+14
3.63319e+14
1.80106e+13
2.55045e+13
6.44799e+14
8.73385e+14
6.35564e+14
5.69454e+14
7.88673e+14
6.48846e+14
9.24624e+14
7.33729e+14
1.35582e+15
1.12417e+15
4.30293e+14
8.17847e+14
5.80033e+14
2.76201e+14
1.2998e+15
4.70139e+14
5.59835e+14
4.61046e+14
6.67272e+14
8.0657e+13
4.84376e+14
3.84005e+14
1.42084e+14
4.54145e+14
4.02593e+14
3.94041e+14
1.65004e+11
7.47017e+10
2.96827e+13
2.53822e+13
1.77196e+14
6.66423e+13
1.42861e+14
1.35433e+14
8.34327e+11
0
1.23391e+14
1.18629e+14
0
0
0
0
0
0
0
0
0
0
0
0
0
0
0
0
0
0
0
0
0
0
0
0
3.37268e+14
3.76518e+14
0
0
2.55226e+14
2.24061e+13
3.87366e+14
4.61553e+14
5.99446e+14
2.24805e+14
4.41586e+14
3.21445e+14
9.4848e+11
0
2.36471e+14
2.97966e+14
1.13701e+15
6.2823e+14
1.45973e+15
1.70648e+15
1.61155e+15
1.55238e+15
5.75149e+15
5.41101e+15
1.38576e+16
2.87438e+16
1.36941e+18
6.3315e+18
2.47284e+18
2.84376e+17
1.28148e+16
4.46722e+15
4.58631e+14
1.90376e+14
1.27878e+14
0
1.65089e+14
4.45249e+13
0
0
0
0
0
0
0
0
0
0
0
0
0
0
0
0
0
0
0
0
0
0
0
0
0
0
0
0
0
0
0
0
0
0
0
0
0
0
5.45597e+12
1.43307e+13
0
0
7.80483e+13
3.36607e+13
3.72181e+10
9.79077e+09
2.5992e+13
7.38644e+10
3.77698e+09
0
5.92483e+13
7.00944e+13
4.13715e+11
6.83705e+11
4.74056e+10
3.91673e+10
3.55107e+13
1.5195e+13
4.86406e+09
3.00023e+09
1.19475e+11
5.2532e+10
9.14298e+13
4.23246e+09
7.61469e+09
4.45103e+09
0
0
7.36563e+13
1.22331e+14
0
0
0
0
0
0
0
0
0
0
6.26891e+11
3.59261e+11
1.17798e+11
6.58745e+10
1.37878e+14
2.59988e+12
2.12377e+13
5.65095e+11
6.6399e+14
3.92616e+14
8.69672e+13
1.38904e+14
6.85879e+14
9.59104e+14
1.28169e+15
6.45016e+14
1.51358e+15
8.50821e+14
1.02207e+15
7.70827e+14
2.11562e+15
1.5352e+15
5.51337e+14
8.72042e+14
8.82342e+14
1.34264e+15
2.07924e+15
5.9032e+14
1.1348e+15
1.09025e+15
9.91657e+14
2.13635e+14
8.27537e+14
6.50419e+14
1.47734e+14
7.26103e+14
9.09798e+14
6.59151e+14
3.18556e+14
8.40816e+13
6.19771e+13
7.08052e+13
3.03337e+14
1.17655e+14
1.26086e+14
1.5652e+14
2.25603e+14
5.551e+12
1.16261e+14
1.29449e+14
0
0
0
0
0
0
0
0
0
0
0
0
0
0
0
0
0
0
0
0
0
0
2.06372e+13
7.76087e+13
3.97639e+14
4.11757e+14
2.64407e+13
9.5107e+13
3.24916e+14
1.32888e+14
1.13557e+15
1.05883e+15
1.07354e+15
5.92512e+14
6.76396e+14
2.80895e+14
4.55961e+14
1.52354e+14
1.05947e+15
1.18973e+15
1.6524e+15
5.94734e+14
3.14597e+15
3.55775e+15
6.20532e+15
4.43124e+15
1.43707e+16
1.00929e+16
4.38933e+16
7.10643e+16
2.30382e+18
9.21575e+18
2.58757e+18
4.63016e+17
1.91347e+16
6.24467e+15
2.29029e+15
1.20189e+15
3.87462e+14
1.78856e+14
4.04091e+14
3.06328e+14
1.00628e+14
0
0
0
0
0
0
0
6.31095e+10
1.46542e+11
0
0
0
0
0
0
0
0
0
0
0
0
0
0
0
0
0
0
0
0
0
0
0
0
4.72774e+13
2.67886e+13
4.80203e+13
3.92822e+12
1.06021e+13
1.08229e+13
2.24744e+12
1.00176e+13
9.82818e+13
2.41e+13
3.95545e+10
8.25614e+09
6.49653e+13
2.52635e+13
1.24239e+12
2.80583e+11
6.12252e+13
6.87661e+13
4.87037e+11
1.04695e+12
2.42382e+11
4.01758e+10
3.61932e+13
1.52155e+13
2.86918e+11
2.77374e+09
1.17354e+11
3.05589e+11
1.70084e+14
1.53499e+14
7.80303e+09
4.23907e+09
1.91825e+11
0
7.30386e+13
1.22783e+14
0
0
0
0
0
0
1.64904e+10
0
3.01731e+10
2.15382e+10
6.09993e+11
3.70746e+11
4.2967e+11
6.81865e+10
1.3767e+14
2.91503e+12
1.14305e+14
5.27819e+14
6.81188e+14
6.01924e+14
4.43248e+14
7.42309e+14
8.048e+14
1.03424e+15
1.35457e+15
1.44962e+15
2.43081e+15
1.31921e+15
1.40612e+15
1.16112e+15
3.9447e+15
2.12422e+15
1.49444e+15
1.24835e+15
1.08842e+15
1.86863e+15
3.23646e+15
9.74137e+14
1.64785e+15
2.85071e+15
1.03165e+15
2.59728e+14
1.0418e+15
1.37465e+15
4.69777e+14
8.10828e+14
1.18629e+15
1.59147e+15
8.18757e+14
3.18018e+14
1.67994e+14
1.47123e+14
8.16374e+14
4.95596e+14
1.90402e+14
1.95813e+14
2.59547e+14
1.39162e+14
1.48315e+14
1.45477e+14
2.89254e+11
0
0
0
0
0
0
0
0
0
0
0
0
0
0
0
0
0
0
0
0
0
7.87401e+13
1.44241e+14
3.74239e+14
3.5297e+14
2.71609e+14
3.51764e+14
3.6602e+14
3.17575e+14
2.31983e+15
1.75831e+15
1.15466e+15
4.85607e+14
1.52702e+15
5.72131e+14
1.18621e+15
1.05879e+15
2.7936e+15
2.93544e+15
6.51276e+15
3.96656e+15
6.62158e+15
6.76959e+15
1.98253e+16
1.52646e+16
3.41259e+16
2.28706e+16
1.30733e+17
2.10314e+17
3.47261e+18
1.14085e+19
2.64061e+18
6.83704e+17
4.01543e+16
1.31928e+16
5.8484e+15
2.86697e+15
1.53862e+15
1.0625e+15
8.44963e+14
8.3435e+14
1.95539e+14
2.47163e+13
3.3043e+10
0
0
0
0
0
0
1.2468e+11
3.18122e+11
0
0
0
0
0
0
0
0
0
0
0
8.45236e+12
3.74217e+12
1.13737e+14
8.56293e+11
0
0
0
0
3.9606e+13
1.96837e+13
6.66974e+13
6.42424e+13
1.91086e+13
3.21538e+13
0
0
1.68562e+13
6.25846e+12
2.95326e+13
5.81919e+13
9.11653e+13
5.83028e+13
1.04544e+11
2.73887e+10
7.35082e+13
1.90735e+13
3.25812e+13
1.64331e+13
6.41658e+13
6.8498e+13
7.05803e+11
1.2548e+12
6.5608e+11
3.67231e+11
3.67982e+13
1.52631e+13
7.08478e+11
1.66272e+11
2.30652e+11
4.43766e+11
2.2948e+14
2.51074e+14
2.17957e+11
1.00362e+10
6.15561e+11
4.00245e+11
6.40558e+13
1.22127e+14
0
0
7.44901e+07
0
0
0
1.04539e+11
8.12549e+10
4.58706e+10
2.24425e+11
6.59883e+11
4.03311e+11
2.11676e+12
1.00852e+12
1.37994e+14
3.311e+12
1.07201e+14
5.58069e+14
7.23703e+14
6.35616e+14
9.45379e+14
1.36347e+15
1.01246e+15
1.09779e+15
2.28235e+15
1.98907e+15
3.63923e+15
2.51665e+15
1.4368e+15
1.45227e+15
5.18035e+15
2.91815e+15
1.57529e+15
2.58933e+15
2.14376e+15
3.16898e+15
3.38314e+15
2.04929e+15
2.29825e+15
3.24714e+15
1.1314e+15
5.72938e+14
1.92437e+15
1.71886e+15
7.98125e+14
9.33025e+14
2.62483e+15
1.9757e+15
1.6242e+15
7.16402e+14
9.10768e+14
6.31683e+14
1.00694e+15
7.78023e+14
5.08214e+14
3.57445e+14
3.46299e+14
2.39485e+14
5.51418e+14
2.71343e+14
1.32463e+14
1.46584e+12
6.19966e+13
0
0
0
0
0
0
0
0
0
8.5208e+13
3.26665e+13
2.86715e+13
0
2.04099e+14
1.31826e+14
2.05701e+14
6.11602e+13
5.7358e+14
1.64432e+14
5.56654e+14
2.22048e+14
4.86963e+14
3.35924e+14
4.97352e+14
6.22419e+14
1.23635e+15
1.63865e+15
2.7281e+15
2.35923e+15
1.86217e+15
9.61796e+14
4.11329e+15
1.64332e+15
4.90478e+15
4.32816e+15
8.68698e+15
5.99375e+15
1.54536e+16
9.88749e+15
2.17119e+16
2.3119e+16
4.8941e+16
4.29058e+16
9.27025e+16
7.39715e+16
3.22966e+17
5.16798e+17
5.13764e+18
1.39008e+19
2.43631e+18
1.03043e+18
1.13665e+17
3.60004e+16
1.6971e+16
7.45687e+15
4.76814e+15
1.61539e+15
2.2008e+15
6.13431e+14
1.80346e+14
0
2.57899e+14
1.20397e+14
9.50012e+13
4.99254e+13
5.98159e+13
1.63549e+13
0
0
3.03531e+14
6.27459e+13
0
0
0
0
0
0
4.97381e+13
1.98981e+13
1.18556e+14
7.75156e+13
1.10369e+14
1.27445e+14
0
0
5.95689e+13
2.49797e+13
7.63739e+13
6.91472e+13
2.70045e+13
5.13681e+13
0
0
2.02987e+13
1.11236e+13
3.33023e+13
3.81927e+13
5.64876e+13
1.304e+12
7.00835e+13
1.38445e+14
6.49911e+13
4.48511e+13
2.84647e+12
7.77358e+12
5.65495e+14
9.42624e+13
1.12286e+14
8.50581e+13
6.69441e+13
6.73756e+13
1.34338e+12
1.83064e+12
3.55084e+12
7.24996e+11
3.7979e+13
1.53575e+13
1.43239e+12
4.31619e+11
6.90138e+11
7.33483e+11
2.42834e+14
6.24751e+14
5.93444e+11
5.46504e+11
7.134e+11
4.50892e+11
5.86917e+13
1.15949e+14
0
0
1.79075e+10
1.46496e+10
1.27943e+11
4.68633e+10
1.25189e+11
1.18575e+11
5.05187e+11
5.45401e+11
9.36662e+11
1.01334e+12
2.81151e+12
3.07404e+12
1.82468e+14
1.59732e+13
9.76899e+13
6.89577e+14
9.86249e+14
1.01952e+15
1.98039e+15
2.06316e+15
1.31134e+15
1.40758e+15
2.98814e+15
2.90183e+15
4.4535e+15
2.91203e+15
1.73486e+15
1.52057e+15
6.40236e+15
3.57546e+15
2.6632e+15
2.84895e+15
2.83741e+15
4.46749e+15
4.62605e+15
3.07686e+15
2.74269e+15
3.30565e+15
1.69692e+15
1.93209e+15
2.01371e+15
2.55373e+15
1.73051e+15
2.2452e+15
3.86927e+15
2.87148e+15
3.23462e+15
2.1895e+15
2.38931e+15
1.95158e+15
1.34144e+15
1.80085e+15
8.54654e+14
7.40994e+14
4.5639e+14
7.05733e+14
1.63863e+15
1.53995e+15
1.51936e+15
6.68823e+14
5.70894e+14
4.69459e+14
2.2975e+14
5.4362e+13
1.48294e+14
0
2.24004e+14
1.70774e+14
1.74175e+14
4.69137e+14
4.75901e+14
9.56898e+13
5.70127e+14
5.88629e+14
6.25443e+14
3.68328e+14
4.83983e+14
2.32586e+14
9.49384e+14
4.16215e+14
3.2556e+15
8.80057e+14
8.78323e+14
5.71749e+14
1.87504e+15
4.85733e+14
3.37693e+15
4.05252e+15
5.93e+15
4.07831e+15
8.92873e+15
7.60623e+15
1.16201e+16
5.40947e+15
1.82088e+16
1.69632e+16
2.45403e+16
1.82114e+16
4.53188e+16
3.31055e+16
6.56729e+16
6.53854e+16
1.29222e+17
1.10986e+17
2.60395e+17
2.4125e+17
7.57893e+17
1.09709e+18
7.03167e+18
1.53827e+19
2.18441e+18
1.16847e+18
2.56838e+17
1.06725e+17
4.48524e+16
2.16636e+16
1.08335e+16
5.28821e+15
4.91205e+15
2.56464e+15
2.11697e+15
2.14191e+15
5.64203e+14
5.43105e+14
1.6472e+13
2.70903e+13
3.787e+14
1.47513e+14
4.95934e+14
3.19135e+14
5.73729e+12
5.75748e+12
1.49413e+11
1.72937e+10
1.5008e+14
5.59351e+13
1.04779e+14
1.1238e+14
3.99282e+13
9.54777e+13
4.58451e+13
2.44164e+13
2.83688e+14
1.70571e+14
2.00483e+14
1.09469e+14
2.18501e+13
4.87621e+13
1.27415e+14
1.19941e+12
1.57516e+13
7.54197e+12
4.4429e+13
3.41972e+13
2.05031e+13
3.05989e+13
1.3958e+14
1.14417e+14
1.16994e+13
3.5397e+12
1.38653e+14
1.44921e+14
1.43661e+14
7.82801e+13
1.31216e+14
6.33154e+13
1.15266e+15
5.54112e+14
3.65707e+14
7.48841e+14
2.24702e+14
6.67297e+13
2.47135e+12
2.62425e+12
5.49675e+13
2.72961e+14
1.14639e+14
1.60259e+13
2.19482e+12
1.75063e+12
1.60875e+12
1.72436e+12
2.56723e+14
6.12153e+14
8.71148e+11
6.82561e+11
1.14133e+12
1.26128e+12
5.33275e+13
1.22721e+14
1.32387e+11
0
7.79533e+10
2.67745e+10
8.7721e+11
6.43981e+11
1.60224e+11
1.58726e+11
1.27707e+12
1.96568e+12
7.31019e+13
3.52393e+12
5.16597e+12
7.01488e+12
2.47666e+14
1.54963e+14
1.60837e+14
6.46438e+14
1.52476e+15
2.32535e+15
2.39457e+15
2.43236e+15
1.9958e+15
2.43396e+15
4.62226e+15
3.50869e+15
5.48907e+15
3.97754e+15
2.28092e+15
2.36796e+15
7.52433e+15
4.26492e+15
3.11454e+15
4.24672e+15
3.89657e+15
4.93947e+15
6.32967e+15
4.75993e+15
4.11377e+15
4.17021e+15
2.58191e+15
2.65829e+15
3.29371e+15
3.23951e+15
1.91285e+15
3.62452e+15
6.47944e+15
4.69779e+15
5.61749e+15
4.73721e+15
4.30887e+15
4.87291e+15
1.94517e+15
2.41008e+15
3.37698e+15
1.36375e+15
1.79123e+15
1.82862e+15
3.16706e+15
3.76319e+15
4.17435e+15
3.24813e+15
2.65685e+15
2.59875e+15
1.74582e+15
4.30292e+14
1.89549e+15
1.60597e+15
3.02992e+15
9.31695e+14
1.1676e+15
1.21358e+15
2.06432e+15
9.13819e+14
2.36046e+15
2.00948e+15
1.56154e+15
7.53233e+14
4.19319e+15
2.22876e+15
4.01751e+15
3.18305e+15
6.78981e+15
1.89747e+15
5.82087e+15
4.75956e+15
7.76015e+15
6.04955e+15
1.14518e+16
1.16318e+16
1.89714e+16
1.27975e+16
2.72369e+16
2.02506e+16
3.22529e+16
2.34116e+16
6.48778e+16
4.76344e+16
7.70744e+16
5.74587e+16
1.04996e+17
8.73783e+16
1.91795e+17
1.64254e+17
3.47007e+17
2.96144e+17
6.40597e+17
5.78348e+17
1.51132e+18
2.03091e+18
8.75089e+18
1.54814e+19
1.93344e+18
1.23299e+18
3.96652e+17
2.19735e+17
9.00364e+16
5.72577e+16
2.78724e+16
1.40334e+16
9.92616e+15
4.04292e+15
5.70871e+15
4.52524e+15
4.56193e+15
2.91133e+15
5.38622e+14
7.19543e+14
9.48222e+14
4.135e+14
2.08087e+14
5.07136e+13
2.90046e+14
1.15935e+14
4.6496e+14
4.56967e+14
1.90197e+14
7.6042e+13
7.50503e+14
5.30759e+14
8.1666e+14
1.23483e+14
2.26591e+14
3.10332e+14
8.20151e+14
2.29285e+14
2.02378e+14
9.92399e+13
3.99039e+14
2.58498e+14
1.83518e+14
3.89725e+14
2.12692e+13
4.01502e+13
7.54975e+13
5.05202e+13
1.10117e+14
1.52665e+14
1.68487e+11
2.87756e+11
1.12333e+14
2.18936e+14
2.71761e+14
2.10929e+14
2.23919e+14
2.80515e+14
5.00992e+14
4.50747e+14
2.19489e+15
8.74086e+14
5.29718e+14
7.24297e+14
4.15844e+14
3.8035e+14
3.30116e+14
4.44303e+13
5.62276e+13
2.82349e+14
2.23842e+14
7.09064e+13
4.86481e+14
5.35961e+13
3.15166e+12
2.50933e+12
7.77569e+14
9.15755e+14
1.84137e+12
1.5178e+12
1.82779e+14
2.41914e+13
4.90834e+13
1.29852e+14
6.73949e+11
3.68628e+11
3.85762e+11
2.89188e+11
5.96446e+13
7.51984e+13
2.45847e+11
1.67129e+11
1.10841e+14
5.34686e+12
3.02314e+14
3.00286e+14
1.59061e+14
1.88905e+14
3.47069e+14
1.67713e+14
5.72316e+14
1.2243e+15
2.06127e+15
2.48969e+15
2.93084e+15
2.68161e+15
2.76391e+15
3.88788e+15
5.2738e+15
3.64929e+15
6.55343e+15
5.30738e+15
2.78967e+15
2.95779e+15
8.79725e+15
5.72333e+15
3.48068e+15
4.95513e+15
4.47908e+15
6.13076e+15
6.79347e+15
6.07335e+15
5.53035e+15
5.37599e+15
5.33836e+15
2.85633e+15
4.63655e+15
5.38593e+15
2.22696e+15
4.11291e+15
6.71847e+15
6.10011e+15
6.34059e+15
5.50123e+15
6.6641e+15
6.32793e+15
4.28401e+15
4.00537e+15
5.1607e+15
3.11396e+15
5.12924e+15
3.09099e+15
7.64544e+15
7.87605e+15
8.52032e+15
7.06486e+15
7.05315e+15
6.29477e+15
4.21726e+15
2.5476e+15
5.1016e+15
5.09128e+15
7.97384e+15
4.14943e+15
5.22233e+15
5.10485e+15
5.32563e+15
6.2883e+15
8.36107e+15
6.38631e+15
9.61492e+15
6.74193e+15
9.76972e+15
7.32822e+15
1.02206e+16
8.67324e+15
1.83082e+16
8.16076e+15
1.29155e+16
1.37783e+16
2.53865e+16
2.33066e+16
2.87193e+16
2.33918e+16
4.84579e+16
3.10921e+16
8.73843e+16
6.38314e+16
8.58129e+16
6.56626e+16
1.41247e+17
1.19875e+17
2.16921e+17
1.86316e+17
2.65414e+17
2.23006e+17
4.3874e+17
4.22671e+17
7.17415e+17
7.00812e+17
1.1476e+18
1.1485e+18
2.71316e+18
3.48551e+18
1.06442e+19
1.58939e+19
1.7105e+18
1.23727e+18
4.9917e+17
3.16575e+17
1.36748e+17
8.8532e+16
4.50596e+16
3.44296e+16
2.21801e+16
1.36162e+16
1.35644e+16
1.03801e+16
1.13947e+16
4.59057e+15
2.34261e+15
3.77088e+15
3.57219e+15
2.93635e+15
7.79692e+14
2.29598e+15
6.42867e+14
8.90839e+14
7.21956e+14
4.03863e+14
4.07075e+14
5.66764e+14
1.15136e+15
1.06181e+15
7.74814e+14
4.16425e+14
1.51798e+15
1.1877e+15
5.29593e+14
5.73686e+14
1.97459e+14
3.91384e+14
3.89295e+13
9.04988e+13
6.35659e+13
3.2189e+14
4.93432e+14
2.80869e+14
1.2448e+14
1.35265e+14
7.47254e+13
3.77681e+13
7.69293e+13
4.19628e+12
5.66048e+14
5.07267e+14
3.58243e+14
2.26882e+14
1.08282e+15
2.9847e+14
1.32009e+15
8.4879e+14
3.40801e+15
1.40706e+15
1.95999e+15
2.28991e+15
5.03737e+14
6.71751e+14
6.25475e+14
3.67981e+14
4.67949e+14
9.44769e+14
2.23989e+14
7.4268e+13
5.7355e+14
3.12288e+14
5.0122e+12
4.40851e+12
9.70313e+14
1.33801e+15
5.4996e+12
4.26372e+12
1.78766e+14
1.83952e+14
3.87604e+14
1.38916e+14
6.22262e+13
5.38693e+13
1.74258e+13
5.01568e+11
6.04544e+13
7.04856e+13
5.15471e+11
2.92689e+11
5.18221e+14
3.20601e+14
3.03717e+14
3.04926e+14
1.91433e+14
4.43517e+14
3.94096e+14
2.34017e+14
8.47475e+14
1.70855e+15
2.97821e+15
3.57864e+15
3.51286e+15
3.63502e+15
3.51255e+15
4.83095e+15
5.851e+15
3.92368e+15
8.86268e+15
7.27133e+15
3.79064e+15
3.2189e+15
8.97944e+15
6.0411e+15
4.14209e+15
5.94151e+15
5.74519e+15
6.69435e+15
7.58733e+15
6.89054e+15
6.55239e+15
5.68694e+15
7.21857e+15
3.26308e+15
7.01461e+15
6.73323e+15
3.92329e+15
4.8046e+15
8.10436e+15
6.90512e+15
7.30574e+15
6.87757e+15
8.32351e+15
8.02864e+15
8.02308e+15
7.99718e+15
8.69879e+15
4.79808e+15
1.02057e+16
8.50928e+15
1.6691e+16
1.42988e+16
1.48849e+16
1.20041e+16
2.06733e+16
1.40323e+16
1.08751e+16
1.35438e+16
1.44971e+16
1.07052e+16
2.31498e+16
1.12629e+16
1.37563e+16
1.3166e+16
1.51306e+16
1.62613e+16
2.41787e+16
1.41659e+16
1.40284e+16
1.28353e+16
1.94739e+16
1.61635e+16
2.56663e+16
1.95232e+16
3.13585e+16
2.4394e+16
3.66988e+16
3.09425e+16
7.63079e+16
5.48068e+16
1.02007e+17
8.25005e+16
1.38752e+17
1.09872e+17
1.75858e+17
1.37364e+17
2.23581e+17
1.96558e+17
2.96063e+17
2.38366e+17
4.189e+17
3.86675e+17
5.81522e+17
5.09575e+17
8.30863e+17
7.56778e+17
1.30222e+18
1.2996e+18
1.97944e+18
2.04626e+18
4.41044e+18
5.43148e+18
1.18855e+19
1.57732e+19
1.56178e+18
1.33486e+18
5.25197e+17
3.56873e+17
1.61172e+17
1.09318e+17
6.06582e+16
4.77617e+16
4.07745e+16
2.83338e+16
2.82107e+16
1.47546e+16
8.83664e+15
4.27737e+15
1.51408e+16
1.075e+16
1.93849e+15
1.13443e+15
7.10681e+15
8.98565e+15
3.69263e+15
1.9022e+15
2.24949e+15
1.90381e+15
4.1392e+15
2.06751e+15
1.30575e+15
1.63431e+15
2.96422e+15
2.51268e+15
7.67696e+14
9.62621e+14
2.2133e+14
4.80176e+14
7.91945e+13
2.99816e+13
8.48972e+14
4.6059e+14
1.92469e+15
1.44379e+15
7.58758e+14
5.99323e+14
2.53985e+14
2.49265e+14
4.14017e+13
5.98279e+13
1.13938e+15
3.14885e+14
1.28038e+15
7.85456e+14
1.86965e+15
1.47827e+15
1.85106e+15
9.97739e+14
3.18147e+15
2.34381e+15
4.31692e+15
2.21964e+15
2.12998e+15
2.61968e+15
8.94701e+14
2.15236e+15
7.13825e+14
5.16794e+14
1.07396e+15
1.11661e+15
2.26452e+14
7.91283e+13
5.79068e+14
5.43045e+14
8.47455e+12
7.07726e+12
1.03186e+15
1.40545e+15
2.18203e+14
4.71574e+13
3.45481e+14
3.5393e+14
6.2238e+14
2.09076e+14
7.23e+13
9.914e+13
4.02061e+14
2.19975e+14
4.33217e+14
1.75134e+14
3.75372e+12
2.56039e+12
5.18245e+14
4.8468e+14
5.1602e+14
3.11558e+14
7.06063e+14
6.58625e+14
4.63817e+14
2.58425e+14
1.11948e+15
2.38005e+15
3.07733e+15
4.55331e+15
3.98945e+15
4.53647e+15
3.7439e+15
5.70698e+15
6.9588e+15
4.30694e+15
9.2529e+15
1.17045e+16
6.90273e+15
4.52012e+15
9.9038e+15
6.6667e+15
4.62268e+15
7.15485e+15
6.93513e+15
7.79507e+15
9.03383e+15
7.67648e+15
9.07321e+15
7.09865e+15
1.00829e+16
5.53923e+15
8.58157e+15
8.84707e+15
6.96622e+15
6.48838e+15
8.71686e+15
9.53803e+15
8.44634e+15
9.06777e+15
1.12303e+16
1.06348e+16
1.38893e+16
1.22079e+16
1.4496e+16
1.06286e+16
1.98382e+16
1.61331e+16
2.68292e+16
2.74157e+16
3.89413e+16
2.8842e+16
4.0032e+16
3.47734e+16
2.21432e+16
1.5817e+16
3.45253e+16
2.75929e+16
3.58277e+16
2.26786e+16
4.10847e+16
2.4893e+16
3.79366e+16
3.38132e+16
4.66004e+16
3.29734e+16
3.12908e+16
2.3705e+16
5.28409e+16
4.12126e+16
5.18627e+16
5.82384e+16
9.34363e+16
6.97577e+16
1.02183e+17
8.99135e+16
1.43753e+17
1.20138e+17
1.71909e+17
1.76806e+17
2.46148e+17
2.35682e+17
2.73841e+17
2.36944e+17
4.20817e+17
3.89668e+17
5.46093e+17
4.94928e+17
7.20368e+17
7.09148e+17
9.53707e+17
9.39098e+17
1.29719e+18
1.38076e+18
2.01322e+18
1.96219e+18
3.05077e+18
3.26542e+18
5.96469e+18
7.48243e+18
1.31069e+19
1.57276e+19
1.19651e+18
1.11032e+18
4.78415e+17
3.12481e+17
1.59249e+17
1.13879e+17
9.8778e+16
7.56032e+16
6.85636e+16
5.60117e+16
2.89035e+16
2.86927e+16
1.94113e+16
1.1135e+16
1.57605e+16
1.0898e+16
7.26429e+15
7.6433e+15
1.07196e+16
1.11674e+16
1.59998e+15
1.91693e+15
8.27521e+15
7.34128e+15
3.36781e+14
5.65653e+14
3.13025e+15
3.73446e+15
2.43399e+15
1.72289e+15
5.41134e+14
3.6721e+14
2.3164e+15
4.89653e+14
9.02723e+14
9.20594e+14
4.16321e+15
3.34774e+15
4.67219e+15
4.51499e+15
1.46425e+15
6.3971e+14
3.29968e+15
2.55298e+15
4.03347e+15
4.16838e+15
2.1705e+15
2.19891e+15
2.40472e+15
2.27478e+15
3.43972e+15
3.99586e+15
4.64249e+15
2.53228e+15
5.32326e+15
3.4285e+15
5.82464e+15
3.24206e+15
2.7111e+15
2.74114e+15
3.27892e+15
2.56428e+15
1.3321e+15
7.68286e+14
1.43871e+15
1.15253e+15
4.25831e+14
4.42551e+14
5.86865e+14
5.44667e+14
1.12908e+13
1.23814e+13
1.22418e+15
1.51037e+15
2.15591e+14
1.48778e+14
5.09239e+14
6.98805e+14
7.68366e+14
2.16728e+14
8.35885e+13
1.03774e+14
7.46604e+14
4.79421e+14
5.35518e+14
6.54874e+14
1.01241e+14
7.7888e+13
9.72834e+14
6.22283e+14
1.22444e+15
9.87417e+14
6.43476e+14
7.79134e+14
5.44218e+14
3.80848e+14
1.68509e+15
4.25966e+15
5.24583e+15
6.17314e+15
5.85472e+15
6.22755e+15
5.26819e+15
6.74186e+15
7.52403e+15
5.13278e+15
1.12057e+16
1.22024e+16
8.01474e+15
5.82819e+15
1.02456e+16
8.18905e+15
6.76091e+15
8.10839e+15
8.45099e+15
8.88493e+15
9.72411e+15
8.19018e+15
1.12789e+16
1.04433e+16
1.21225e+16
7.55364e+15
9.27378e+15
1.00233e+16
9.08772e+15
8.01299e+15
1.10185e+16
1.10085e+16
1.00111e+16
1.24827e+16
1.49846e+16
1.49772e+16
2.23016e+16
1.69925e+16
2.4314e+16
1.78485e+16
3.36765e+16
2.88027e+16
4.67396e+16
4.32715e+16
7.55216e+16
6.92558e+16
9.30907e+16
6.84305e+16
7.33772e+16
5.5152e+16
8.86513e+16
5.75652e+16
6.41137e+16
6.33132e+16
8.43668e+16
4.98555e+16
6.47497e+16
6.22742e+16
7.76279e+16
6.59109e+16
8.26252e+16
5.9681e+16
1.14142e+17
8.28574e+16
1.05863e+17
1.10242e+17
1.35627e+17
1.18619e+17
2.09944e+17
2.06692e+17
2.55532e+17
2.36221e+17
2.99236e+17
2.92288e+17
4.20448e+17
3.95762e+17
5.14642e+17
4.17256e+17
6.86426e+17
5.83305e+17
8.80224e+17
7.58227e+17
1.07041e+18
1.11358e+18
1.44198e+18
1.38516e+18
1.98475e+18
2.06673e+18
2.85355e+18
2.82247e+18
4.1915e+18
4.57734e+18
7.70677e+18
9.09129e+18
1.35636e+19
1.61163e+19
1.03746e+18
1.02426e+18
5.40135e+17
4.02232e+17
2.18801e+17
1.68262e+17
9.12579e+16
8.57791e+16
3.99588e+16
3.87483e+16
2.57633e+16
2.86234e+16
1.72219e+16
1.81862e+16
1.13156e+16
9.23961e+15
1.67452e+16
1.09833e+16
1.13695e+16
6.38067e+15
1.47245e+16
1.38784e+16
6.30692e+15
3.72003e+15
2.86922e+15
3.88782e+15
8.58668e+15
4.71742e+15
9.78323e+15
6.42975e+15
1.00137e+15
3.43084e+14
6.37521e+15
5.02478e+15
5.17861e+15
4.65501e+15
6.40515e+15
5.43488e+15
1.18502e+15
9.93808e+14
8.33489e+15
6.15531e+15
7.7015e+15
6.61617e+15
4.61198e+15
3.31498e+15
6.58963e+15
5.51595e+15
4.09862e+15
4.56516e+15
7.24105e+15
6.48783e+15
8.234e+15
5.54789e+15
8.21222e+15
7.71701e+15
8.03586e+15
5.21429e+15
5.00244e+15
4.01908e+15
5.24626e+15
5.1758e+15
1.95492e+15
9.41426e+14
1.49468e+15
1.27329e+15
4.25017e+14
1.28831e+15
5.96005e+14
5.47704e+14
1.6263e+13
1.94108e+13
1.61039e+15
1.68642e+15
3.17394e+14
1.70036e+14
9.82389e+14
8.87561e+14
1.82771e+15
2.9105e+14
1.10092e+14
1.2302e+14
1.46459e+15
9.00829e+14
1.55455e+15
1.62606e+15
3.16859e+14
2.63206e+14
2.34336e+15
1.09465e+15
1.73114e+15
1.65224e+15
6.10894e+14
9.03531e+14
7.19854e+14
4.94326e+14
3.52975e+15
6.1945e+15
8.80974e+15
7.92931e+15
6.98341e+15
7.27725e+15
7.79287e+15
9.0537e+15
8.59909e+15
6.3818e+15
1.36377e+16
1.26323e+16
1.1151e+16
6.93943e+15
1.17268e+16
9.72358e+15
1.09802e+16
9.24501e+15
1.0323e+16
9.28242e+15
1.09722e+16
1.00943e+16
1.19216e+16
1.10139e+16
1.3804e+16
9.82997e+15
1.12281e+16
1.10174e+16
1.00949e+16
8.65175e+15
1.41272e+16
1.31067e+16
1.47091e+16
1.39581e+16
1.92817e+16
2.20592e+16
2.86643e+16
2.46454e+16
3.49481e+16
2.85753e+16
5.06641e+16
4.667e+16
6.97893e+16
7.21493e+16
1.19903e+17
1.38608e+17
2.11534e+17
1.53131e+17
1.80095e+17
1.19733e+17
1.67865e+17
1.11868e+17
1.58786e+17
1.07918e+17
1.69527e+17
1.26014e+17
1.37688e+17
1.09674e+17
1.42388e+17
1.34021e+17
1.46765e+17
1.22778e+17
1.87257e+17
1.52498e+17
2.19945e+17
2.15321e+17
2.55447e+17
2.33639e+17
2.73224e+17
3.14444e+17
3.91109e+17
3.9848e+17
4.07024e+17
4.31665e+17
6.55417e+17
6.08489e+17
7.22389e+17
7.1531e+17
9.62499e+17
9.30972e+17
1.28252e+18
1.1306e+18
1.46162e+18
1.56018e+18
2.11534e+18
2.03864e+18
2.5314e+18
2.72501e+18
3.70844e+18
3.82857e+18
5.39881e+18
5.89638e+18
9.31836e+18
1.05045e+19
1.44117e+19
1.63024e+19
8.92971e+17
7.21724e+17
3.68413e+17
4.00181e+17
1.95137e+17
1.71497e+17
1.10139e+17
6.53497e+16
4.1618e+16
3.63268e+16
4.05147e+16
3.8977e+16
2.88408e+16
2.36724e+16
2.04428e+16
2.03928e+16
1.30449e+16
1.45338e+16
2.74527e+16
2.49039e+16
9.6406e+15
5.74831e+15
7.62117e+15
6.38875e+15
1.07446e+16
9.07019e+15
1.79685e+16
1.49463e+16
1.81115e+16
9.20617e+15
2.39752e+16
1.74517e+16
1.08518e+16
9.92555e+15
6.20915e+15
7.48923e+15
5.08381e+15
3.27016e+15
1.23029e+16
9.85878e+15
5.67472e+15
6.74101e+15
1.57955e+16
9.41343e+15
1.11181e+16
5.64166e+15
1.34892e+16
1.07624e+16
6.30437e+15
7.98887e+15
1.23526e+16
1.13954e+16
1.01305e+16
9.41991e+15
1.2434e+16
9.66625e+15
1.27547e+16
7.20775e+15
8.75552e+15
8.69663e+15
8.33833e+15
6.21092e+15
2.94923e+15
1.17805e+15
1.53822e+15
1.24842e+15
6.16082e+14
1.45929e+15
6.05138e+14
5.53755e+14
2.48461e+13
2.54153e+13
2.23635e+15
1.79573e+15
8.5817e+14
3.25721e+14
1.25426e+15
1.8853e+15
2.34887e+15
7.56819e+14
1.75056e+14
1.60675e+14
2.09457e+15
1.27178e+15
6.07611e+15
3.67985e+15
1.75606e+15
2.17799e+15
2.49609e+15
1.929e+15
2.08712e+15
1.88015e+15
8.10371e+14
1.11015e+15
8.58189e+14
1.33262e+15
5.05549e+15
7.07743e+15
9.31382e+15
1.03449e+16
9.90343e+15
7.82751e+15
8.75349e+15
1.04177e+16
1.02725e+16
6.76321e+15
1.52363e+16
1.40286e+16
1.16101e+16
8.91845e+15
1.56274e+16
1.37822e+16
1.19522e+16
1.18613e+16
1.07255e+16
1.06406e+16
1.14854e+16
1.12179e+16
1.29484e+16
1.20211e+16
1.55138e+16
1.29899e+16
1.50097e+16
1.44626e+16
1.65973e+16
1.67719e+16
1.82638e+16
1.62041e+16
1.92884e+16
1.52586e+16
2.72262e+16
2.47085e+16
3.83343e+16
3.37791e+16
4.57141e+16
4.28985e+16
5.68651e+16
8.01429e+16
9.97783e+16
9.31372e+16
1.73871e+17
2.07148e+17
4.05931e+17
3.28761e+17
3.77122e+17
2.95741e+17
3.48616e+17
2.27636e+17
2.9473e+17
2.26197e+17
3.31888e+17
2.38806e+17
3.27146e+17
2.27581e+17
2.78837e+17
2.53479e+17
2.73636e+17
2.11865e+17
3.09645e+17
2.91652e+17
4.0063e+17
3.31852e+17
4.10444e+17
4.08124e+17
4.88659e+17
4.21854e+17
5.48688e+17
6.19072e+17
6.23323e+17
5.71638e+17
9.07207e+17
8.54834e+17
1.04441e+18
1.01843e+18
1.31804e+18
1.24415e+18
1.4251e+18
1.51928e+18
1.98887e+18
2.04519e+18
2.59091e+18
2.73398e+18
3.28862e+18
3.33164e+18
4.56358e+18
4.74542e+18
6.45724e+18
7.21914e+18
1.02936e+19
1.1583e+19
1.44583e+19
1.63021e+19
7.79191e+17
6.58501e+17
3.50145e+17
2.88077e+17
1.41394e+17
1.25921e+17
5.92168e+16
6.37874e+16
6.34701e+16
6.51095e+16
5.22596e+16
4.82402e+16
3.66418e+16
2.78784e+16
3.04385e+16
2.65735e+16
3.18751e+16
3.08986e+16
2.10226e+16
3.53771e+16
1.55274e+16
1.19244e+16
3.22261e+16
1.96678e+16
3.02867e+16
2.28499e+16
4.18978e+16
2.87853e+16
2.39247e+16
2.61807e+16
2.02981e+16
2.12703e+16
8.84666e+15
7.25541e+15
1.25152e+16
7.67177e+15
1.51764e+16
1.44837e+16
2.18635e+16
1.26627e+16
1.58553e+16
1.62227e+16
1.67899e+16
1.48643e+16
9.62671e+15
7.93994e+15
2.12566e+16
1.45262e+16
1.37208e+16
1.29889e+16
1.95334e+16
2.09331e+16
1.59715e+16
1.51707e+16
1.69926e+16
1.47343e+16
1.50487e+16
1.02988e+16
9.83903e+15
9.60469e+15
1.41458e+16
7.40013e+15
3.794e+15
1.97282e+15
1.58555e+15
1.22877e+15
1.63461e+15
1.47243e+15
6.21812e+14
5.59112e+14
3.60435e+13
2.69644e+13
2.24836e+15
1.80479e+15
8.54041e+14
3.62257e+14
2.12552e+15
3.63785e+15
2.84146e+15
2.7528e+15
2.25855e+14
5.92571e+14
3.20592e+15
1.83198e+15
8.56821e+15
6.04021e+15
2.53319e+15
2.71963e+15
4.25723e+15
2.04425e+15
2.56292e+15
2.38279e+15
1.11935e+15
1.58931e+15
1.24396e+15
2.51467e+15
3.93737e+15
8.56332e+15
1.01093e+16
8.42362e+15
1.37951e+16
1.25733e+16
8.87199e+15
1.13741e+16
1.1451e+16
1.02769e+16
1.65342e+16
1.60284e+16
1.49608e+16
9.88441e+15
1.77561e+16
1.68998e+16
1.21443e+16
1.45491e+16
1.25099e+16
1.15874e+16
1.34021e+16
1.49398e+16
1.34636e+16
1.25239e+16
1.64921e+16
1.41295e+16
1.97718e+16
2.07643e+16
1.7178e+16
1.99247e+16
2.7479e+16
1.9457e+16
2.43574e+16
1.97141e+16
3.79655e+16
3.52222e+16
4.92184e+16
4.46867e+16
5.77608e+16
5.84551e+16
6.21984e+16
8.82881e+16
1.39107e+17
1.23982e+17
2.20624e+17
2.7034e+17
6.13589e+17
6.07891e+17
6.59109e+17
6.00598e+17
7.00903e+17
5.65023e+17
6.0206e+17
4.79033e+17
6.02901e+17
5.28615e+17
6.03936e+17
4.95495e+17
5.46608e+17
4.61687e+17
5.51467e+17
4.18504e+17
5.34918e+17
5.06849e+17
7.10687e+17
5.60584e+17
6.52456e+17
5.55313e+17
8.1652e+17
6.69861e+17
8.65363e+17
7.95821e+17
9.08463e+17
8.90725e+17
1.21814e+18
1.16063e+18
1.48209e+18
1.40828e+18
1.82734e+18
1.67983e+18
1.83874e+18
1.80069e+18
2.62166e+18
2.68364e+18
3.13486e+18
3.39296e+18
3.91065e+18
4.01878e+18
5.36866e+18
5.64906e+18
7.60615e+18
8.49298e+18
1.12048e+19
1.2284e+19
1.47682e+19
1.65163e+19
6.3755e+17
4.6953e+17
2.6873e+17
2.66581e+17
1.69631e+17
1.14884e+17
6.52494e+16
6.02618e+16
9.49822e+16
7.85523e+16
5.61097e+16
6.98658e+16
3.64331e+16
3.67802e+16
2.42094e+16
1.63421e+16
5.81472e+16
4.12054e+16
7.82743e+16
7.7955e+16
5.50187e+16
4.40923e+16
5.75395e+16
4.29503e+16
4.64824e+16
5.00724e+16
2.44391e+16
2.38693e+16
3.01666e+16
2.89406e+16
1.80727e+16
2.21763e+16
1.15146e+16
1.27323e+16
2.27259e+16
2.09174e+16
2.49859e+16
2.41294e+16
1.91169e+16
1.45132e+16
2.47589e+16
2.32759e+16
9.51853e+15
9.34083e+15
1.7088e+16
1.69823e+16
1.78053e+16
1.20975e+16
2.19809e+16
2.26425e+16
2.4063e+16
2.70834e+16
2.06735e+16
1.80377e+16
1.79807e+16
1.80957e+16
1.93153e+16
1.19919e+16
1.24104e+16
1.37945e+16
2.31288e+16
1.158e+16
4.92279e+15
3.85803e+15
2.22357e+15
2.29018e+15
7.32757e+15
4.01497e+15
2.58168e+14
5.67456e+14
5.0421e+13
3.94558e+13
1.54546e+15
1.82966e+15
2.64884e+15
1.46621e+15
4.15674e+15
3.8271e+15
2.78642e+15
4.85383e+15
2.78595e+15
5.42073e+15
3.48415e+15
2.51108e+15
9.71567e+15
7.73887e+15
4.37151e+15
5.9279e+15
6.99459e+15
2.24896e+15
3.32265e+15
2.43022e+15
1.7587e+15
2.35665e+15
2.63183e+15
4.5921e+15
5.05903e+15
8.39291e+15
1.02285e+16
9.33212e+15
2.25648e+16
2.17322e+16
1.08935e+16
1.22965e+16
1.11664e+16
1.21228e+16
1.72973e+16
1.70497e+16
1.12627e+16
1.13948e+16
1.92947e+16
1.81206e+16
1.54815e+16
1.33356e+16
1.46421e+16
1.27408e+16
1.22973e+16
1.52771e+16
1.34022e+16
1.27039e+16
1.88189e+16
1.5243e+16
2.1783e+16
3.27513e+16
2.45813e+16
2.40927e+16
3.65656e+16
2.98797e+16
3.43227e+16
2.44956e+16
5.77369e+16
4.89046e+16
5.97905e+16
5.51662e+16
7.53355e+16
7.09291e+16
8.65612e+16
1.02081e+17
1.52987e+17
1.65096e+17
2.50456e+17
3.01032e+17
6.8251e+17
8.64391e+17
9.78308e+17
8.78827e+17
9.69929e+17
8.58057e+17
1.0151e+18
8.68638e+17
9.06487e+17
8.18238e+17
9.4819e+17
7.8592e+17
9.67817e+17
9.24406e+17
1.0447e+18
8.4947e+17
9.9606e+17
8.31776e+17
1.09732e+18
1.14814e+18
1.09418e+18
8.55347e+17
1.289e+18
1.28502e+18
1.42664e+18
1.3066e+18
1.45177e+18
1.47162e+18
1.74638e+18
1.66171e+18
2.10588e+18
1.93165e+18
2.64045e+18
2.40845e+18
2.6089e+18
2.3082e+18
3.13389e+18
3.37949e+18
3.91015e+18
4.0657e+18
5.1064e+18
4.9023e+18
6.38918e+18
6.67576e+18
8.47948e+18
9.26098e+18
1.16625e+19
1.27585e+19
1.50975e+19
1.67038e+19
9.30297e+16
1.82177e+16
2.73031e+15
3.02055e+15
7.04441e+15
1.5792e+16
3.01183e+15
1.03579e+15
5.14113e+13
2.17922e+15
2.40181e+16
9.12059e+16
2.85719e+16
1.8686e+16
6.34134e+16
4.96823e+15
3.46505e+15
8.99907e+15
4.49481e+16
1.03626e+15
1.86469e+16
2.11987e+16
3.10429e+16
2.75111e+16
1.03494e+16
1.37163e+16
9.9393e+15
2.36374e+16
1.43562e+16
1.34043e+16
1.86886e+16
1.52655e+16
8.50531e+15
1.48515e+16
2.27265e+16
1.74143e+16
1.16964e+16
1.01056e+16
1.97149e+16
1.61142e+16
1.14755e+16
4.46579e+15
2.59392e+15
8.88175e+14
4.4454e+14
2.08024e+15
2.86487e+15
3.32731e+15
2.97368e+15
