3.5479
1.97687
4.03332
5.91722
5.06385
1.66491
2.22296
7.34948
5.30903
6.1309
6.2361
2.91838
2.44168
2.024
2.08252
2.30005
2.4997
4.80436
2.54447
2.66454
2.55458
2.30855
2.5529
5.70403
4.50377
5.48278
2.13651
2.56525
2.46774
2.35414
2.34636
6.10912
6.66287
4.75109
1.8533
1.87267
1.83867
1.92064
1.86461
1.90189
2.10404
2.22958
1.9275
2.55869
1.8893
2.66072
1.96459
1.91308
2.08566
2.47366
1.52505
3.06367
3.10315
6.73676
3.1365
1.91889
3.10355
3.10287
3.05894
3.0681
4.47101
4.535
3.83027
2.75699
4.57256
4.02864
1.86233
3.31377
4.57388
4.1534
2.58871
4.82739
4.3323
3.60042
5.07937
1.885
4.12264
4.58871
3.48267
4.95836
1.88437
6.53722
4.41369
3.60801
4.76824
1.9487
4.93428
3.431
1.75787
1.87238
1.77779
1.72789
1.84405
1.79877
1.6849
4.65256
1.96053
1.81371
1.6633
2.69493
1.98015
1.89362
1.94866
1.81784
3.19703
5.02967
1.65733
2.01573
1.98485
1.98565
1.95894
1.86383
1.9679
1.91778
4.45104
1.91772
1.86285
3.10506
4.19246
1.87917
2.00379
4.89326
2.04211
3.02584
5.11319
1.86661
7.48081
1.90806
2.71246
5.56769
3.0446
3.02185
3.11742
2.94758
2.0621
2.84939
1.84452
2.92518
4.25706
6.0821
3.86987
4.02415
2.15481
2.54767
1.83663
2.31285
4.17613
2.64514
4.22319
11.3513
1.86166
1.85785
1.84962
3.60083
1.83404
4.52251
1.88912
2.9938
4.27183
2.23446
1.81699
2.65161
3.8054
1.90866
4.93797
18.7062
1.8013
4.6879
1.82386
1.94097
1.82151
1.85737
1.88585
3.19889
1.88986
1.62722
1.73512
4.43802
2.50385
1.78497
2.96886
2.93045
1.97745
1.97176
4.19537
4.04736
4.41286
1.99205
3.05165
1.9736
4.65608
1.83915
4.37525
1.84937
4.16185
3.75827
3.90528
2.988
1.96407
4.67655
4.38187
2.81744
1.84632
1.98373
7.15223
7.06613
5.41578
4.80442
2.00132
1.8979
1.9085
4.06255
1.00703
1.81739
2.0978
2.38764
2.24993
1.97032
4.71719
1.93763
1.96096
1.87222
1.88549
1.87847
1.89646
1.91376
1.88078
1.91525
7.0216
2.45188
1.73116
1.66045
5.66829
5.901
1.85689
1.76224
1.79799
1.90316
2.31071
2.06972
1.97748
3.25762
4.6604
1.77361
1.68041
3.07431
2.80439
2.53275
2.69569
5.07906
4.99765
1.71525
8.5457
5.42739
2.28173
12.4651
1.80683
5.25529
3.43376
1.82508
1.92879
1.90962
2.3391
1.78101
1.84422
3.11515
2.24998
2.15653
2.25537
1.50881
7.10684
1.78705
2.54605
2.773
1.80165
2.60265
4.06566
3.8086
4.21081
3.9211
4.11405
4.34271
4.37912
4.07338
1.94368
2.00146
5.47668
1.85059
4.45974
1.9366
14.1239
1.02638
1.98796
15.396
2.94671
2.81899
2.02762
1.91691
1.78045
1.93414
6.42236
6.39757
4.75046
4.39421
6.94099
6.6043
2.4664
2.52879
2.30599
2.29437
2.2583
2.5543
2.3891
2.0825
2.20136
2.65495
2.05447
2.51019
2.72328
2.8291
2.69011
2.04295
2.92253
9.26823
7.88124
4.19065
6.56025
1.23191
16.1942
3.26283
7.83506
4.01808
2.47317
4.24576
1.9507
2.86082
3.6844
3.10751
2.98942
6.17962
2.96216
3.17973
3.68595
1.53689
4.7906
3.57007
2.86036
6.60246
3.41636
3.20585
2.70636
2.86295
2.52139
2.66649
2.74501
4.10828
6.06168
3.90014
4.351
3.88725
4.10873
5.95235
5.08257
5.65218
3.49061
6.88167
3.55089
3.94276
2.36332
8.14034
5.45633
4.98579
4.0123
4.34796
5.17675
5.7742
7.02433
3.23932
3.04084
6.80361
6.70131
5.92115
6.08853
5.61849
4.58853
2.35541
2.48179
1.63814
5.21188
1.75483
1.68564
2.74446
1.68574
1.59318
2.70161
2.64927
2.2221
1.80936
2.32966
1.87584
4.44582
3.45901
3.19331
1.89317
5.12354
4.81922
4.70722
4.76726
5.14304
15.6752
8.85203
3.44036
2.63249
4.82409
6.48837
9.01499
10.6179
3.27939
2.34321
3.19472
2.06455
4.28066
3.51394
3.66271
4.06614
5.75628
40.1257
46.2431
17.3481
3.69994
4.14111
3.06871
4.71431
3.1861
3.1055
2.88992
33.8317
34.9784
34.2313
3.98244
2.9015
46.3361
5.7333
5.43633
5.21006
8.83194
5.29569
4.85391
3.65322
3.43521
5.29175
4.6391
3.49383
2.95522
2.17644
2.85861
8.75499
3.19581
3.05344
2.9259
4.70269
2.26488
2.1747
2.34155
1.97699
2.01785
2.06469
1.97845
5.66196
4.45747
2.23709
2.51752
2.84375
6.70133
6.52929
3.06457
3.27223
3.29894
3.17072
1.87027
6.89288
3.33131
2.69606
4.9954
5.29648
4.92616
2.28555
2.5888
2.82444
2.63349
6.78688
2.36506
6.04437
2.65628
1.67702
3.12669
1.71204
2.74982
2.68274
2.49845
3.20359
4.93732
5.60564
11.1096
3.1541
2.67663
3.41543
4.74038
6.6512
6.5021
2.83418
7.64188
7.87368
14.9162
17.4386
9.49009
7.37764
6.74773
6.68027
7.11153
6.75502
6.38736
5.61972
5.8887
6.17259
2.49896
2.33449
2.51593
2.75848
2.32613
2.36356
2.22312
5.53156
2.48706
2.46548
5.52708
2.5067
2.48218
2.53772
2.92424
5.12976
6.67637
6.76557
6.31158
4.89236
6.75997
2.60521
2.51292
2.47054
2.39644
2.36501
6.37185
8.34835
4.32299
2.99549
2.85116
3.05347
8.84
6.86429
4.41149
8.56904
8.29505
5.96871
3.68242
6.43838
4.9054
8.17912
2.94872
2.8627
2.71811
2.83586
10.656
11.9459
4.28109
3.63169
4.83846
3.82866
7.385
8.65134
5.03789
25.7217
33.5998
41.9484
24.5557
31.3135
21.9655
3.15307
1.68508
2.37562
4.87377
2.62749
3.56639
2.54463
1.61483
1.58094
0.950922
4.21622
5.18858
2.44525
6.90934
4.98678
3.99298
3.38605
3.68169
5.33203
5.41268
5.79382
4.85682
5.63102
4.9776
6.55687
1.7198
1.42825
47.0089
40.9881
3.62895
23.293
35.8681
4.05423
2.90725
4.11662
2.9053
3.15933
3.01328
3.14954
6.31134
3.48858
6.5606
3.56984
4.89946
4.04728
3.04271
3.40244
6.003
6.33431
2.74987
2.63263
2.82443
1.7712
2.60789
2.35497
2.18052
2.13241
2.44269
2.4303
2.40965
2.65595
2.84159
2.33546
2.25741
5.87182
2.79664
3.52706
3.67099
2.28613
6.40543
5.00906
3.90101
2.96063
2.52269
2.40392
2.39211
29.8598
64.2789
2.73368
3.32918
7.81146
6.47332
4.95741
4.85314
4.25916
5.62377
6.77336
5.92626
5.25791
3.99073
3.54122
3.74091
3.89962
3.84732
5.4594
6.83385
6.37704
6.79155
6.66822
4.67126
4.81569
3.4348
4.09926
3.29916
3.02237
2.87724
4.53472
3.94259
3.63433
5.23197
4.97027
4.67459
5.03122
7.76705
6.20062
4.79494
5.56433
32.0661
8.20193
7.49598
6.87779
6.68719
4.83377
6.20345
49.6011
3.17002
3.05777
2.94001
1.58439
1.79709
27.7192
28.7196
32.3799
27.5481
2.57056
2.53879
5.16379
3.39097
4.14772
4.96335
3.05504
3.57409
2.78347
7.25706
7.35405
7.99802
7.22861
6.3684
5.00491
3.83418
7.29686
4.47257
4.02745
4.01681
2.69448
2.36615
5.08314
2.37401
3.93602
3.92093
3.09339
4.02857
4.16931
4.54527
4.71713
4.03884
4.05186
2.64202
4.06838
4.58021
3.13659
5.69039
4.79655
7.31843
7.38382
5.95873
7.95131
7.02864
8.30112
7.08155
9.33121
3.852
4.53465
5.50587
4.5173
4.61926
6.55392
5.38376
2.21523
2.42745
2.24227
2.46277
2.40901
2.40329
4.70013
4.23737
3.79179
5.29765
9.18589
5.82212
3.53051
2.46666
2.01348
1.61593
1.89518
1.48803
1.96741
1.53871
1.70984
1.1274
1.15572
2.31894
2.03966
2.72595
3.35397
2.41602
6.29056
2.83201
4.82778
9.11814
3.78167
9.48505
3.27283
5.67816
5.75522
1.87959
6.75197
10.0634
5.83505
7.06878
4.65095
5.81567
8.81654
5.52027
4.66146
4.82562
5.49424
4.22525
5.07391
3.82815
3.388
4.44912
7.44676
4.86008
3.18364
3.29479
4.52868
4.98953
4.13354
2.40534
2.97802
2.83666
3.42568
3.44298
2.97277
3.04773
3.84556
4.39522
4.68239
4.36431
5.88501
7.49107
3.68958
4.79968
2.94548
3.50016
2.68417
3.4676
2.98693
3.46162
3.30851
3.33581
5.62448
7.69986
3.31301
5.95804
2.16123
4.65854
4.50273
3.98368
2.91075
3.23128
3.27656
3.63626
4.10307
3.70428
3.00228
3.44407
3.14776
3.78635
2.85859
3.59745
4.15091
3.98683
6.65636
9.29286
2.84533
3.71309
2.69353
2.39884
5.84465
4.25373
2.69066
3.69894
2.78687
2.93288
3.57122
4.09776
3.54086
5.82026
6.59203
3.82945
4.65167
7.89755
3.06288
4.20926
3.53439
3.47855
4.685
27.5825
46.5023
3.14604
2.71137
2.89589
2.46538
5.3064
29.7826
3.11985
4.15462
3.56847
4.0403
11.1517
3.69938
6.33466
3.53151
3.77892
3.08811
3.84663
5.15746
4.85236
5.55712
4.1309
6.58304
4.54545
8.55558
4.83905
57.3885
3.19181
2.85933
2.39012
2.31169
1.92772
1.34001
2.84915
2.07552
1.64693
6.23501
5.59426
5.53183
8.72345
2.43738
2.04577
3.42734
3.38514
3.2638
2.1786
48.1274
41.2071
44.723
3.79548
8.52763
32.9923
3.01427
1.82311
1.85066
1.6805
2.32481
3.5083
34.8171
2.43833
2.88337
3.90741
1.68031
2.39452
2.2455
5.22749
4.5294
4.82487
3.62155
6.61157
7.6739
4.03077
4.69697
4.60927
5.95165
2.75727
2.54099
2.45592
2.40174
4.71421
5.16001
3.59677
3.895
4.06293
4.00195
3.47878
3.78116
4.80689
2.36424
4.97794
6.32607
2.90299
4.42975
3.0134
2.34792
2.73983
6.54409
6.48445
4.38967
18.6976
4.42927
4.79378
4.1755
4.94752
9.08898
1.90117
5.4158
2.87734
3.10689
4.99093
8.0579
28.853
5.55191
3.39823
8.37661
2.53259
3.14146
4.95287
2.59171
3.36859
3.57159
3.02626
3.98692
3.80813
3.37883
4.7638
2.38684
2.36622
2.77252
7.41519
5.98486
3.24274
3.68469
3.97894
3.49239
3.58034
3.85154
3.17799
5.67797
9.38088
3.90309
7.5911
4.05378
2.56583
2.39454
1.75245
1.85019
1.87543
1.86456
1.87941
1.85863
1.91953
1.90594
1.95612
1.9252
1.95258
1.94538
2.00506
1.9354
1.96574
1.9376
1.96546
1.97686
2.00591
1.94486
1.94813
1.96371
1.98683
1.91296
1.94633
1.91432
1.96347
1.92819
1.94702
1.91227
1.898
1.99161
2.05158
1.95356
1.93932
1.99781
1.91632
1.86733
1.87448
1.90105
1.92353
1.96478
1.89715
1.91814
2.04008
1.99597
298.733
266.006
312.792
293.647
162.953
50.2112
282.019
21.4135
54.913
70.5255
30.3991
28.1194
150.755
39.6809
277.694
267.13
45.4475
115.173
276.727
266.595
268.921
247.115
276.043
273.215
275.693
269.108
287.747
277.712
280.023
279.439
293.518
277.918
297.528
285.316
281.05
266.862
272.687
272.719
296.666
267.936
285.993
266.656
260.916
275.393
114.579
199.326
36.3921
52.1955
120.964
15.4023
50.1445
25.0113
100.402
107.835
140.409
149.285
122.559
93.8079
133.766
187.562
105.724
123.2
145.566
38.4937
81.1152
100.035
33.5139
58.3757
81.5272
157.251
108.02
89.6853
115.165
116.902
62.7786
87.3499
86.067
83.7323
151.071
134.381
81.6637
76.4862
105.553
192.579
81.1048
268.988
132.049
65.6863
304.703
276.605
289.512
285.174
289.727
285.179
287.92
284.254
2.01673
2.08721
2.05776
2.03668
2.13534
2.14846
2.2669
2.33043
2.29909
2.26451
2.46211
2.57372
2.73368
2.84601
3.20684
3.25751
3.45099
3.33485
3.38231
3.40186
3.90758
4.02421
3.90205
3.97338
3.95581
3.86792
3.99866
3.90054
3.5004
3.18184
3.15863
3.26358
3.0925
3.11913
3.1183
3.22184
3.27921
3.15348
3.15406
3.22752
3.25326
3.23249
3.10632
3.08305
2.89075
2.75026
2.61625
2.48909
2.54937
2.31302
1.79095
1.80756
1.87172
1.88687
1.92729
1.90201
2.00231
1.97649
1.99768
1.95786
2.0066
2.00201
1.99928
2.0136
2.03657
1.99133
2.03787
2.01473
2.07103
1.95543
2.02812
2.0186
2.0376
2.04017
2.0241
1.97356
2.06561
1.99963
1.98937
1.95803
2.0825
2.09212
2.13496
2.0626
2.01848
2.03315
2.0408
1.96554
1.93745
1.92082
1.90059
1.94914
1.96453
1.96192
1.9991
2.03385
321.83
316.215
314.625
317.919
193.919
76.3593
49.9396
13.211
61.1785
84.0026
42.9589
63.382
166.866
59.463
296.009
285.739
55.0293
72.0889
277.365
271.541
272.904
266.316
289.34
295.76
278.267
292.773
294.7
304.065
292.683
285.811
289.671
298.337
312.001
307.918
307.605
295.717
292.892
296.722
318.327
310.684
299.71
299.872
291.727
289.472
135.624
240.399
45.2927
59.6861
126.002
151.336
129.766
32.0632
99.2986
110.108
149.786
156.682
177.656
173.187
133.843
104.609
132.774
139.929
211.188
134.376
85.2092
94.3187
128.823
60.5238
88.313
134.179
100.384
88.2121
117.345
108.665
93.7534
94.8232
81.5456
163.22
155.395
132.797
81.9546
80.2725
81.7253
147.737
216.524
198.841
213.969
188.882
314.856
311.012
307.351
317.127
302.946
306.568
304.153
319.656
2.02624
2.00417
2.07456
2.08766
2.21883
2.2453
2.29146
2.32133
2.38333
2.32847
2.53873
2.56443
2.92717
2.92771
3.20203
3.2685
3.3674
3.71471
3.61629
3.54426
4.00511
3.99724
3.98955
3.85211
3.85006
3.72225
4.45494
4.33914
3.60813
3.25543
3.31351
3.21863
3.29059
3.27511
3.33504
3.2657
3.36313
3.31979
3.36746
3.29626
3.25121
3.32772
3.17585
3.04659
2.86566
2.78947
2.70521
2.47789
2.4853
2.23754
1.80999
1.82965
1.93331
1.94467
1.99478
1.97009
2.05636
2.03574
2.07879
2.0631
2.09862
2.08794
2.12986
2.06017
2.12665
2.05751
2.14075
2.08203
2.13754
2.07908
2.16769
2.10346
2.07951
2.07683
2.08276
2.10603
2.12302
2.05718
2.12307
2.06949
2.22547
2.20178
2.19673
2.16862
2.17151
2.10536
2.11587
2.07591
2.07022
1.98822
2.01973
1.97333
2.09527
2.04784
2.08512
2.08151
308.394
312.985
321.372
320.025
181.954
96.2708
25.9812
122.756
187.069
215.759
42.5155
37.1223
162.199
59.3824
260.668
241.758
91.6981
57.3865
283.507
288.251
283.518
282.084
285.929
302.588
300.315
297.156
294.202
300.189
299.661
287.638
314.404
303.493
317.674
317.815
308.8
306.57
309.953
317.046
318.277
319.402
302.318
305.985
293.316
276.677
189.713
286.098
51.0008
60.0199
130.253
143.359
74.6286
28.7764
96.0092
108.063
145.48
180.911
243.833
214.37
202.219
99.4928
110.157
139.166
159.755
158.647
100.417
116.264
129.447
115.284
211.848
142.529
79.9703
87.423
121.994
85.5847
103.508
106.2
229.079
165.194
167.425
138.714
84.8806
127.584
84.0278
152.242
213.597
152.873
233.129
271.422
175.167
171.362
318.382
319.659
149.224
172.02
303.277
306.813
2.09238
2.06969
2.15918
2.22278
2.34778
2.35382
2.40731
2.35622
2.48295
2.45603
2.61358
2.6918
2.93877
2.95943
3.30621
3.44646
3.5245
3.55067
4.18175
3.55252
3.94962
4.07522
4.28082
4.35319
4.27728
4.15767
4.27287
4.12975
3.5989
3.28289
3.34673
3.25818
3.25077
3.2068
3.40489
3.3207
3.47441
3.41435
3.43684
3.36007
3.31921
3.32748
3.24875
3.10483
2.96111
2.83902
2.69864
2.62151
2.40317
2.31422
1.84651
1.8649
1.98162
1.9912
2.06005
2.05942
2.14223
2.11099
2.14852
2.15195
2.17165
2.15624
2.20965
2.13652
2.21144
2.19346
2.20909
2.2528
2.24645
2.18219
2.25807
2.24149
2.17025
2.1709
2.21221
2.2043
2.27803
2.16953
2.22493
2.22322
2.30626
2.30642
2.31967
2.27257
2.35005
2.2477
2.2558
2.18143
2.21655
2.12254
2.16405
2.12363
2.1686
2.15926
2.19217
2.17155
313.153
315.632
310.1
316.91
209.299
93.8488
26.6667
34.6285
199.086
227.127
49.6608
45.1515
77.1467
63.4008
271.258
235.644
103.991
78.5836
289.587
293.784
294.35
284.534
288.114
291.784
297.679
294.476
294.462
294.916
297.853
296.043
309.699
308.41
311.922
312.589
306.811
308.529
310.918
317.986
302.773
316.423
305.7
311.153
299.22
296.608
118.63
288.74
21.1987
59.5623
130.598
141.27
78.2723
72.6958
98.7214
105.473
111.4
150.04
209.881
172.991
206.965
72.8833
108.726
166.797
108.02
112.519
120.176
117.964
139.063
150.287
159.619
188.346
57.6861
37.7278
146.717
190.463
111.422
107.283
231.209
174.755
161.502
133.999
97.6135
64.3379
81.6651
173.631
244.697
122.867
167.196
129.614
130.808
58.9916
311.207
305.636
88.3013
39.7772
315.229
321.212
2.22044
2.20369
2.29468
2.31015
2.41697
2.44411
2.58997
2.52352
2.59886
2.57832
2.87328
2.83281
2.98164
3.154
3.28826
3.46325
3.64833
3.95965
3.92238
4.0081
3.94584
4.03988
4.48563
4.64591
4.93803
4.55328
4.53376
4.04918
3.73551
3.16352
3.48735
3.31573
3.21106
3.32777
3.4433
3.42281
3.49741
3.59443
3.45185
3.46335
3.34999
3.44586
3.28892
3.17856
3.01304
2.84742
2.71638
2.73467
2.38558
2.31143
1.88354
1.91261
2.04111
2.06478
2.16438
2.15749
2.23457
2.20791
2.23685
2.26105
2.29416
2.28676
2.31725
2.26543
2.32378
2.33227
2.27147
2.28815
2.41269
2.28381
2.36465
2.33279
2.3542
2.29488
2.37215
2.38716
2.40304
2.35206
2.42444
2.38851
2.54671
2.38816
2.44632
2.3997
2.46553
2.41362
2.31986
2.31866
2.33411
2.26451
2.37508
2.2992
2.31566
2.30799
2.33382
2.28377
309.526
316.738
313.031
316.679
210.545
108.346
50.376
21.138
179.69
247.483
123.425
54.4935
39.2179
77.5405
79.1732
180.842
165.913
88.4224
286.663
292.607
289.964
277.518
281.557
283.869
293.605
287.201
291.506
299.233
288.194
290.141
309.229
307.166
309.54
310.189
297.724
307.755
311.491
309.682
298.771
284.517
303.941
305.679
297.287
295.655
131.822
268.43
29.1387
17.0295
131.299
139.37
80.6986
73.091
125.833
108.39
113.165
143.287
231.6
136.019
195.253
83.267
115.504
158.226
74.7504
68.1239
163.569
120.109
153.688
169.212
146.251
78.9723
108.443
17.5635
156.215
202.008
98.4665
115.326
191.867
162.55
148.813
160.622
100.459
100.092
73.0089
119.566
242.291
117.06
148.878
111.977
117.662
71.2039
301.869
311.346
63.1636
50.0228
311.853
303.47
2.39486
2.33779
2.44174
2.41563
2.51815
2.51715
2.7756
2.69496
2.82011
2.80495
2.9235
2.90369
3.28584
3.40043
3.61525
3.75137
3.82727
4.00284
4.05252
4.04418
4.46973
4.25852
4.5342
4.83875
4.86223
4.64315
5.06695
4.64455
3.84487
3.52116
3.53134
3.47981
3.43814
3.37108
3.62143
3.66262
3.63921
3.75535
3.51086
3.50008
3.50583
3.48262
3.43412
3.30912
3.11775
2.94293
2.76081
2.8364
2.40618
2.35175
1.92441
1.94454
2.11747
2.139
2.26545
2.26273
2.36536
2.30396
2.3816
2.37819
2.42382
2.39285
2.44241
2.39377
2.48473
2.43558
2.45516
2.40615
2.5528
2.48927
2.51232
2.47649
2.47049
2.47377
2.58424
2.62808
2.58765
2.53128
2.64394
2.61179
2.77382
2.61047
2.63526
2.60364
2.60299
2.57443
2.57147
2.49444
2.52679
2.47815
2.60862
2.51485
2.55413
2.44786
2.51622
2.46995
296.739
305.147
306.658
311.336
217.807
148.855
85.8843
24.5321
146.637
248.007
164.39
168.227
42.3702
88.9989
86.2197
18.149
139.327
131.507
103.155
294.589
287.332
282.05
282.244
274.834
289.489
288.926
281.594
292.237
289.914
289.022
307.011
302.693
297.365
309.196
304.221
305.864
308.327
305.716
300.141
299.466
305.374
301.981
299.439
294.213
148.569
246.725
42.358
15.6278
149.597
135.548
84.022
72.9089
126.93
120.996
130.127
211.328
236.547
174.577
86.3025
84.5018
114.767
155.364
134.66
98.767
207.79
155.534
91.5455
178.302
229.318
96.8318
182.375
29.3221
148.862
198.324
97.2049
109.621
158.625
149.651
146.104
114.796
101.847
69.0715
80.9086
165.818
277.741
203.44
149.901
114.81
169.083
108.969
305.911
304.976
49.1782
69.0139
273.478
276.121
2.55271
2.51782
2.61443
2.53783
2.75136
2.69484
2.9448
2.97843
3.12576
2.98859
3.30532
3.0884
3.42841
3.27753
3.88129
3.84779
3.79544
4.10482
4.39523
4.12291
4.88709
4.67619
4.31505
4.8372
5.43246
4.76276
4.81093
5.07312
4.04608
3.61864
3.42911
3.64592
3.51905
3.60041
3.83379
3.79203
3.69567
3.71921
3.61465
3.55026
3.73652
3.66392
3.5431
3.44464
3.2214
3.03991
2.77077
2.88028
2.44947
2.37213
1.98615
2.01775
2.21158
2.23517
2.39285
2.38653
2.51134
2.46244
2.51906
2.51892
2.56341
2.54529
2.66903
2.60657
2.65949
2.51479
2.60265
2.5803
2.74858
2.59596
2.67763
2.63462
2.69001
2.63853
2.8459
2.81495
2.78667
2.73338
2.87919
2.86679
2.90833
2.81987
2.93413
2.80303
2.85748
2.83516
2.87566
2.76549
2.73152
2.70963
2.77959
2.69917
2.78976
2.66616
2.72546
2.73023
301.429
295.393
301.115
304.308
232.708
141.101
177.55
42.5062
232.434
155.64
202.138
149.293
66.3574
80.6733
96.2645
84.2793
98.4021
63.0041
20.4705
256.535
274.485
280.446
278.165
268.491
281.931
288.419
278.084
285.541
287.631
289.891
300.741
301.591
296.374
302.256
301.049
305.609
293.971
294.163
296.677
284.837
301.021
300.221
290.449
249.305
124.239
117.163
73.9119
20.6272
178.591
121.953
79.2913
70.3267
159.937
120.963
170.926
201.149
228.137
204.816
71.5477
72.6862
111.545
147.939
165.02
149.134
217.033
165.377
91.3693
115.845
152.942
179.681
108.867
152.219
156.964
214.393
81.3792
101.732
202.25
170.974
166.948
107.803
163.827
134.827
89.0391
207.159
206.555
190.562
160.837
143.374
89.9579
150.503
303.08
304.025
160.283
102.429
304.033
298.597
2.80278
2.72713
2.85931
2.80926
3.09709
3.03774
3.15738
3.19756
3.35212
3.27048
3.60724
3.474
3.45824
3.81415
4.01566
4.14526
4.10934
4.1842
4.60029
4.27515
5.41452
5.15399
4.88164
4.73641
5.83486
4.98934
5.55107
5.26763
4.19804
3.63439
3.59486
3.80422
3.90375
3.93559
3.76727
3.86699
3.84892
3.77526
3.74431
3.72736
3.94393
3.78946
3.62914
3.59738
3.35726
3.13223
2.82274
2.88682
2.49954
2.37177
2.05338
2.09095
2.32396
2.35739
2.5352
2.54422
2.67061
2.63927
2.69682
2.69251
2.71773
2.70506
2.88572
2.8419
2.8221
2.7436
2.87091
2.78461
2.97136
2.8739
2.90131
2.81489
3.07464
2.98138
3.09656
3.02038
3.11377
3.00135
3.19383
3.15126
3.19788
3.13702
3.2925
3.02848
3.23683
3.14063
3.08347
2.99744
3.0008
2.92888
3.0515
3.02814
3.0741
2.92383
2.93203
2.9305
300.257
298.143
297.591
299.05
229.961
147.341
203.856
88.4613
199.688
159.329
171.951
111.215
83.3839
82.6834
128.053
147.006
102.095
61.1337
40.2148
102.63
266.866
273.958
272.337
263.699
276.255
282.101
279.962
280.878
285.266
280.618
296.247
292.384
297.719
295.867
292.517
295.784
294.815
288.04
296.326
296.598
292.977
288.761
273.474
284.236
90.1789
131.061
68.7359
55.2527
149.305
135.084
74.005
72.4498
196.738
155.448
145.849
185.017
217.968
185.375
86.372
53.5926
101.702
142.968
134.982
186.928
172.481
157.456
93.6489
117.913
154.73
103.893
224.199
104.697
141.49
164.412
95.0179
63.1182
188.15
182.847
141.741
106.433
212.304
196.675
119.667
229.598
140.349
154.855
141.216
163.153
99.1941
149.179
226.528
90.5127
154.251
258.302
290.139
295.934
3.11467
3.0035
3.11187
3.13823
3.33328
3.36063
3.50057
3.52569
3.68293
3.69632
3.70145
3.69598
3.92624
3.9514
4.60218
4.18685
4.42571
4.23678
5.05584
4.30651
4.86334
5.48125
5.07891
5.08354
5.35268
5.60178
5.76961
6.15919
4.29427
3.9413
3.81898
3.74966
4.12814
4.1664
4.19653
3.90877
3.91115
3.87673
3.8036
3.94453
4.00538
3.91561
3.79272
3.76064
3.43447
3.26519
2.87041
2.95023
2.6056
2.27779
2.1396
2.17747
2.46609
2.49231
2.7511
2.71318
2.91235
2.82106
3.01566
2.88975
3.03371
2.94515
3.10881
3.06317
3.09256
2.95038
3.20945
3.12928
3.16692
3.15689
3.16625
3.15422
3.35093
3.24561
3.33852
3.32886
3.47717
3.40225
3.47665
3.48778
3.54563
3.40812
3.45439
3.34882
3.58804
3.42671
3.53538
3.30313
3.36825
3.23173
3.44005
3.26949
3.36463
3.244
3.18751
3.26544
7.57267
21.1458
293.112
293.898
222.68
151.925
175.952
180.129
198.143
167.461
227.873
117.652
99.8291
96.2661
62.3618
67.2274
99.5103
56.7224
13.2101
30.7164
259.883
265.892
255.338
255.467
264.117
268.786
268.737
268.844
276.347
284.087
288.519
286.184
294.942
289.883
291.298
293.803
288.522
286.194
295.67
291.779
283.517
283.984
264.438
264.833
96.1431
111.705
71.0508
61.1791
141.496
147.705
82.0991
71.9988
211.523
180.425
143.417
207.161
198.893
200.733
70.4473
54.7898
123.797
105.34
102.785
91.176
183.794
181.191
88.3796
140.089
109.571
82.4427
187.925
254.716
120.001
116.027
148.224
129.957
142.128
158.865
181.253
114.36
221.561
182.696
129.081
238.086
137.227
128.278
200.63
207.359
159.42
210.281
168.031
70.2066
38.5488
77.0089
7.186
5.03663
3.56078
3.41036
3.6994
3.67627
3.78606
3.6738
3.87439
3.77655
4.21266
4.13067
4.15442
3.88258
4.654
4.41854
4.49341
4.77167
4.44618
4.58026
5.69412
4.69764
5.58459
5.61991
5.32892
5.43168
6.72765
6.40278
6.54871
6.2091
4.5779
4.28289
4.10657
3.83425
4.16136
4.05268
4.3861
4.20918
4.014
4.10604
4.26128
4.21114
4.19071
4.11458
4.00152
3.82928
3.61342
3.33377
2.91478
2.98532
2.50194
2.01289
2.22531
2.27723
2.64137
2.68658
2.99292
2.95806
3.15934
3.08036
3.26426
3.2165
3.3603
3.26887
3.4395
3.37429
3.43682
3.27164
3.50689
3.54759
3.54265
3.35636
3.59505
3.49796
3.50414
3.54765
3.5828
3.69645
3.85476
3.77256
3.87623
3.84067
3.80484
3.87373
3.95136
3.84028
4.14551
3.75875
3.85453
3.7518
3.97968
3.78452
4.11011
3.74733
3.84513
3.62908
3.83738
3.54376
290.701
290.661
288.788
289.646
105.527
160.335
147.736
231.999
190.289
171.881
238.246
180.749
105.053
99.0377
67.0259
58.1757
102.735
54.5756
26.2687
101.086
153.908
260.804
247.911
249.106
255.41
262.527
251.721
259.341
258.681
277.993
238.709
271.035
287.535
281.12
284.585
281.94
288.87
286.066
282.672
281.389
279.921
277.476
239.172
255.877
98.9565
94.1736
74.0535
61.3275
146.889
140.738
81.2672
151.145
208.759
158.28
139.674
189.623
165.982
219.652
63.6626
109.234
93.3759
123.291
95.3778
96.7678
176.231
168.977
93.1677
131.019
115.777
81.4554
173.341
202.762
118.584
110.938
120.485
113.936
155.76
184.015
161.258
131.415
204.092
173.653
121.472
196.209
185.113
168.113
180.879
198.285
131.575
119.542
128.044
87.3268
32.9293
36.5185
286.159
287.293
3.97573
4.03604
4.1831
4.27137
4.52901
4.22357
4.32218
3.9237
4.54119
4.74051
4.39978
4.4665
4.80146
4.76028
4.69686
5.66115
5.01849
4.73169
5.96814
5.65457
6.54773
6.34942
6.55729
6.82628
7.2572
6.8896
7.11376
6.05413
4.74032
4.41612
4.26175
4.09683
4.46151
4.36165
4.57039
4.46251
4.23461
4.25309
4.57833
4.48533
4.55006
4.41688
4.31995
4.13834
3.71428
3.48374
2.94634
2.98599
2.49987
2.05377
2.33826
2.39287
2.90162
2.93391
3.24296
3.26817
3.56749
3.4213
3.65472
3.57688
3.64635
3.63676
3.9483
3.73632
3.85418
3.7838
4.02395
3.80197
3.67923
3.81873
4.12829
4.05267
4.2319
3.90551
4.05728
3.86196
4.24935
4.26433
4.33556
4.10115
4.44211
4.09768
4.46701
4.42729
4.7792
4.31579
4.46396
4.25283
4.61553
4.37423
4.41122
4.20958
4.62852
4.29514
4.35939
4.2794
287.168
287.801
281.534
282.961
193.747
159.795
152.98
139.761
169.435
190.862
235.039
171.432
99.77
126.671
88.1336
68.0534
101.568
71.1129
64.8432
76.4554
23.498
171.628
17.7188
127.041
65.7601
241.472
241.391
229.214
255.95
271.372
241.08
267.532
281.693
276.9
277.404
281.859
273.901
282.98
277.579
281.404
274.684
279.225
236.566
246.79
102.736
101.599
77.7952
63.5691
76.1041
120.084
96.0556
137.99
176.95
157.537
169.239
165.941
166.699
222.103
68.2787
55.7145
97.9622
85.326
99.138
100.88
118.091
144.638
83.4038
123.489
115.232
80.0049
54.6854
176.771
98.6073
102.151
113.129
122.749
118.985
189.848
156.967
158.111
143.377
149.454
156.086
149.298
140.512
136.509
189.911
187.747
183.626
141.549
82.7646
134.219
176.659
102.442
285.249
276.384
4.71753
4.69385
4.73881
4.3939
5.18022
4.80867
4.56816
4.67106
5.13401
4.89125
5.25778
4.83885
4.99278
5.31441
5.7798
5.43646
5.78639
5.50929
5.99855
7.01208
5.89851
5.59348
6.88391
7.57187
7.13592
7.23831
7.90645
6.19379
5.18033
4.72063
4.50408
4.88513
5.2019
4.76205
5.1673
4.72841
4.51887
4.36253
4.70929
4.8148
4.50723
4.59443
4.79335
4.40637
3.99137
3.64031
3.05259
3.00844
2.55928
2.12409
2.49678
2.57335
3.2203
3.25353
3.6692
3.63168
3.84442
3.70873
3.95527
3.86763
4.05728
3.96913
4.44056
4.25663
4.24526
4.18431
4.52211
4.4643
4.38702
4.4268
4.85969
4.73245
4.68079
4.3382
4.85031
4.42537
4.59965
4.86622
5.17781
4.90708
4.65775
4.40845
5.18366
5.27288
4.70363
4.92796
5.02749
4.69243
5.65485
5.3285
5.44345
4.74371
5.4045
5.40394
5.2408
5.6316
279.507
282.66
277.902
274.863
189.653
163.647
176.504
158.426
178.249
205.741
192.436
208.272
90.4373
81.7969
84.2253
81.048
62.0563
29.1038
70.2911
187.641
157.538
94.1422
30.9691
67.347
173.593
148.918
79.3222
139.464
248.229
258.968
237.749
258.211
16.7091
270.537
272.463
278.428
272.465
276.339
264.517
276.507
268.506
274.176
78.9929
235.824
103.942
101.596
77.6035
89.3694
89.6425
118.919
95.5457
156.516
161.822
149.721
171.661
146.577
155.609
186.992
72.3931
61.3863
101.509
93.242
142.163
93.3215
118.304
128.81
84.2642
96.6963
132.817
75.6106
67.0537
178.014
99.0967
158.802
113.476
91.6372
129.64
188.977
166.494
154.35
105.989
109.114
169.267
162.812
147.421
159.69
143.085
133.973
164.894
127.029
86.8141
150.153
38.6008
219.732
267.591
279.135
6.05505
4.95966
4.80938
5.37664
6.26368
5.7124
5.08991
5.35607
5.07817
5.17004
6.85868
5.73921
6.04381
5.21879
6.21825
6.15584
6.38807
5.29476
6.46657
6.58535
7.59794
7.12824
7.66672
7.33025
7.92861
7.20077
8.38123
6.87557
5.88466
5.36961
5.5191
4.82612
5.35876
5.53556
5.47294
5.27458
5.05857
5.01638
5.29747
5.00138
4.82596
4.75661
4.78822
4.65307
4.2472
3.92048
3.10051
3.03575
2.57023
2.18627
2.67268
2.77845
3.57559
3.63165
4.2496
4.02643
4.42043
4.25251
4.33228
4.20732
4.58603
4.42976
4.94709
4.80169
4.87183
4.98167
4.87485
5.10689
5.21726
4.65669
4.61589
4.94449
5.40689
5.15044
5.66402
5.11178
6.03544
5.45377
5.86756
5.53717
5.39304
4.5453
5.95199
5.4914
4.54832
5.00918
4.45379
6.0508
6.15552
5.84896
6.91307
6.08917
6.41102
6.74473
4.93178
4.82486
279.576
281.418
211.746
166.613
202.502
132.343
183.63
143.535
190.154
203.141
192.833
163.368
95.7215
86.6689
80.6751
90.9266
57.5547
33.7524
128.988
193.549
210.907
186.048
211.607
229.932
196.68
168.311
95.2265
103.959
21.6545
256.153
236.626
118.941
28.2053
171.885
261.848
273.947
268.101
266.987
257.54
263.911
258.545
263.145
80.0333
184.521
146.522
146.784
70.0372
90.0383
140.405
133.881
103.615
183.122
122.814
109.993
133.172
131.303
169.19
150.379
134.37
75.2375
123.046
107.745
98.8998
92.8141
88.3976
87.0457
94.8865
102.393
144.858
113.732
71.0195
166.877
99.4602
112.062
114.268
101.264
145.212
158.664
130.966
151.298
95.8249
85.3359
155.966
166.965
170.164
152.924
173.123
143.527
206.421
101.17
72.1285
108.273
156.79
54.8261
264.593
275.705
5.53042
7.04301
6.36826
5.25922
6.34922
6.49575
6.56445
6.7637
5.70313
5.61
7.54676
6.51544
6.01826
6.53412
4.91743
6.00843
7.41012
6.1534
7.70725
8.37161
10.7374
9.06626
7.73634
9.31718
7.73401
7.01775
10.0249
7.86919
5.2564
5.29491
6.21867
5.47632
5.90573
5.68445
5.33875
5.64567
5.36972
5.04322
5.64085
5.12359
5.2341
5.07184
5.18012
4.86286
4.56176
4.19136
3.13926
3.05859
2.61361
2.25893
2.93031
3.04809
4.08201
4.01497
4.63231
4.61006
4.628
4.69062
5.10834
4.96679
5.36892
5.11696
4.94258
5.347
5.45922
5.10832
5.61289
5.76497
6.40967
5.55827
5.73408
4.89406
5.83779
5.65291
5.59734
5.70054
6.56034
6.97142
6.91391
6.87409
6.16697
7.07917
7.38071
6.41928
7.2439
6.67696
6.17826
6.15702
8.13806
8.8012
6.97927
6.52059
6.82234
7.14416
4.8038
6.51425
272.19
262.996
200.369
116.553
161.687
255.269
152.189
166.63
131.822
165.648
162.269
171.101
170.008
120.607
53.653
79.3449
69.7528
55.1122
94.8268
135.17
226.723
198.18
187.06
208.679
157.068
174.451
163.266
149.353
24.5626
33.4599
156.043
183.516
251.444
247.122
253.699
263.451
261.003
260.184
252.326
258.166
241.577
168.243
90.275
199.311
209.811
115.087
50.9489
63.3689
136.049
141.401
122.217
187.14
96.9031
108.467
168.613
148.213
185.157
159.539
146.866
124.794
115.658
101.795
99.9577
69.156
83.8227
80.4455
92.5026
98.4709
119.443
133.307
139.196
82.7577
105.946
84.0526
64.9286
128.69
79.6556
115.474
139.264
124.068
84.6687
84.6659
111.675
122.246
149.982
129.649
164.617
149.281
179.357
136.142
60.7692
51.5472
152.824
271.456
250.288
266.779
6.39854
7.91869
9.72468
8.02302
8.91415
5.0486
7.54499
7.39025
5.37948
5.55704
8.58402
8.74961
4.77302
5.8071
5.47384
6.48657
9.45479
9.40647
5.23097
8.138
10.4876
9.49336
8.85478
10.0509
7.83609
8.13025
9.3147
8.95422
6.27295
5.36216
5.92596
5.64367
6.12453
5.85648
6.08295
5.93477
5.95941
5.56505
5.90483
5.45474
5.79057
5.56382
5.45579
5.17795
4.79903
4.43814
3.15293
3.03713
2.68367
2.34256
3.25173
3.40064
4.66505
4.72306
5.21746
5.07309
5.57555
5.102
5.86718
5.42107
6.2013
5.8439
6.24453
5.56201
5.59348
5.72477
7.18972
6.89237
6.09446
5.66338
6.68506
6.69541
8.00048
7.07602
6.25881
6.7498
6.84299
7.80839
7.23251
8.25863
7.79069
6.88854
8.62045
8.64814
8.83062
8.31712
10.0752
7.06459
13.0706
12.141
4.98881
4.6601
7.50647
5.36676
14.5329
4.41363
252.036
251.877
173.425
151.001
130.733
160.034
97.2302
122.797
166.778
170.902
155.337
136.4
82.7293
117.877
75.5309
103.723
73.2057
79.7697
91.0199
167.868
199.667
210.746
175.519
191.395
160.669
163.8
108.622
134.936
194.144
17.1992
219.093
105.768
239.735
239.596
234.785
242.003
253.989
252.612
216.521
242.843
212.793
92.3352
193.368
193.086
103.711
41.5868
74.5694
97.1103
135.713
128.656
147.528
170.36
110.526
116.581
134.285
111.365
138.531
140.874
125.071
125.48
81.3129
86.0778
91.3211
68.3825
76.7529
105.858
116.96
96.8104
118.126
82.396
80.3833
159.361
122.52
105.007
65.7157
112.489
81.1248
82.9587
111.197
107.966
87.7936
97.742
144.309
104.887
96.3189
124.393
136.657
130.734
183.713
157.324
116.219
87.7346
99.9416
257.43
251.495
242.673
5.20851
7.47376
12.9181
9.9543
10.6062
10.8006
11.3517
11.2315
11.6241
6.53937
9.0765
7.89997
8.81463
6.40752
6.85943
5.89258
8.06737
8.16012
8.17008
6.01787
11.1962
11.3205
10.1929
11.3212
11.8045
9.72101
11.0749
9.49366
7.68629
7.2547
7.5324
6.28319
6.74586
6.43848
5.86524
5.96771
6.13962
5.95023
6.34561
5.68824
5.84896
5.7595
6.1308
5.68357
5.23784
4.64362
3.18998
3.06666
2.76552
2.43521
3.70587
3.88533
5.55464
5.4248
5.9783
5.97808
6.27533
6.22612
6.29733
6.52182
7.33124
6.44511
5.86755
6.21614
6.50901
8.31206
9.10571
7.74035
8.41815
7.26826
7.11366
8.45425
10.5262
8.70176
9.1248
9.55074
9.41719
7.81319
5.5858
6.22113
11.9889
10.1071
17.5138
9.22369
13.9653
10.9461
8.16056
10.6734
13.0835
11.688
4.50669
6.49816
17.4784
14.7468
19.6061
17.5491
242.529
242.8
170.137
133.565
106.713
91.3176
83.9052
119.136
170.759
167.945
119.669
118.646
75.7236
73.9301
71.1768
125.147
77.158
94.0853
82.9218
130.912
188.256
196.337
163.074
174.717
158.139
160.028
35.064
133.983
171.746
190.521
213.369
129.691
204.803
223.114
199.253
226.664
216.756
240.054
193.892
119.967
160.458
79.9788
117.724
118.5
103.804
41.075
52.0316
74.836
179.088
130.238
151.572
161.982
119.79
125.857
114.321
97.448
128.971
131.966
103.001
85.2153
72.2081
85.0613
71.0874
56.5001
68.1351
72.2945
82.0943
78.9843
96.7257
75.4254
67.9827
42.8479
103.928
113.101
63.3016
93.3179
74.9128
73.2018
85.3928
106.403
73.6508
66.2013
116.461
126.512
75.0035
90.0158
105.807
159.34
120.596
152.388
155.19
92.1534
106.533
139.168
255.789
244.283
19.5169
7.82319
22.3279
11.945
12.3208
11.3893
17.2055
10.605
15.6448
7.98745
8.87809
7.57187
12.7802
9.57031
9.97392
7.61579
9.60272
7.99184
11.3443
10.2201
13.5835
10.7443
9.60097
11.5462
11.3805
10.4899
12.2049
10.797
8.02562
7.79046
7.75822
7.57415
6.91106
6.71523
6.67308
6.57092
6.31297
6.53665
6.45544
6.18583
6.64225
5.96155
6.04273
5.98429
5.48244
4.87526
3.1978
3.12447
2.87441
2.55542
4.1841
4.50086
6.43892
6.04481
7.05714
6.85868
6.87502
6.76921
6.36014
6.90364
7.5726
6.27244
8.63195
7.55787
6.20115
8.76277
10.6113
8.57664
9.40354
9.09259
10.0492
6.84745
11.149
11.8636
12.6641
11.2675
9.71565
12.1844
6.06078
5.43507
17.4309
15.2049
15.8918
13.3756
7.56696
7.66421
9.99644
12.6768
23.2097
16.3649
15.9511
8.89246
8.51414
22.4555
31.8143
28.8602
123.218
219.057
105.282
100.141
107.487
104.204
90.748
78.9977
92.8725
120.326
81.0917
67.2361
58.1474
44.3864
76.3412
101.502
56.402
56.5698
82.9438
59.276
148.357
145.262
108.838
144.48
169.482
148.742
85.6759
77.1325
136.16
149.016
93.4624
99.6706
21.2823
182.44
163.276
77.2281
93.3655
138.994
63.0818
119.824
79.0659
77.3342
57.1074
35.9266
45.2187
60.53
48.2388
28.045
113.533
118.218
138.824
146.894
93.6211
134.248
82.8656
66.6285
72.2167
119.625
80.8486
55.5005
55.3785
62.4435
52.733
53.9754
99.0476
72.7792
74.0579
60.5145
111.532
65.6477
68.8262
69.2354
79.8006
62.908
72.3329
73.179
74.8271
76.3896
61.3664
88.2632
67.4341
39.4818
70.9467
75.4081
104.724
98.1145
92.2109
109.039
85.4216
84.743
109.293
136.718
77.9091
101.144
21.0437
28.0938
28.9981
24.5977
29.8803
27.3954
12.1598
16.4642
35.8335
11.0374
13.4736
12.3752
7.98555
9.1803
9.73274
13.8579
14.2655
13.1115
15.1072
11.2919
7.24537
8.55995
14.0247
14.0114
13.7835
12.0999
11.5915
11.1017
10.5938
11.9957
8.37704
8.67485
8.83253
8.65792
7.45821
6.22818
7.76097
7.24589
7.60032
7.33409
7.20373
7.0472
7.6308
6.82829
6.28583
6.46756
5.916
5.13342
3.13757
3.1675
3.01263
2.68671
4.81216
5.3608
7.29818
6.68385
7.99667
7.60153
7.43933
7.22253
7.4021
7.05848
8.49305
7.1446
8.41496
7.54417
8.53319
9.91065
6.66085
8.13278
10.8346
11.8553
14.5546
9.23691
12.0958
12.6167
12.6135
15.8959
12.1913
14.1218
5.52201
5.26211
18.0043
18.8853
19.4938
18.382
8.57626
9.27697
22.9997
23.5272
24.9384
27.282
40.8687
31.321
47.8331
21.9943
51.5026
44.0229
101.85
123.021
71.7502
80.255
73.7425
76.9176
65.8391
71.4792
57.9165
87.5044
60.8809
58.2664
38.5517
97.1507
78.4458
94.0574
74.1252
112.006
75.4934
32.7676
137.56
77.3107
57.0843
109.463
96.9871
92.5662
96.1754
64.391
89.9821
58.5602
64.9052
60.4585
16.2308
73.9736
116.148
117.587
36.0788
32.3775
87.6641
73.1652
58.5235
41.7763
47.6181
65.5622
47.8058
116.834
54.2691
26.3336
97.1688
116.703
79.502
64.9657
72.0679
77.2924
60.6482
40.3753
40.7417
33.6048
50.6894
57.6571
33.0861
43.9169
40.0152
36.3238
88.0407
71.0207
65.8135
66.2813
55.2712
77.5179
42.6732
35.3111
60.8725
62.6167
50.2756
63.2353
60.2114
78.3748
54.8474
67.4187
42.8799
33.4939
48.6206
44.548
69.3708
79.2084
59.7453
64.5877
42.7981
56.6114
71.5648
87.2131
53.9184
103.725
158.595
143.539
53.7008
46.3748
51.0406
40.5914
24.8369
6.48188
42.7057
32.2348
22.602
8.16598
5.96844
7.71114
13.9128
13.5498
14.0069
13.2358
20.3412
17.9222
12.0781
10.352
19.5597
16.6218
14.8791
17.2432
11.5583
11.0369
12.4117
12.032
10.6223
9.85717
8.89761
11.2421
8.16291
8.33049
9.06919
9.10102
9.34485
8.48129
7.64934
7.72712
7.79587
7.97223
6.49996
6.5725
6.44339
5.47318
3.17074
3.18934
3.17574
2.79843
5.23842
6.26141
7.89596
7.68084
8.92155
8.49523
10.0351
8.9112
8.32659
12.0732
8.43047
8.72759
7.64964
9.26937
9.09833
7.20512
9.24626
9.63355
11.6555
11.2761
9.88038
9.16461
12.8751
15.5881
12.6613
9.40212
21.1012
13.6165
6.30653
3.91739
18.2192
20.2836
37.202
29.4124
8.08089
14.6883
30.7039
43.9533
35.0728
35.1494
49.2411
58.9342
73.0801
65.7523
61.7586
87.1318
88.4711
14.3912
74.9956
79.4713
49.561
37.4835
46.3156
46.9102
55.2108
67.3498
48.2667
48.5838
43.04
48.8233
68.7599
78.0291
44.5827
94.1321
62.5534
39.2091
43.6986
65.8471
59.638
99.9231
86.5858
81.0542
97.74
70.185
75.9413
50.6536
60.7459
76.4831
19.2319
57.7424
102.693
47.3511
90.6228
37.5895
67.1311
74.8919
24.2394
41.8029
55.0036
48.9741
99.0508
114.639
70.8886
38.5139
75.1402
88.8461
91.7138
60.8965
59.4976
49.2927
42.9284
37.3575
37.2132
25.7768
41.7939
47.6668
23.1765
22.0555
36.012
61.9667
79.8504
66.3799
74.9359
60.0254
50.7248
53.9703
55.4555
27.3301
61.7277
54.6473
40.6635
77.9741
51.8568
56.8974
43.8298
43.4704
38.0127
27.144
45.0994
36.1316
49.1707
64.0036
47.1916
45.1555
34.8576
32.1784
73.4642
76.7391
64.5823
65.1032
73.0837
110.016
80.8037
74.413
64.232
58.3058
19.4536
17.1557
48.9017
17.0112
20.8478
20.0279
20.5562
12.696
19.1155
13.3915
12.698
13.0367
25.9731
18.3479
13.9114
9.99128
22.1051
18.3599
20.252
18.2917
15.8383
18.408
12.6418
14.2168
12.159
12.1012
12.4453
10.8318
9.89582
9.46955
11.1935
10.508
10.5663
10.0095
9.28826
8.24577
10.0755
9.01541
7.6182
7.00235
6.94534
5.64216
3.19104
3.19888
3.42508
2.97134
5.66678
7.16404
9.54479
9.65689
11.2413
10.0245
12.1865
10.975
12.7145
14.9104
9.87761
8.48354
15.5071
10.9307
9.12978
8.32246
13.2614
9.48195
12.3043
11.2248
9.55152
10.9321
18.9837
19.402
14.6848
13.6309
23.8255
34.3889
17.653
11.7096
13.7508
17.2851
14.3704
32.3032
27.9125
30.2906
32.2038
42.0376
37.7637
51.9984
67.1902
66.6069
62.5572
39.3926
31.6981
52.8929
66.4939
16.1171
86.6188
84.9201
43.1401
35.6931
43.3058
44.1378
43.7135
62.8075
45.1912
55.205
42.0516
46.8842
58.0097
71.0653
53.2549
93.2366
35.4771
44.0361
43.0575
33.167
59.1766
96.1935
86.3655
78.9277
98.0262
69.5179
51.7846
44.7209
60.6282
85.9868
21.4482
57.6439
90.844
100.383
80.6851
43.1024
69.3901
38.7055
11.5916
14.1194
56.984
44.1806
100.476
117.884
76.5085
46.5753
72.0597
88.2324
94.4565
59.7101
57.147
45.3438
42.9
29.4403
31.1939
20.5938
39.4519
35.9121
21.937
20.6537
34.3107
35.7356
81.9022
70.7628
63.2265
60.9211
33.7556
55.0961
46.1584
32.7067
49.2741
53.7671
39.9882
57.3664
49.6464
47.5959
47.7194
39.8726
28.4769
29.1804
38.6693
33.3822
46.7694
58.0061
41.9602
43.7003
30.6878
35.9861
50.6631
76.8441
91.4204
74.7061
37.5798
34.161
96.6102
78.3721
89.5417
73.6673
38.9913
41.8646
44.0174
16.7975
12.7113
17.6772
33.2637
22.8757
20.3985
13.5386
15.6762
24.6567
16.1362
16.4581
17.6601
21.0425
22.5042
14.2177
22.6445
18.3237
22.8357
21.5748
16.8648
15.1815
13.0344
13.7478
11.9166
12.8045
11.7615
11.0719
12.4572
11.5217
11.651
10.0146
10.8392
10.4866
10.6024
10.4731
8.55494
8.19993
7.29914
5.91136
3.16146
3.19661
3.75337
3.20176
6.32345
8.21969
10.7299
11.157
12.5673
12.2522
13.6552
12.9711
17.8649
14.2381
9.89033
10.6392
16.8938
15.3487
17.2946
13.4826
19.3785
17.7823
20.9519
22.6193
20.002
19.7643
19.7814
19.4291
15.6728
19.3991
26.2423
25.2439
24.5304
17.6063
16.5092
15.0485
20.2349
25.0628
24.8003
20.2961
35.4087
45.2497
41.7725
48.9405
67.3892
72.776
51.8571
24.8135
80.3515
39.2843
92.8607
31.7871
74.1198
75.4723
49.1114
49.0401
43.9706
37.5572
47.1169
69.8245
42.1586
50.4966
74.5149
57.4026
53.4861
67.5665
55.2716
91.9337
35.7492
23.9585
43.9212
36.1533
59.3336
93.9449
83.7293
75.7427
98.7838
68.0636
44.7909
32.1573
57.7484
62.5034
20.6368
55.6983
68.6262
42.2334
50.5899
41.3834
68.467
34.9611
15.3072
18.3197
42.3963
50.4445
50.0944
106.664
65.6916
46.0448
71.4278
88.7207
73.822
93.8227
50.5595
47.3514
34.109
32.5146
31.5973
20.4207
26.362
31.6927
24.4469
19.9539
28.1543
38.487
81.4806
72.8531
43.4067
40.6687
62.4666
56.0934
38.894
30.0244
47.0781
45.0591
44.7075
54.2743
53.0508
48.5522
36.7859
45.6629
25.9815
26.5332
34.2633
30.9372
39.8642
47.135
34.6491
36.8862
32.6576
34.0939
41.473
63.1835
65.8395
65.8401
40.1094
29.5731
101.366
94.1222
36.9337
73.5089
12.7116
28.261
11.1991
27.8051
18.1053
18.2857
28.2865
31.114
15.6727
16.0377
26.1558
16.0005
14.7147
18.6845
16.4497
17.079
19.5853
22.3423
25.9655
18.4666
16.5978
15.8693
19.7614
15.6319
15.5883
14.6005
13.1048
12.0574
13.8312
12.1715
14.0107
13.251
13.2198
12.381
12.4627
12.7499
12.3368
11.1186
9.85383
9.38125
8.33526
6.34943
3.09029
3.12664
4.07193
3.4074
6.15436
7.86527
9.29214
11.3764
12.1884
13.2282
11.5263
11.4284
15.1408
15.1947
15.1085
13.5957
14.7216
20.831
25.3806
24.6045
22.5196
26.5807
15.1651
18.3668
19.0084
17.6948
21.6452
10.3336
14.9952
18.5778
18.1675
32.3203
18.1316
21.4432
23.0708
12.5617
33.4458
37.1087
15.275
7.08527
37.8496
41.7934
54.6521
48.9212
50.5928
52.8001
38.2064
43.0031
61.4976
79.8219
91.5181
44.451
72.2963
68.6504
35.8289
42.1432
33.2402
34.3444
42.1038
40.6413
42.1225
43.9954
39.5419
63.328
51.4446
65.0167
50.2664
101.243
36.3058
23.4632
43.7689
34.6918
59.5118
90.0631
61.9953
69.0609
49.9935
66.5621
36.8827
30.3743
52.2033
56.7935
20.0562
47.543
71.2671
53.8191
54.6672
60.8394
63.4529
36.2593
17.469
11.5483
50.6349
38.7184
52.8701
61.6024
58.5255
48.4943
65.978
87.4037
41.7396
67.867
47.3356
36.2358
24.2352
22.4853
28.8448
18.407
20.7307
22.9273
28.1896
20.4001
18.2903
24.8567
75.9254
66.7257
36.8328
22.5527
61.7664
49.0861
33.4628
24.7931
46.938
41.3918
32.5447
48.2484
53.9061
43.0482
30.6408
33.2097
22.7977
27.0659
30.8936
26.8078
34.3542
36.0701
38.7837
28.4179
32.9658
34.7088
37.3202
45.6934
63.8196
44.8961
47.4043
27.0587
12.864
24.8955
38.2285
15.6938
44.5149
52.8559
27.3459
6.32019
18.7301
20.3093
27.9221
29.8314
21.4389
15.073
14.436
18.218
31.0685
26.9236
20.4093
21.6705
21.242
20.9827
17.9416
19.8821
16.572
16.3263
15.3173
18.6011
18.6218
17.8894
13.0452
15.2275
13.2449
12.6553
13.7821
13.1082
13.4234
14.1749
12.7639
12.9478
11.7201
11.7191
9.8377
10.7202
7.95533
6.45156
2.92663
2.95684
4.4911
3.66952
5.93013
6.71546
8.60681
9.22391
11.2301
11.496
9.64199
9.12666
12.898
14.7965
12.4175
15.8245
14.4803
18.874
18.96
19.3408
20.672
28.2996
19.884
20.8826
19.9898
10.5915
12.572
9.55664
20.4092
20.2128
18.362
30.5011
12.4147
19.0978
18.969
9.10994
34.7509
40.4644
10.7048
22.5439
16.4189
38.9604
26.2524
35.5683
14.7495
42.2768
22.7332
54.6886
23.1617
26.4087
82.6554
70.2272
60.8432
50.9731
24.5417
26.044
32.7816
32.9846
34.4717
33.5659
36.9158
41.6763
36.4442
41.0035
44.8824
64.2243
36.2443
48.3645
30.3418
16.0942
46.2679
45.1032
61.4051
66.1036
61.5104
30.6539
46.1509
29.7448
37.9072
23.5829
46.4976
54.214
30.7965
42.2237
62.6445
53.1184
38.6889
49.7582
43.3214
36.7299
21.3655
29.4014
36.732
45.8449
51.275
61.0051
52.827
43.1634
63.817
74.4785
20.4957
56.7793
50.6201
39.9518
21.7251
18.8722
22.862
16.7685
18.9461
16.9946
19.93
23.391
17.616
24.1716
65.2338
52.8047
34.7733
26.1441
30.7877
46.1579
50.9505
24.1846
45.5252
41.5073
23.7683
39.4555
46.1546
40.9395
29.3318
25.8895
21.6106
20.79
21.0421
26.8154
35.5126
31.6141
27.1371
28.9455
24.5961
32.6615
26.97
31.8347
29.1749
42.6128
37.1048
36.1294
18.6515
20.2389
37.9268
42.3662
27.6731
24.2166
22.1534
18.6264
21.0834
26.3424
26.6973
28.7994
22.6449
21.0444
15.2074
14.6943
15.9236
21.8444
18.5333
22.4101
20.0176
24.109
11.7353
11.8959
15.5205
13.5017
12.3678
15.5056
15.1207
17.7537
12.5137
14.164
13.2537
13.8529
11.3805
12.0612
10.6267
12.4564
10.1774
10.7109
9.96858
9.84295
7.96433
8.73186
6.30729
5.75181
2.68431
2.75026
5.01542
3.89745
5.57856
6.10003
7.88159
8.4061
9.64271
11.0037
9.10152
9.39659
10.5641
10.1856
12.6359
13.8166
18.1818
16.1451
11.7113
14.7162
18.4814
23.1763
14.0916
15.0832
14.6925
6.49701
9.83252
9.88537
26.4292
22.2173
12.8782
20.0796
18.6738
20.5239
18.8767
25.1893
19.286
13.7252
9.36299
22.1144
20.2046
20.031
13.8267
18.3973
11.6802
18.3
35.4358
27.8157
15.7449
10.0284
41.5108
33.5876
26.2846
29.4913
29.3877
30.8666
27.7843
30.0011
29.3872
28.1062
28.2108
31.572
34.0269
36.8145
26.9644
53.9656
35.8538
43.5388
23.6038
12.2667
20.0326
11.9745
49.2043
40.5382
39.1967
25.5809
45.7701
28.7829
39.4088
22.4365
42.2152
52.4524
27.9591
48.388
29.7929
46.5023
35.689
49.4794
35.4196
47.7644
17.1969
33.373
33.4105
32.972
48.5421
44.3239
45.1264
35.6686
55.357
50.9094
32.1808
38.6183
34.6362
37.0796
14.1289
16.9738
20.4038
16.9333
15.3789
14.4486
20.5106
17.2038
21.7175
24.0787
32.1858
32.0192
30.338
25.5012
28.0409
44.0603
51.0953
32.8464
41.1321
42.7025
28.9898
32.3648
35.9854
31.746
28.8486
23.7876
17.5975
18.7409
20.2318
21.9628
24.1413
26.1632
25.7072
22.5201
18.8985
18.4442
18.7032
24.4079
18.7166
27.6151
31.9712
33.658
38.3591
48.8282
46.9567
41.3336
18.3863
14.9398
17.7612
18.631
12.9845
24.2198
10.1413
18.7568
15.8295
10.3484
14.1498
14.99
11.6781
16.8583
12.756
14.4299
16.8967
16.9735
13.2532
11.2937
11.1199
9.1314
10.9446
11.3064
12.1677
11.8964
9.82584
11.4626
9.74076
10.8595
8.92235
9.0816
8.52974
9.5129
8.00349
8.00271
7.40625
7.7194
6.173
6.5647
4.75266
4.61663
2.26016
2.25078
5.67024
4.17671
5.74029
6.1105
6.91457
8.23405
7.91364
8.72627
10.2943
10.7429
9.99428
10.9964
10.5233
13.2904
14.325
15.4749
15.0577
19.1328
20.145
16.4074
17.8476
21.6673
9.6611
12.0214
12.6377
9.96544
20.1856
19.5535
15.314
25.8558
16.1868
23.97
12.9287
18.8867
14.092
20.2369
13.3026
11.7393
27.4445
24.2573
24.2906
24.282
25.2469
28.4575
30.7968
34.7251
9.10261
8.80525
31.1562
27.1778
21.4676
21.8487
23.9346
28.2118
19.7352
23.4851
23.8183
19.8777
24.5557
30.4326
29.9955
29.6141
28.4592
37.3002
31.4987
37.3023
29.902
11.3279
19.2855
9.31414
49.2102
40.4957
25.0204
16.8202
42.8503
28.5152
39.5415
21.0958
21.6415
55.5315
26.9961
27.2193
33.3631
26.2839
19.4567
42.0357
30.6208
19.716
16.5066
20.67
32.5633
28.0941
49.0577
34.4749
42.8764
20.3878
41.5586
46.8484
34.5063
55.2316
28.7169
23.8996
15.3142
13.6817
17.9289
23.3816
17.1224
14.876
19.5341
15.7946
20.1834
21.7389
34.0665
34.8742
27.1412
22.5449
34.0405
46.0939
47.6249
32.3812
40.5415
38.7504
19.7441
31.1958
19.0231
23.5433
17.4372
22.2685
14.8226
15.8151
16.7679
20.3178
19.7498
21.1551
18.8697
19.3939
14.1814
15.1959
12.2961
18.9096
17.5157
19.3738
11.9107
21.0277
17.1084
15.7099
18.5281
26.5492
10.2019
16.8353
13.249
18.9208
14.8976
13.5042
14.9289
10.8881
10.2936
6.64271
10.5206
15.9641
11.059
12.8368
10.4863
12.7074
12.0892
10.5547
9.97849
9.35147
7.9578
9.17697
7.90661
8.87803
9.12541
9.10371
8.92321
9.66078
7.63316
8.07068
7.30603
7.39811
6.52642
6.70758
6.051
6.22028
5.57843
5.71167
4.95466
5.0619
3.73911
3.60675
2.15179
2.13854
6.53099
4.46532
5.66504
5.98537
6.90646
6.99301
7.43047
7.77164
9.73392
9.19749
9.38507
9.72484
8.30695
8.54275
8.23567
10.4919
11.1956
14.8641
11.5984
12.0244
18.146
17.6623
13.1071
11.7689
11.0485
15.1885
19.9
19.6843
16.2365
19.8251
21.507
24.0242
18.9391
17.5355
21.8658
20.0363
15.124
19.4892
12.1405
22.4253
11.5658
17.9701
8.35947
13.3951
22.3981
22.0855
13.1595
15.8246
18.0767
20.5457
18.908
19.7668
19.6917
21.6711
18.288
22.2395
18.0956
16.6329
22.106
19.3506
21.1808
27.3078
27.3655
31.9693
26.9396
27.2812
29.6103
12.8567
18.3102
9.72029
48.1797
48.7581
23.4476
13.0486
26.7718
27.2612
27.486
19.9806
18.178
30.9866
17.4998
26.6232
13.4939
23.3478
19.7663
25.3827
26.4743
11.9838
18.1026
17.001
32.962
39.1888
41.4145
31.941
44.3191
20.2218
33.1751
38.0587
26.4961
45.4271
26.7963
17.8043
11.6146
13.5744
20.0253
29.5887
15.9714
17.9517
17.7335
13.8836
19.6747
22.6235
26.917
27.9857
26.0603
21.0943
40.3432
43.3184
19.3548
30.7255
37.1312
37.0559
14.8296
16.2088
21.7864
17.2416
16.5973
20.6056
13.2316
10.6168
15.5982
19.3528
14.5234
16.0687
13.9701
15.4052
11.0306
10.889
9.03628
9.39991
9.61851
10.8633
7.848
10.5274
9.17733
9.91143
11.5117
14.6913
7.03387
10.9155
9.11752
9.88569
9.34472
11.7848
10.2743
9.21379
7.36485
8.16092
8.45232
8.21829
8.37137
8.00158
7.71224
9.44193
7.83572
7.27854
6.16959
7.47995
6.53608
7.2919
6.4246
6.95236
6.379
7.02291
6.58387
6.90877
6.21006
6.32596
5.4122
5.70347
5.12168
5.54478
4.83784
4.96304
4.41454
4.59355
3.96966
4.06632
3.03494
2.95327
1.84093
1.81285
7.51331
4.73876
5.2887
5.64272
6.15365
6.55271
6.75033
7.10432
7.23246
7.73547
8.37498
9.15898
7.13457
8.26421
8.60347
8.74781
11.3908
11.9962
11.2834
13.1611
8.42302
9.7279
10.3039
7.29151
16.0651
15.2353
12.121
13.7754
14.4155
17.2606
12.2766
12.085
15.6174
10.5361
11.1241
14.8648
9.61801
7.02515
12.3712
10.2669
14.5561
15.0915
13.0843
21.1477
15.0821
8.169
14.0922
11.2479
14.7715
14.42
12.7828
13.4277
15.9802
14.2903
15.0621
18.9428
19.2031
15.97
19.0646
17.9613
16.4351
17.678
24.5516
30.2146
22.1772
23.5853
7.37977
9.7849
18.4429
9.79408
17.4843
28.1744
26.3185
26.2937
32.0827
24.4082
20.34
14.1609
12.853
22.8113
9.27472
7.44711
8.72665
17.6673
13.5716
18.3555
21.1461
11.6403
26.6085
18.8972
22.6918
35.727
39.4472
32.4315
44.4345
20.6729
31.3434
24.2814
31.8761
49.7854
25.4247
16.2168
10.6041
14.4332
15.5138
20.7239
13.862
12.6691
16.9651
13.5129
13.0797
25.9677
23.5114
27.0847
28.8294
22.9312
45.3312
39.797
33.69
28.7288
25.2187
26.1838
11.6784
11.8232
17.309
12.8693
16.1975
17.0656
11.5071
10.0223
13.2093
14.4414
11.1654
12.174
11.8111
11.122
8.22145
9.19857
6.73962
7.26812
5.49967
6.69531
5.40082
5.86623
6.14139
6.82194
6.56924
8.22331
6.47387
7.198
6.86833
7.21511
6.72297
7.95947
6.90373
5.52246
5.83598
6.62986
6.77298
6.55794
6.01822
6.22165
5.70829
7.11969
6.25677
5.8692
5.57111
5.86583
5.53595
5.63593
5.20758
5.39358
5.09297
5.49382
4.98378
5.28952
4.76854
5.05402
4.50422
4.7023
4.13204
4.41579
3.96533
4.18779
3.59939
3.73899
3.27879
3.29043
2.54113
2.47467
1.79347
1.74825
8.42121
5.06666
5.16527
5.49359
5.88283
5.9592
6.20176
6.57795
6.49574
7.32873
6.44967
6.77951
8.05829
7.42617
8.41296
7.27625
6.19772
6.43995
7.70271
7.68887
8.30247
8.435
8.1215
12.2703
14.8667
13.5445
12.0059
11.921
8.15327
11.5531
8.99999
9.38453
9.07781
14.6267
10.8029
9.78454
10.6399
10.083
11.8695
10.9655
10.9987
13.7975
15.1462
10.2415
11.676
8.14705
8.19266
13.6399
12.9275
13.0919
12.9433
12.5967
12.563
11.422
11.9099
14.6281
14.194
15.0118
16.1852
12.5027
13.181
15.7684
13.1593
20.635
21.6397
22.6108
8.19134
9.76371
11.6782
11.8122
9.24848
20.4816
11.9331
32.3891
13.0437
31.6212
19.696
11.4378
11.4506
25.2357
15.3451
7.74171
8.29891
15.7957
11.4507
17.0485
13.7985
3.48288
22.8825
15.03
27.7258
23.0574
30.7487
30.3821
44.6899
21.9573
28.5351
23.8439
34.7423
46.9617
21.4217
13.6306
8.33073
11.5167
9.79245
11.6978
11.7379
13.1143
14.7049
11.7344
11.1274
19.3378
28.4868
27.0974
28.3171
25.5617
49.7239
44.8244
23.0851
26.6415
20.022
21.6896
10.9861
9.06676
16.1322
11.5537
14.5653
11.7449
8.55937
8.0832
9.33496
12.0506
8.44338
9.72302
8.44439
8.97482
6.99093
7.12394
5.20868
5.73396
4.44156
4.59601
3.84452
4.13813
5.0047
5.2635
4.84986
5.20031
4.72607
5.14736
4.87707
5.6617
5.1635
5.39251
4.86376
4.95643
4.73404
5.08938
5.06814
5.17052
4.88034
5.31559
4.37561
4.825
5.18616
5.10502
4.49084
4.81298
4.47118
4.62601
4.23775
4.45163
4.17557
4.39003
4.26497
4.08557
3.93012
4.02796
3.76246
3.83217
3.44956
3.57141
3.28723
3.41957
3.03891
3.09337
2.74285
2.78143
2.23129
2.17441
1.68966
1.65335
8.68325
5.26521
5.26662
5.27429
5.40193
5.87188
6.20072
6.10244
6.4922
6.21711
6.85381
7.95962
6.36948
7.9859
7.20626
8.33734
7.62803
7.27306
7.54771
9.23152
10.5909
8.06011
9.47159
8.5434
8.71422
8.9179
6.50263
7.08427
8.04312
7.76241
9.2152
9.30334
10.2487
8.84069
10.6999
10.4896
11.522
10.5801
9.25188
9.93347
13.6967
14.4019
11.4436
12.4972
12.1856
10.0329
12.6212
14.3707
8.36723
10.0784
9.15295
9.94165
11.1479
11.1877
10.1699
13.7471
10.612
11.9374
13.8322
10.1845
12.6925
13.0109
10.9412
13.6897
17.6536
15.6941
8.50868
7.97538
10.8293
9.62738
15.3926
31.7499
5.08023
25.4961
7.92668
16.0943
19.575
11.2209
7.4945
15.9647
16.9492
8.96744
11.3085
10.6653
8.90025
15.8247
13.0962
4.92272
8.69982
10.8768
24.3832
33.7342
27.3067
22.4649
38.9675
19.6052
26.8607
27.7203
33.3767
45.697
19.4969
14.201
8.32187
9.62242
9.10947
9.9564
11.3823
10.8599
14.8952
10.9539
10.2929
15.9143
21.8396
22.2323
22.1068
22.6455
53.7328
42.6676
16.8679
23.4394
16.0151
24.3413
9.1786
6.45966
12.1169
9.50655
11.2795
10.0487
7.97358
7.12329
7.43802
9.90613
7.92683
7.84811
7.22844
7.39725
6.20421
5.74302
4.93323
4.7301
3.85006
4.05613
3.25223
3.39234
3.71219
4.08654
3.85212
3.86672
3.90076
4.07484
4.00963
4.17072
3.92221
4.24066
3.96745
4.09475
3.94545
4.14474
4.04048
4.17659
4.10043
4.26459
3.86483
4.06253
3.9459
4.29289
3.85493
3.9752
3.71257
3.95896
3.59863
3.67732
3.41597
3.82068
3.42352
3.54394
3.18145
3.41862
3.09924
3.2362
2.99041
3.05699
2.76576
2.90813
2.62652
2.65689
2.40505
2.39892
2.05455
1.99062
1.68082
1.64391
8.5016
8.51729
5.03019
5.14156
5.33092
5.3981
5.47377
5.96374
6.1517
6.40346
6.28706
6.40038
7.38391
6.69362
8.16774
7.93087
7.62166
7.46355
8.09959
8.59197
7.65192
8.24491
6.59535
8.0066
7.2328
6.92791
8.06444
8.04644
6.63981
9.27658
9.71756
9.66032
8.67628
11.7806
10.2956
10.0334
9.00854
12.27
10.9497
12.5487
9.25099
11.0949
8.16243
9.43082
8.49646
10.1002
7.71701
8.24787
7.29654
8.98987
8.02467
8.26148
10.3916
9.50536
9.70697
11.7169
9.94723
11.6338
12.317
9.3439
9.46436
9.80964
8.83574
10.6853
11.3659
10.696
12.3939
9.1104
18.7611
10.2865
21.9814
29.7681
5.03103
15.4192
9.09267
10.2064
20.1914
12.1866
6.79388
8.31631
17.0385
8.59315
6.38667
8.31226
6.37265
15.4357
15.0934
4.99257
6.41442
5.65976
21.3387
26.3159
24.6908
23.8712
53.5461
19.3186
28.682
15.1553
34.6188
42.6368
15.0023
12.839
8.15361
9.31239
7.73646
9.04123
10.5376
11.7253
12.6881
10.1152
18.8917
15.5393
21.0152
22.0086
12.9275
21.6092
47.3348
42.189
9.24194
9.78822
15.6147
20.4339
10.0481
6.2692
9.2565
8.30762
7.68322
8.38741
6.72779
6.99396
6.08236
7.88304
7.04581
7.04176
6.15357
6.33857
5.55256
5.16523
4.44504
4.315
3.50702
3.5661
2.94802
2.96514
3.09168
3.40694
3.13476
3.31364
3.11624
3.41131
3.25474
3.49538
3.2322
3.49105
3.33765
3.54595
3.32487
3.41756
3.37135
3.46461
3.38521
3.4604
3.24333
3.44943
3.38329
3.5655
3.31734
3.47904
3.10149
3.29786
3.04431
3.17332
3.00835
3.05519
2.8614
3.03812
2.79231
2.91809
2.69013
2.77301
2.62478
2.70462
2.48917
2.53316
2.36419
2.39583
2.17086
2.18424
1.92852
1.87488
1.64992
1.64408
8.0388
8.52281
4.91381
5.12651
5.0267
5.08653
4.96206
5.54909
5.83132
5.63674
6.13169
6.73441
5.90581
6.22794
5.54008
7.38273
6.09913
7.85028
6.72175
7.72561
6.88658
6.62057
7.01135
7.62259
6.29675
6.93308
6.13694
6.05036
6.66682
7.46436
6.55899
7.69168
8.10071
7.02832
7.82954
8.02457
8.69068
9.42051
9.34575
11.5243
8.55637
7.69455
7.68863
8.29959
7.64114
7.15873
6.80501
6.49589
7.33001
7.81925
7.44956
8.39648
9.28179
8.36648
8.633
9.19001
9.43185
10.5939
9.26913
9.26844
8.42626
8.71009
6.89974
10.6357
11.2562
11.2193
9.47524
9.94121
8.50173
8.97617
23.7085
26.9197
7.0685
17.3521
17.1535
9.33406
13.5143
9.86858
7.29144
9.3379
8.57692
7.53584
6.52292
5.52061
4.18303
9.6626
11.5303
5.43378
5.86178
4.05919
19.2492
21.7237
23.0841
27.1662
49.0249
20.9274
32.1018
18.1534
22.0029
22.921
11.8154
11.3962
16.5392
8.94718
11.0948
8.57257
9.30955
8.31982
10.17
9.98893
11.0901
13.9569
19.6491
18.9501
17.9525
25.6075
45.1845
43.7056
15.8299
5.81359
9.34346
17.5266
10.3493
6.99948
6.98948
7.11748
7.44731
7.36746
6.63214
6.32533
5.54717
6.75639
6.31802
6.43912
5.4305
5.71186
5.00352
5.16271
4.01963
4.03013
3.1284
3.27358
2.7284
2.66404
2.65947
2.87693
2.69311
2.83521
2.73709
2.8486
2.72822
2.82816
2.74328
3.03654
2.83124
2.99839
2.81689
3.10368
2.88792
2.96049
2.77815
3.00538
2.92557
2.94284
2.87375
2.98035
2.85291
3.0209
2.86679
2.79646
2.62789
2.7972
2.6089
2.71476
2.58294
2.69486
2.51388
2.57693
2.42288
2.4837
2.35109
2.3876
2.26086
2.29823
2.18035
2.17188
2.01608
2.02054
1.83703
1.80151
1.64708
1.63041
7.81878
8.04861
4.6521
4.85828
4.55233
4.80869
4.77567
5.5155
5.63372
5.49179
4.86862
5.02551
5.39132
5.6196
5.73265
6.46577
6.48215
7.19266
6.38583
6.50585
5.62645
6.08652
7.62243
6.08594
5.31567
6.38759
7.30474
6.77762
6.1014
5.20776
7.09953
7.43859
8.4357
7.90375
7.07733
7.90303
8.13901
8.00669
6.61383
8.75604
7.90482
8.2832
9.29714
8.66103
8.15073
6.86951
7.04524
6.03752
8.00058
7.74986
7.6569
8.27889
8.51556
7.9568
8.05935
8.5022
8.5821
9.50835
7.779
7.7273
7.56922
7.52913
5.91216
8.44557
9.43268
10.0788
9.08558
6.36212
13.2569
6.47422
24.8668
23.4039
13.2663
21.6368
10.7177
19.5308
14.71
5.48457
5.35151
3.96477
7.7088
6.27193
5.4398
4.45441
3.68681
6.6394
8.58801
7.19282
9.01308
9.02329
19.7115
15.7376
20.6448
25.0523
45.0065
19.2999
36.0623
38.863
16.7192
32.9092
10.5753
9.08201
8.94268
11.6762
7.91419
8.42504
8.5438
8.27838
8.60511
9.00452
8.45096
13.0315
18.7673
19.2186
17.2719
20.937
44.4224
32.6433
14.6132
17.2021
9.40728
13.8136
9.49544
7.07842
5.80062
5.92551
6.46296
6.38416
5.53381
5.6691
4.92739
6.21019
5.9842
5.48373
4.94589
5.24651
4.70847
4.67166
3.73554
3.55649
2.89023
2.95827
2.61277
2.46998
2.3965
2.55124
2.39143
2.46985
2.34032
2.47113
2.41707
2.48127
2.41444
2.57652
2.52979
2.59136
2.57066
2.61357
2.58142
2.66546
2.56364
2.58487
2.56306
2.6502
2.58819
2.58364
2.50569
2.56383
2.46227
2.68894
2.42756
2.41662
2.33974
2.39775
2.32639
2.43888
2.28262
2.32633
2.22574
2.23784
2.14019
2.18608
2.08779
2.11091
2.01698
2.03856
1.90988
1.89619
1.779
1.7488
1.64289
1.63225
7.12012
7.81569
4.73867
4.5804
4.59352
4.74498
4.49166
4.72153
4.57056
4.81371
5.02162
4.76809
4.94743
5.12864
4.99433
5.69736
6.24124
5.63066
4.96199
4.85255
5.12732
5.00857
5.89444
6.64513
6.21262
6.33002
6.33207
6.7857
6.6185
6.118
5.51433
6.19172
6.12864
6.64357
6.41152
6.54203
6.03202
6.883
6.36587
6.98105
7.24963
7.77166
6.41193
6.56753
5.68791
6.44933
6.5962
7.22104
7.05486
6.76792
7.68127
7.8351
7.17927
6.96193
7.19242
7.54442
7.26723
8.36332
7.1211
6.98163
6.56282
6.6356
5.71345
6.63229
7.48689
7.38802
4.56216
8.75703
6.30217
7.96889
13.8824
26.2518
8.30843
10.3286
10.5477
16.0077
15.6722
6.58446
6.31213
2.57954
5.19854
5.50043
3.03499
4.02907
3.29981
6.1093
6.14987
5.35081
6.99079
6.79714
19.2459
16.7434
17.4502
17.4802
42.0549
16.7254
16.2886
19.6999
18.4194
15.937
10.0188
9.89637
6.48688
6.47622
7.72623
8.59336
7.04661
7.90308
8.78409
7.93032
7.48208
12.567
18.8931
17.2183
13.6362
15.0245
38.4976
27.601
10.8858
5.76084
8.56017
8.65765
7.66002
5.07399
6.26913
4.88276
5.10011
5.66916
5.27561
5.54364
4.61464
5.45766
4.92231
5.41033
4.51763
4.49124
4.4001
4.33643
3.57538
3.32385
2.65338
2.68077
2.39571
2.3023
2.17142
2.25534
2.169
2.21523
2.13637
2.1826
2.17011
2.25111
2.17535
2.24462
2.30099
2.38053
2.29414
2.37799
2.28743
2.39627
2.2827
2.39105
2.27107
2.35884
2.36606
2.37526
2.24799
2.32853
2.21844
2.27581
2.18628
2.25319
2.13736
2.20595
2.17706
2.19166
2.14867
2.16149
2.06582
2.15562
1.99133
2.04378
1.97792
1.99347
1.94666
1.92395
1.83755
1.82805
1.73422
1.71196
1.63583
1.61231
6.3464
7.13639
4.7888
4.69616
4.15232
4.44997
4.33459
4.22922
4.3567
4.51577
4.88159
4.91496
4.36442
4.37919
4.46972
4.97344
4.6349
5.29523
6.19123
6.26168
6.20387
6.4618
5.97702
5.50216
6.5386
7.04127
5.7612
6.62734
5.51284
5.3107
5.46392
6.7916
5.55598
6.27914
5.00444
5.16852
5.18142
5.66704
5.40788
6.62339
5.24393
6.17561
5.64652
5.19095
5.35095
5.03622
5.63598
6.19952
6.11516
6.7006
6.30272
7.12884
6.3802
6.32489
7.19547
6.79415
7.15086
8.1148
6.45358
6.7842
6.34113
6.99107
4.69245
6.18733
7.0491
5.33631
4.52505
4.33382
4.94233
5.21456
6.12225
17.9484
10.376
6.99231
12.4478
17.4491
11.1603
7.58227
5.57857
4.05719
3.61547
4.73536
2.13645
3.97249
3.02923
3.55448
5.35208
4.44629
8.364
4.17124
18.2627
17.0872
16.2304
19.8841
33.418
8.92524
43.8375
12.2979
7.2611
19.2317
10.4692
9.12532
5.80989
5.48124
7.40101
8.04253
7.14494
7.57864
8.85858
8.33738
8.24522
12.8603
17.5715
17.1424
12.3148
15.5721
40.5577
29.3915
9.03797
8.54502
6.51816
7.57048
4.85044
4.63567
5.10959
4.64677
4.7913
4.45278
4.47408
4.98119
3.90226
4.76854
4.52112
4.54677
4.24964
3.99174
4.08664
4.03122
3.31907
3.20578
2.45205
2.49084
2.27455
2.21818
2.0218
2.0181
1.96866
2.04793
1.96908
2.02045
1.93882
2.05962
2.01011
2.02541
2.03438
2.1746
2.12331
2.19439
2.05215
2.11369
2.11094
2.16483
2.19698
2.25504
2.10906
2.20429
2.15581
2.16492
2.06451
2.11631
2.06211
2.0704
2.01872
2.02142
2.06444
2.05481
2.00165
2.04575
1.97862
2.03688
1.93067
1.90896
1.84928
1.90712
1.85714
1.84417
1.7877
1.76458
1.70345
1.69995
1.62699
1.59954
5.62078
6.41019
4.41198
4.37792
4.30061
4.28191
4.28504
4.3129
4.29775
4.09008
4.47758
5.12408
4.50517
4.54997
4.11174
4.94975
4.51769
4.45931
4.58613
4.87879
5.42655
6.23565
5.75155
5.81392
5.46494
5.45071
6.42104
5.12682
5.21777
4.74638
4.92213
5.1004
5.6194
5.38218
6.16681
5.68333
4.93922
5.285
4.60989
5.42394
5.56903
5.54601
5.49773
5.71366
5.74637
6.31263
6.34898
6.13092
6.11931
5.92711
6.55883
6.77262
5.90204
5.98785
7.436
7.29213
7.00187
6.96366
6.03007
6.49487
6.08314
6.34937
4.56745
6.06843
5.7646
5.84201
2.62466
3.66903
2.67813
4.63947
7.07965
8.8303
10.0184
9.13322
14.0727
18.8592
4.90029
7.43151
3.8868
4.21098
3.37954
3.67269
2.43765
2.87895
2.89094
3.94979
5.40348
4.91778
8.0092
3.57013
21.1134
6.76117
14.2275
21.3043
45.3101
9.28769
44.8289
41.675
7.65759
14.4492
11.0183
9.52887
5.86893
5.45022
7.24352
8.01976
7.22664
7.57068
9.16744
8.12637
7.77123
12.031
16.4879
16.9725
13.1136
15.641
28.2869
39.8955
9.19458
6.89679
6.70499
7.65816
4.25473
4.62789
4.83158
4.65244
4.91502
4.44549
4.15332
4.49501
3.67697
4.7736
4.39935
4.5032
3.87332
3.62662
3.58575
3.72323
3.11787
3.06751
2.43889
2.3123
2.13997
2.1066
2.03199
1.95223
1.88145
1.84675
1.83781
1.91478
1.88494
1.83612
1.83224
1.90911
1.89732
1.88712
1.98917
2.03169
1.97923
1.89843
1.92251
1.98649
1.99225
2.0624
2.07022
2.03496
1.99443
2.0994
1.93608
1.95529
1.95643
1.96634
1.91523
1.98569
1.93637
1.99516
1.88042
1.93425
1.93245
1.94974
1.84178
1.87368
1.80842
1.80756
1.79524
1.80245
1.72674
1.7205
1.67023
1.66253
1.62175
1.59862
6.48011
6.64183
4.43543
4.35048
3.94851
3.8945
3.90913
4.11466
4.08461
4.92583
5.24471
4.09206
5.11688
4.78874
4.74162
5.11983
4.60876
4.78981
5.49554
4.60201
4.71206
4.34353
4.81641
4.77409
5.87647
6.22474
4.8903
5.69597
4.81981
4.60089
5.19187
5.53996
4.97129
5.22713
4.73784
5.10392
4.2138
3.96732
4.87571
5.27478
4.24067
4.52391
5.28503
5.78364
5.39294
5.73878
5.26911
5.41269
5.68021
5.43232
6.01225
6.31142
5.84032
6.35194
7.11292
7.38158
6.86569
6.63506
5.87434
6.54969
5.83324
5.82713
4.25193
6.41603
5.14091
4.70355
2.7441
3.18432
2.04088
2.34585
6.8211
7.52168
5.12058
5.75951
18.145
14.6121
13.675
3.70131
4.07854
3.70645
3.19174
2.98537
2.56278
2.99248
3.54948
3.90643
5.62564
6.07035
8.75517
2.74889
26.4535
19.5657
26.5433
24.1567
15.9766
7.93943
29.4981
33.8378
8.04678
12.4217
10.6594
9.41754
5.32671
4.90451
8.15801
7.43321
8.38777
7.46661
9.60734
7.9174
9.52585
11.7085
14.6509
14.9156
14.8751
15.7951
34.0417
21.2964
6.81803
5.46483
5.62725
6.04088
3.9932
3.79557
4.01332
3.92839
4.03117
4.56576
4.00534
4.22335
3.18518
3.44271
3.61291
3.99608
3.75749
3.47711
3.40613
3.48853
3.05294
2.87536
2.30294
2.21498
2.06172
2.02555
2.09112
1.97643
1.83969
1.82927
1.75561
1.80064
1.81437
1.76745
1.77604
1.74959
1.79017
1.8447
1.85712
1.88958
1.88066
1.87392
1.80057
1.84973
1.82934
1.96546
1.92094
1.96949
1.92747
1.95335
1.95445
1.88389
1.85254
1.9123
1.90223
1.88352
1.85558
1.84554
1.79529
1.82033
1.87164
1.88445
1.83873
1.81683
1.75791
1.76633
1.75919
1.7429
1.70885
1.69445
1.66093
1.6358
1.56321
1.54675
3.05381
5.98271
3.66695
29.824
6.79527
2.00881
17.7779
2.19013
22.1836
3.92269
4.37163
3.70733
6.78569
5.53946
3.40805
2.3468
1.22117
2.79356
3.52701
8.44463
6.7801
3.87775
4.00572
4.0517
2.82548
2.60989
2.72395
3.99801
4.04917
1.88949
31.6569
12.4518
14.9051
6.25603
8.74492
6.12832
5.57412
5.81476
5.71972
10.0437
9.04598
3.42198
4.63893
67.9758
10.7963
12.655
2.79709
1.4064
2.53308
