0.485000000000000
0.309000000000000
0.244000000000000
0.176000000000000
0.106000000000000
0.0360000000000000
0
-0.0360000000000000
-0.106000000000000
-0.176000000000000
-0.244000000000000
-0.309000000000000
-0.485000000000000
-0.485000000000000
-0.493000000000000
-0.783000000000000
-0.792400024414063
-0.869500000000000
-0.881200012207031
-0.896099975585938
-0.913700012207031
-0.938500000000000
-0.956200012207031
-0.977900085449219
-1.10000000000000
-1.10000000000000
-1.04419995117187
-1.01499102783203
-1.00003100585938
-0.988002014160156
-0.981034729003906
-0.969102416992187
-0.965032104492188
-0.965000000000000
-1.00500000000000
-1.00500000000000
-0.454000000000000
0
0.454000000000000
0.456000000000000
0.799000000000000
0.835000000000000
0.873000000000000
0.909000000000000
1.01400000000000
1.04900000000000
1.03900000000000
1.02600000000000
1.02400000000000
1.02100000000000
1.02500000000000
1.08400000000000
1.09600000000000
1.11100000000000
1.11700000000000
1.14200000000000
1.16200000000000
1.13100000000000
1.03300000000000
0.993000000000000
0.956000000000000
0.926000000000000
0.809000000000000
0.493000000000000
0.485000000000000
0.485000000000000