0.560048
0.218673
0.363852
0.232097
0.149499
0.271601
0.19467
0.294646
0.219028
0.381297
0.393415
0.12452
0.118423
0.178247
0.1695
0.16816
0.191845
0.247884
0.161914
0.168387
0.136755
0.140776
0.146771
0.120833
0.305997
0.0989577
0.254663
0.180575
0.190582
0.244726
0.21371
0.0697762
0.2566
0.050826
0.189845
0.187935
0.194299
0.189956
0.192851
0.182831
0.18726
0.196573
0.180369
0.188176
0.191526
0.198195
0.201957
0.195601
0.193621
0.201301
0.129953
0.111366
0.119942
0.164327
0.114724
0.18769
0.133308
0.112958
0.144669
0.116966
0.295279
0.225296
0.240268
0.184507
0.272528
0.189515
0.193293
0.116098
0.24202
0.201542
0.20226
0.337633
0.287368
0.114714
0.312285
0.176451
0.19544
0.254638
0.165846
0.304771
0.17855
0.180542
0.132198
0.146798
0.345572
0.18051
0.280843
0.145305
0.178418
0.173043
0.170504
0.177311
0.167759
0.16857
0.224488
0.277298
0.176382
0.167154
0.234145
0.226647
0.223329
0.160377
0.239574
0.160279
0.161158
0.31636
0.223702
0.143727
0.174613
0.219745
0.194635
0.152304
0.193202
0.190274
0.485143
0.172118
0.159129
0.172598
0.259223
0.148542
0.222929
0.143295
0.2064
0.175251
0.130436
0.14732
0.155043
0.178079
0.236223
0.230974
0.127267
0.111842
0.109956
0.111782
0.227845
0.216677
0.155814
0.16283
0.208248
0.255229
0.185366
0.0887092
0.23256
0.242864
0.174909
0.186888
0.306565
0.233583
0.276562
0.0966072
0.139812
0.166548
0.141422
0.0949887
0.164159
0.0901906
0.145525
0.0949373
0.240496
0.152866
0.177018
0.173205
0.0903057
0.152853
0.331546
0.0969125
0.178167
0.289925
0.207829
0.159047
0.219833
0.215793
0.216905
0.152754
0.150485
0.15728
0.170592
0.269713
0.31214
0.165162
0.119513
0.108107
0.175428
0.190524
0.227042
0.248136
0.206529
0.229432
0.147427
0.215496
0.346245
0.144937
0.206136
0.156937
0.246266
0.119839
0.227944
0.184733
0.213412
0.235397
0.147565
0.172506
0.14719
0.165892
0.186538
0.169786
0.215516
0.235976
0.203126
0.195563
0.193518
0.0931898
0.083556
0.15912
0.20056
0.22705
0.183715
0.175843
0.16995
0.171485
0.190618
0.13238
0.126111
0.12078
0.121196
0.139703
0.133064
0.119546
0.133314
0.094032
0.169795
0.180307
0.0933043
0.127019
0.180771
0.158941
0.152964
0.134563
0.131834
0.211394
0.191041
0.158366
0.202267
0.170836
0.194305
0.125506
0.178021
0.203331
0.236945
0.201779
0.316403
0.162606
0.0960595
0.0971725
0.0837308
0.096932
0.192587
0.239848
0.0890284
0.15345
0.197417
0.127434
0.121038
0.0861376
0.150056
0.259778
0.22061
0.286615
0.27628
0.10002
0.10252
0.149063
0.0969189
0.247477
0.154231
0.216397
0.287074
0.254936
0.297654
0.172943
0.250418
0.222002
0.223107
0.228898
0.207073
0.282284
0.262457
0.158365
0.288534
0.171169
0.100037
0.0761293
0.184888
0.0964809
0.41592
0.454266
0.259938
0.176822
0.166804
0.151054
0.327515
0.157669
0.251914
0.2547
0.38488
0.24517
0.27959
0.253217
0.223032
0.232717
0.2712
0.264556
0.269831
0.248689
0.250486
0.258751
0.247358
0.208264
0.242184
0.268503
0.241795
0.197374
0.0918578
0.103185
0.0940648
0.0935694
0.09954
0.0889509
0.0805412
0.0722909
0.0844852
0.0791953
0.590777
0.617512
0.196828
0.523562
0.512737
0.112424
0.0886817
0.086963
0.0845039
0.107738
0.141759
0.453801
0.587666
0.2063
0.157113
0.0800992
0.112853
0.121406
0.0715527
0.0870376
0.103165
0.147489
0.136541
0.103602
0.0946786
0.138318
0.107507
0.177112
0.147566
0.232946
0.187463
0.172549
0.224067
0.224113
0.121218
0.456777
0.198014
0.159062
0.0965557
0.178557
0.177779
0.152194
0.193624
0.172662
0.185827
0.391574
0.332806
0.165496
0.209691
0.217693
0.22386
0.201903
0.218946
0.0956881
0.0908598
0.0975765
0.151531
0.158806
0.0877326
0.158964
0.0931145
0.0927537
0.121206
0.103924
0.090904
0.0823956
0.0934795
0.0952658
0.154323
0.159344
0.262605
0.0925906
0.0967354
0.211268
0.223049
0.196513
0.19143
0.0935801
0.0965937
0.121587
0.0983491
0.0976011
0.0968234
0.100547
0.188667
0.167367
0.147086
0.153009
0.0964102
0.102602
0.0957829
0.146896
0.0979091
0.098526
0.0988774
0.105917
0.144396
0.218652
0.209275
0.176855
0.115102
0.0976824
0.10169
0.11262
0.133876
0.0994723
0.0971135
0.180748
0.101932
0.0997497
0.233792
0.274617
0.253685
0.105008
0.112484
0.100553
0.335564
0.369792
0.22567
0.28032
0.107794
0.0734457
0.0541581
0.0609656
0.0943378
0.317046
0.300293
0.258823
0.107956
0.324777
0.410473
0.215144
0.214964
0.233518
0.322421
0.35397
0.0978155
0.100243
0.097822
0.0935584
0.106338
0.317645
0.260943
0.304031
0.340598
0.281251
0.241674
0.190791
0.0966654
0.263874
0.27454
0.246778
0.291815
0.285629
0.441177
0.262373
0.230699
0.25005
0.0804645
0.0596765
0.0648888
0.0678368
0.0943014
0.0938035
0.0945092
0.217906
0.168382
0.185386
0.126479
0.0998713
0.0985863
0.099624
0.124944
0.122035
0.0994616
0.0897325
0.35973
0.38206
0.41246
0.0875937
0.0859475
0.0949153
0.0836764
0.0874473
0.0849373
0.111
0.113627
0.083507
0.0861083
0.298763
0.366912
0.23729
0.254175
0.2624
0.276615
0.245805
0.324267
0.273796
0.296782
0.284216
0.267707
0.221592
0.209158
0.22838
0.279113
0.339364
0.376339
0.339078
0.0994572
0.0904756
0.203696
0.295826
0.0767789
0.101946
0.409269
0.427934
0.37592
0.403401
0.309701
0.0865275
0.0824498
0.0923874
0.29868
0.285885
0.321249
0.0771346
0.0941396
0.0832814
0.0676661
0.103796
0.0968034
0.0965802
0.131995
0.14416
0.116235
0.290859
0.254381
0.0898748
0.360804
0.0850828
0.075261
0.149294
0.101546
0.1002
0.18975
0.10018
0.102328
0.103444
0.0981223
0.0988629
0.0988672
0.113293
0.0987472
0.0992401
0.26433
0.0957129
0.0904841
0.111741
0.101576
0.258464
0.0921411
0.108328
0.129369
0.0729312
0.0848069
0.192973
0.0836474
0.156179
0.268238
0.0813499
0.0846699
0.0960263
0.0886915
0.0865802
0.0909536
0.0905554
0.0835897
0.0403213
0.130294
0.14682
0.0849036
0.0996435
0.107301
0.125836
0.147555
0.123014
0.103194
0.102946
0.102854
0.0973628
0.152836
0.158441
0.207088
0.188658
0.109609
0.0942067
0.0626907
0.0769787
0.0716188
0.0578261
0.0920607
0.198369
0.0881653
0.29594
0.316377
0.287952
0.0919229
0.141102
0.276235
0.316592
0.283166
0.28918
0.318176
0.34377
0.304937
0.221564
0.103414
0.161351
0.109636
0.0866109
0.0978972
0.0930723
0.217735
0.0811308
0.0910218
0.0947543
0.167712
0.218011
0.339917
0.200163
0.0980647
0.128265
0.140726
0.0940718
0.0937505
0.0927107
0.111238
0.0993721
0.105267
0.105643
0.0912991
0.0804777
0.078899
0.0822338
0.100221
0.218306
0.246333
0.167973
0.222351
0.103196
0.0809306
0.094006
0.070471
0.107606
0.0956625
0.0894557
0.105145
0.0872048
0.0908615
0.0916204
0.193078
0.28288
0.0982762
0.207611
0.108175
0.0975115
0.096867
0.0954967
0.0827303
0.0829133
0.0851174
0.125534
0.220894
0.241406
0.108149
0.113226
0.176695
0.0915679
0.112741
0.0998648
0.137972
0.10933
0.102606
0.0991497
0.0958805
0.138668
0.16676
0.0949402
0.229334
0.302946
0.180084
0.317375
0.263152
0.20033
0.236347
0.0833185
0.0962112
0.0861477
0.0909307
0.0964294
0.0891574
0.08649
0.0838304
0.0795401
0.0981657
0.0687987
0.0856723
0.0926712
0.278251
0.0805402
0.0848569
0.0937027
0.0964623
0.095859
0.0915522
0.0964707
0.107056
0.0953378
0.0923265
0.0972075
0.0982639
0.0931613
0.0925324
0.0935493
0.082553
0.0865271
0.0864214
0.0959681
0.0905198
0.113528
0.0946618
0.10178
0.116351
0.10063
0.105218
0.15613
0.153704
0.201547
0.106298
0.111099
0.132584
0.103845
0.363312
0.175896
0.245293
0.200171
0.253599
0.265882
0.0899642
0.0847957
0.081022
0.0947772
0.0954609
0.091764
0.082751
0.100867
0.100643
0.096986
0.0768598
0.0845146
0.0951678
0.092867
0.0982842
0.0888342
0.0773623
0.0927044
0.0950232
0.0937644
0.0921209
0.0958915
0.0891465
0.0903264
0.0797042
0.0913406
0.100454
0.0935559
0.0976603
0.0877349
0.100107
0.102516
0.0991478
0.093192
0.0882709
0.0877917
0.0934388
0.13347
0.0939315
0.121798
0.126423
0.0943721
0.0958945
0.0999652
0.0983123
0.0962143
0.0940958
0.0961006
0.0900174
0.0955067
0.099131
0.0919679
0.0952069
0.103061
0.0951926
0.0952406
0.0924097
0.0920314
0.091565
0.0914514
0.0947963
0.105191
0.0894919
0.0949492
0.0893527
0.0939046
0.0847872
0.082312
0.104656
0.0933634
0.101434
0.129656
0.121991
0.0983663
0.116674
0.116756
0.126845
0.103558
0.094192
0.0876324
0.0934902
0.0941959
0.0967242
0.092521
0.0914207
0.116597
0.13279
0.170413
0.200827
0.19319
0.13498
0.181042
0.193134
0.241682
0.206562
0.180517
0.175324
0.0935082
0.088708
0.0957677
0.0904109
0.0889726
0.10992
0.136675
0.181965
0.229261
0.090637
0.0895652
0.219962
0.282534
0.249211
0.204921
0.238089
0.219316
0.24264
0.225875
0.200705
0.247739
0.0958223
0.0882165
0.0964242
0.236171
0.28117
0.267087
0.21868
0.130483
0.12688
0.222799
0.22985
0.22139
0.262336
0.238802
0.141185
0.126919
0.0891687
0.152028
0.0889418
0.0919438
0.0901958
0.0992472
0.127014
0.108388
0.0929595
0.0939382
0.100169
0.0988211
0.100364
0.0886821
0.0926179
0.0950015
0.138876
0.101121
0.126168
0.255448
0.292742
0.288807
0.0962557
0.0921577
0.0935991
0.090499
0.093652
0.0989899
0.301724
0.204082
0.254225
0.125286
0.149076
0.13904
0.159394
0.0895162
0.159328
0.199795
0.128835
0.113895
0.0983762
0.124091
0.191782
0.114428
0.0954668
0.239425
0.153787
0.103595
0.131567
0.182972
0.0931402
0.0930917
0.278048
0.0964033
0.0987518
0.0909759
0.0959089
0.220482
0.141742
0.0928082
0.0758048
0.0882732
0.0909582
0.0834443
0.0902982
0.0802763
0.0827445
0.214974
0.204681
0.29101
0.28381
0.0954946
0.0976102
0.104804
0.0945944
0.0914869
0.0869838
0.0920221
0.093693
0.0975911
0.122532
0.084355
0.0880327
0.0927596
0.0834748
0.282027
0.303667
0.287834
0.0848888
0.0842172
0.106154
0.150054
0.10017
0.0974318
0.0945139
0.097995
0.0927539
0.0926282
0.099191
0.123773
0.0976163
0.230465
0.203639
0.123454
0.103827
0.259762
0.0847049
0.287329
0.317746
0.0848926
0.0903381
0.0961969
0.0948419
0.0925429
0.0880714
0.0943619
0.0938792
0.0801639
0.0994301
0.0857998
0.0631318
0.0762763
0.09563
0.09031
0.0906595
0.0891137
0.0869722
0.0821505
0.0642449
0.0763121
0.104421
0.0950237
0.0972858
0.0995949
0.0984159
0.1865
0.210912
0.265441
0.237529
0.278777
0.247159
0.268221
0.270054
0.297893
0.242362
0.254074
0.241007
0.235354
0.244706
0.260185
0.226888
0.258181
0.225207
0.23837
0.229404
0.217902
0.217682
0.231526
0.226236
0.236238
0.233551
0.227112
0.193874
0.241173
0.250677
0.263274
0.230958
0.234728
0.228674
0.27952
0.217304
0.284788
0.223331
0.305904
0.253614
0.287688
0.254489
0.288938
0.249902
0.288804
0.246205
0.323741
0.273716
0
0
0
0
0
0
0
0
0
0
0
0
0
0
0
0
0
0
0
0
0
0
0
0
0
0
0
0
0
0
0
0
0
0
0
0
0
0
0
0
0
0
0
0
0
0
0
0
0
0
0
0
0
0
0
0
0
0
0
0
0
0
0
0
0
0
0
0
0
0
0
0
0
0
0
0
0
0
0
0
0
0
0
0
0
0
0
0
0
0
0
0
0
0
0
0
0.282839
0.24534
0.242228
0.2451
0.26556
0.245392
0.242878
0.245991
0.308339
0.239968
0.21812
0.239364
0.313937
0.274015
0.203984
0.211922
0.251473
0.18722
0.153205
0.114414
0.200208
0.127492
0.195229
0.154941
0.186324
0.149419
0.110945
0.127469
0.129889
0.121694
0.119537
0.1229
0.125547
0.13971
0.120146
0.122104
0.112739
0.114286
0.13881
0.137575
0.123343
0.136336
0.158227
0.18293
0.183962
0.202243
0.222001
0.217981
0.210416
0.229701
0.285731
0.277993
0.317892
0.308478
0.296854
0.29603
0.378651
0.34338
0.350572
0.322961
0.319333
0.327062
0.39347
0.329942
0.360685
0.307683
0.316739
0.28378
0.284544
0.307505
0.319158
0.310496
0.315361
0.283009
0.329959
0.272463
0.291844
0.296434
0.361107
0.336403
0.401549
0.375486
0.407556
0.333675
0.390642
0.357139
0.480114
0.380722
0.414951
0.405638
0.451778
0.372251
0.408819
0.379814
0.463987
0.35138
0
0
0
0
0
0
0
0
0
0
0
0
0
0
0
0
0
0
0
0
0
0
0
0
0
0
0
0
0
0
0
0
0
0
0
0
0
0
0
0
0
0
0
0
0
0
0
0
0
0
0
0
0
0
0
0
0
0
0
0
0
0
0
0
0
0
0
0
0
0
0
0
0
0
0
0
0
0
0
0
0
0
0
0
0
0
0
0
0
0
0
0
0
0
0
0
0.38892
0.327987
0.396657
0.32532
0.352042
0.310738
0.257708
0.260524
0.358669
0.30164
0.279534
0.251944
0.315754
0.304212
0.204511
0.20725
0.205951
0.197945
0.252101
0.198936
0.0939117
0.157605
0.211438
0.220749
0.158487
0.150296
0.122808
0.131491
0.166241
0.126602
0.119626
0.146701
0.11364
0.135426
0.158317
0.117051
0.132899
0.117349
0.137254
0.135539
0.130163
0.145309
0.187674
0.204055
0.211547
0.218634
0.238662
0.222021
0.224884
0.25056
0.295793
0.292055
0.376743
0.356792
0.405105
0.349351
0.407466
0.396294
0.389721
0.342754
0.362806
0.387733
0.462121
0.399645
0.393485
0.413432
0.392659
0.382766
0.383972
0.353183
0.462179
0.437386
0.422697
0.416914
0.47938
0.374888
0.387311
0.391468
0.434141
0.388589
0.45075
0.412025
0.517515
0.452387
0.560345
0.473506
0.566519
0.538789
0.546261
0.545638
0.733895
0.515444
0.630426
0.489335
0.729159
0.578757
0
0
0
0
0
0
0
0
0
0
0
0
0
0
0
0
0
0
0
0
0
0
0
0
0
0
0
0
0
0
0
0
0
0
0
0
0
0
0
0
0
0
0
0
0
0
0
0
0
0
0
0
0
0
0
0
0
0
0
0
0
0
0
0
0
0
0
0
0
0
0
0
0
0
0
0
0
0
0
0
0
0
0
0
0
0
0
0
0
0
0
0
0
0
0
0
0.472925
0.422002
0.53647
0.5837
0.473209
0.347591
0.444296
0.315219
0.378742
0.392842
0.308906
0.288969
0.266533
0.255708
0.280058
0.235677
0.280642
0.215309
0.257847
0.269341
0.137095
0.123371
0.231496
0.242632
0.125341
0.13268
0.0861317
0.112963
0.167774
0.175771
0.137065
0.146463
0.137822
0.132789
0.145471
0.130379
0.132468
0.125459
0.1575
0.138671
0.153235
0.153681
0.203574
0.220935
0.2138
0.226351
0.245865
0.236537
0.239682
0.265544
0.338527
0.381722
0.45956
0.464153
0.43776
0.414417
0.50119
0.464809
0.505441
0.430036
0.483239
0.430623
0.51435
0.495999
0.477874
0.441286
0.431691
0.463742
0.54576
0.492147
0.495218
0.551564
0.607577
0.677197
0.558013
0.633551
0.593229
0.553936
0.557895
0.551313
0.557919
0.548044
0.574743
0.640611
0.715233
0.656673
0.686724
0.694696
0.772337
0.709416
0.950469
0.745058
0.713644
0.733041
0.85095
0.742736
0
0
0
0
0
0
0
0
0
0
0
0
0
0
0
0
0
0
0
0
0
0
0
0
0
0
0
0
0
0
0
0
0
0
0
0
0
0
0
0
0
0
0
0
0
0
0
0
0
0
0
0
0
0
0
0
0
0
0
0
0
0
0
0
0
0
0
0
0
0
0
0
0
0
0
0
0
0
0
0
0
0
0
0
0
0
0
0
0
0
0
0
0
0
0
0
0.619812
0.597514
0.776572
0.64662
0.662222
0.558684
0.533467
0.509071
0.524589
0.486633
0.379134
0.317248
0.368756
0.299984
0.346291
0.225096
0.352573
0.302448
0.246454
0.195763
0.229601
0.232181
0.206372
0.197179
0.19537
0.192069
0.147067
0.199806
0.159068
0.120659
0.171937
0.150882
0.176643
0.153527
0.16556
0.127017
0.139027
0.181786
0.130051
0.140177
0.191851
0.207665
0.253988
0.242574
0.252797
0.238208
0.256212
0.23509
0.246181
0.296758
0.403968
0.410946
0.519621
0.532153
0.564436
0.474713
0.560257
0.532902
0.532098
0.457437
0.509523
0.598709
0.6636
0.555875
0.620468
0.60535
0.576702
0.525667
0.589249
0.5794
0.660866
0.598496
0.712401
0.73842
0.731052
0.823398
0.782021
0.746268
0.712157
0.748737
0.767547
0.701692
0.727853
0.774716
0.80187
0.887378
0.70817
0.766254
0.731037
0.776775
1.22216
0.860338
0.872777
0.926187
0.85363
0.808681
0
0
0
0
0
0
0
0
0
0
0
0
0
0
0
0
0
0
0
0
0
0
0
0
0
0
0
0
0
0
0
0
0
0
0
0
0
0
0
0
0
0
0
0
0
0
0
0
0
0
0
0
0
0
0
0
0
0
0
0
0
0
0
0
0
0
0
0
0
0
0
0
0
0
0
0
0
0
0
0
0
0
0
0
0
0
0
0
0
0
0
0
0
0
0
0
0.898623
0.926113
0.803441
0.737388
0.768012
0.696059
0.665047
0.740226
0.641934
0.614262
0.565739
0.392401
0.406194
0.289998
0.386808
0.357649
0.230458
0.621879
0.239275
0.162773
0.267287
0.341463
0.236926
0.163249
0.368839
0.263003
0.192254
0.208501
0.205421
0.232358
0.327243
0.194092
0.279679
0.182584
0.19375
0.191275
0.144597
0.16952
0.167124
0.155256
0.208557
0.2275
0.269489
0.293323
0.262404
0.257434
0.272852
0.244504
0.270148
0.322323
0.467499
0.537387
0.636747
0.562529
0.666956
0.705051
0.607017
0.578034
0.624351
0.593579
0.612224
0.560093
0.655722
0.734402
0.623995
0.586095
0.711733
0.690282
0.609199
0.693049
0.8297
0.958023
0.966255
0.822911
0.901052
0.762166
0.872872
0.969677
0.822086
0.856393
0.867607
0.791353
1.0026
0.86906
1.01407
0.820316
0.729244
0.812928
0.930297
0.889906
1.18581
1.21477
1.16406
0.827741
0.931308
0.851272
0
0
0
0
0
0
0
0
0
0
0
0
0
0
0
0
0
0
0
0
0
0
0
0
0
0
0
0
0
0
0
0
0
0
0
0
0
0
0
0
0
0
0
0
0
0
0
0
0
0
0
0
0
0
0
0
0
0
0
0
0
0
0
0
0
0
0
0
0
0
0
0
0
0
0
0
0
0
0
0
0
0
0
0
0
0
0
0
0
0
0
0
0
0
0
0
0.801979
0.979618
1.22569
0.921857
0.727575
0.844936
0.916089
1.0129
0.760793
0.606119
0.695136
0.664576
0.620075
0.52946
0.681847
0.418869
0.465793
0.37876
0.422434
0.227097
0.315378
0.437385
0.316632
0.236838
0.283914
0.392288
0.275927
0.250547
0.241901
0.276968
0.274106
0.205197
0.23581
0.215455
0.237021
0.297412
0.240113
0.224553
0.299208
0.227173
0.257802
0.23831
0.29225
0.292422
0.282951
0.275524
0.280399
0.25006
0.305335
0.349701
0.512142
0.578136
0.679269
0.723702
0.803265
0.729606
0.754473
0.733426
0.708535
0.811315
0.750238
0.606932
0.888725
0.773641
0.818877
0.649236
0.782931
0.926431
0.824047
0.876001
0.89781
0.925386
0.888825
0.95435
1.26875
1.06482
0.751581
0.849976
1.07775
0.956176
0.996955
0.933967
1.26351
1.11305
1.1579
1.02694
0.78262
0.879571
1.01486
1.01676
1.09948
1.09513
1.49959
0.916587
1.0367
0.882951
0
0
0
0
0
0
0
0
0
0
0
0
0
0
0
0
0
0
0
0
0
0
0
0
0
0
0
0
0
0
0
0
0
0
0
0
0
0
0
0
0
0
0
0
0
0
0
0
3.78956e-14
0
0
0
0
0
0
0
0
0
0
0
0
0
0
0
0
0
0
0
0
0
0
0
0
0
0
0
5.92119e-16
0
0
0
0
0
0
0
0
0
0
0
0
0
0
0
0
0
0
0
0.79071
0.880838
1.11872
0.84289
0.655557
0.905013
1.01281
1.08727
0.767655
0.725405
0.855493
0.808074
0.846808
0.588584
0.699348
0.503213
0.646606
1.01037
0.887523
0.364075
0.433645
0.430649
0.542881
0.437134
0.477727
0.433766
0.301096
0.247871
0.308767
0.332497
0.501879
0.278296
0.35496
0.36006
0.276301
0.292186
0.275293
0.272167
0.252892
0.279403
0.337191
0.345021
0.365718
0.316943
0.359433
0.317857
0.301417
0.257181
0.319306
0.39595
0.679367
0.729609
0.809043
0.887846
0.824979
0.791884
0.81477
0.728799
0.885846
0.776288
0.803871
0.665354
0.997188
0.982026
0.868154
1.05251
0.910333
0.934882
0.860586
0.991814
1.08757
1.08164
1.02613
0.845117
0.963679
0.997415
1.23061
0.851573
1.18865
1.08757
0.764547
1.16472
1.03402
0.966178
1.30785
0.933488
0.907577
0.874596
1.03956
1.19592
0.949724
0.92965
1.41664
1.40445
1.22393
1.11317
0
0
0
0
0
0
0
0
0
0
0
0
0
0
0
0
0
0
0
0
0
0
0
0
0
0
0
0
0
0
0
0
0
0
0
0
0
0
0
0
0
0
0
0
0
0
0
0
3.78956e-14
0
0
0
0
0
0
0
0
0
0
0
0
0
0
0
0
0
0
0
0
0
0
0
0
0
0
0
1.77636e-15
1.18424e-15
0
0
0
0
0
0
0
0
0
0
0
0
0
0
0
0
0
0
1.46943
0.995591
1.41148
0.783319
0.724249
0.677458
0.732492
0.894117
0.84501
0.670975
0.641013
0.802426
1.07168
0.822658
1.01142
0.642279
0.695428
0.794624
0.815463
0.676077
0.794678
0.587127
0.488773
0.792307
0.905302
0.563353
0.64402
0.49012
0.419847
0.420168
0.836844
0.413487
0.593944
0.493363
0.370893
0.363275
0.342032
0.310868
0.423912
0.374711
0.420464
0.398411
0.416625
0.434398
0.457935
0.39186
0.313197
0.273399
0.32307
0.421264
0.802143
0.844359
0.99146
0.893062
1.0289
0.820471
0.789117
0.776071
1.14997
1.01795
1.04625
0.960517
1.04074
1.07655
0.920574
0.928157
1.35392
1.441
1.13698
1.08019
1.05765
1.39014
1.29925
1.4448
1.4376
0.93361
1.0002
1.39789
2.10662
1.4586
0.770337
0.682557
1.17346
1.36626
1.24736
1.0842
0.826073
0.910266
0.979719
1.26982
1.12495
1.3496
1.0044
1.1604
1.26098
1.21696
0
0
0
0
0
0
0
0
0
0
0
0
0
0
0
0
0
0
0
0
0
0
0
0
0
0
0
0
0
0
0
0
0
0
0
0
0
0
0
0
0
0
0
0
0
0
0
0
0
0
0
0
0
0
0
0
0
0
-1.18424e-15
-1.18424e-15
0
0
0
0
0
0
0
0
0
0
0
0
0
0
-1.18424e-15
-1.18424e-15
0.0984126
0
0
0
0
0
0
0
0
0
0
0
0
0
0
0
0
0
0
0
0.934248
0.842939
0.814642
1.40386
0.89364
0.776817
0.824501
0.617299
0.790578
1.3488
0.644306
0.791389
0.760697
0.99395
0.917469
0.909417
0.90713
1.64741
0.639587
0.734458
0.372676
0.533783
0.512885
0.82315
1.61898
0.733744
0.917595
0.921836
0.72619
1.03111
1.38417
0.766188
0.94736
0.694767
0.476837
0.451089
0.462561
0.414539
0.448842
0.468854
0.503223
0.530085
0.460948
0.49618
0.502704
0.407315
0.345732
0.286343
0.35025
0.447829
0.869512
0.974779
1.07262
1.03864
0.911374
0.965418
1.12398
1.01719
1.1671
0.996563
1.19241
1.23986
1.01092
0.959656
1.3069
1.19249
1.00228
1.17479
1.56516
1.25537
1.34439
1.29533
1.34603
1.10475
1.39369
1.78399
1.24536
1.53877
1.7292
2.47457
1.28616
1.02452
1.06313
2.08366
0.777981
0.862851
1.06789
0.941808
1.30168
0.877252
0.936218
0.893825
0.973395
1.34236
1.37872
1.57662
0
0
0
0
0
0
0
0
0
0
0
0
0
0
0
0
0
0
0
0
0
0
0
0
0
0
0
0
0
0
0
0
0
0
0
0
0
0
0
0
0
0
0
0
0
0
-9.4739e-15
0
3.78956e-14
-3.78956e-14
0
0
0
0
0
0
-4.73695e-15
0
-1.18424e-15
-2.36848e-15
0
0
0
0
0
0
0
0
0
0
0
0
0
0
-1.18424e-15
-2.36848e-15
5.92119e-16
-5.92119e-16
0
0
0
0
0
0
0
0
0
0
0
0
0
0
0
0
0
0
1.08983
1.02518
0.5266
0.404486
0.473731
0.861858
1.44232
0.857002
0.508891
1.98986
0.598465
0.962124
0.703825
0.940221
1.85108
0.971014
1.14451
0.912175
0.591736
0.755082
0.37963
0.908603
0.529763
0.948997
1.80809
2.5594
0.912545
0.871664
0.762139
1.26427
0.862074
1.00851
0.850962
0.831762
0.563662
0.621192
0.605234
0.431323
0.650114
0.755275
0.568062
0.46948
0.592158
0.57144
0.629221
0.58754
0.383909
0.302746
0.37267
0.533398
1.00133
1.02845
1.14632
1.06186
1.06397
1.02665
1.31858
1.11262
1.27085
1.45786
1.49384
2.185
1.59957
1.92436
1.93972
1.4863
1.32587
1.04506
1.63052
1.61266
1.51451
1.37993
1.53619
1.32149
1.36701
1.847
0.809857
1.14354
1.75048
1.61522
1.31914
1.91204
1.99177
1.93503
2.19965
1.62267
1.0537
0.739177
0.462496
0.630779
0.869974
0.714263
0.563262
1.00376
0.680857
1.89606
0
0
0
0
0
0
0
0
0
0
0
0
0
0
0
0
0
0
0
0
0
0
0
0
0
0
0
0
0
0
0
0
0
0
0
0
0
0
0
0
0
0
0
0
0
0
-9.4739e-15
-9.4739e-15
-3.78956e-14
3.78956e-14
0
0
0
0
0
0
0
-1.42109e-14
-1.18424e-15
-1.18424e-15
0
0
-2.36848e-15
0
0
0
0
0
0
0
0
0
0
0
-1.18424e-15
-1.18424e-15
1.77636e-15
0
0
0
0
0
0
0
0
0
0
0
0
0
0
0
0
0
0
0
1.04127
1.37089
0.398194
0.39051
0.448001
0.72352
0.786768
0.870974
0.767086
0.856509
1.4356
0.748725
1.75991
0.990272
1.69255
1.95485
0.275756
0.853848
0.685446
0.911478
0.677683
0.97368
0.808339
0.597392
2.33998
3.53245
0.538823
0.763171
0.973197
1.40937
1.36132
1.01603
0.977488
0.970652
1.19383
0.811149
0.679624
0.629878
0.834574
0.915336
0.75915
0.642023
0.821436
0.749269
0.768581
0.620324
0.440538
0.322854
0.385658
0.595493
1.13704
1.1122
1.29669
1.30729
0.986656
1.01821
1.35723
1.01522
1.40053
1.46494
1.34132
1.2836
2.00823
1.98625
1.31221
1.6252
1.3945
1.0005
1.62019
0.755308
1.12826
1.09042
0.936693
1.08595
0.992069
0.889047
1.34749
1.43253
0.803328
1.63774
0.294067
0.283988
1.08751
1.61864
0.576534
0.751196
0.607148
0.386469
0.304003
0.857272
0.771983
0.223696
0.504081
0.753051
1.90002
1.82691
0
0
0
0
0
0
0
0
0
0
0
0
0
0
0
0
0
0
0
0
0
0
0
0
0
0
0
0
0
0
0
0
0
0
0
0
0
0
0
0
0
0
0
0
0
0
0
0
3.78956e-14
0
0
0
0
0
0
0
-4.73695e-15
0
-2.36848e-15
-1.18424e-15
0
0
-2.36848e-15
-7.10543e-15
0
0
0
0
0
0
0
0
0
0
-1.18424e-15
-2.36848e-15
1.77636e-15
0
0
0
0
0
0
0
0
0
0
0
0
0
0
0
0
0
0
0
3.21969
1.26166
0.437595
0.295299
0.415302
0.601204
0.0677703
0.568178
0.874517
0.361376
0.656363
0.688833
1.74995
1.29908
1.27288
1.82438
0.722697
0.793859
0.559304
1.769
0.374243
0.778889
0.586345
0.0832982
2.40357
1.83502
0.37691
0.342435
0.858861
1.18094
1.94083
1.08119
1.08594
1.18214
1.09225
0.845971
1.06575
0.990032
1.01173
0.925214
0.983673
0.880564
0.853694
0.84361
0.987923
0.791757
0.501561
0.349014
0.443378
0.720339
1.22646
1.40631
1.38266
1.47309
1.40569
1.16064
1.25985
1.28405
1.3081
1.39365
1.55546
1.31765
0.865943
0.87274
0.955763
1.55127
1.09205
1.09508
1.28437
1.01914
0.85884
0.671525
0.347009
0.765043
1.11834
1.24811
1.04857
1.62121
0.671615
0.886057
0.298746
0.524265
1.18796
1.69536
1.83526
2.38646
-8.88178e-16
0.292224
0.203465
0.242768
5.92119e-16
0
0
0
0
0.487263
0
0
0
0
0
0
0
0
0
0
0
0
0
0
0
0
0
0
0
0
0
0
0
0
0
0
0
0
0
0
0
0
0
0
0
0
0
0
0
0
0
0
0
0
0
0
-9.4739e-15
0
27.47
8.59538
0
0
0
0
0
0
0.0883139
0.00203764
0.000787359
7.29933e-06
-4.73695e-15
0
-9.4739e-15
-2.36848e-15
0
0
0
0
0
0
0
0
0
0
-1.18424e-15
-1.18424e-15
-5.92119e-16
1.77636e-15
0
0
0
0
0
0
0
0
0
0
0
0
0
0
0
0
0
0
1.24331
1.10447
0
0.673297
0.39696
1.1738
1.13658
0.162334
1.60712
0.556443
0.299154
0.574875
0.383205
1.02444
1.00238
1.29876
1.35831
0.996733
0.000253825
4.73695e-15
0
1.57157
0.408716
0.627005
0.960322
0.638045
0.310709
0.407701
0.939302
1.89648
1.68093
1.05984
1.25586
1.35299
1.56896
1.20685
1.388
1.28636
1.27356
1.1468
1.18004
1.03295
0.967465
0.935115
1.11525
0.940417
0.549468
0.393658
0.494238
0.831771
1.28841
1.2655
1.38651
1.44064
1.80106
1.52877
1.40402
1.53179
1.52113
1.26915
1.86751
1.55319
1.06078
1.01453
1.48065
0.504129
0.512478
1.16938
1.27227
1.33877
0.810187
0.846831
0.501196
0.23588
2.22182
1.28999
0.46339
1.37798
0
0.679095
0.648676
0.86192
-1.18424e-15
1.68872
0
0
-5.92119e-16
-1.18424e-15
0.0686132
0.0868033
0
0
0
0
0
0
0
0
0
0
0
0
0
0
0
0
0
0
0
0
0
0
0
0
0
0
0
0
0
0
0
0
0
0
0
0
0
0
0
0
0
0
0
0
0
0
0
0
0
0
0
0
-9.4739e-15
-9.4739e-15
27.9268
40.0401
0
0
5.92119e-16
0
0
0
0.0894879
0.0857937
0.000788912
0.000369868
1.07345
0.0342834
-4.73695e-15
-9.4739e-15
0
0
0
0
0
0
0
0
0
0
-1.18424e-15
-1.18424e-15
0.454351
0.387284
0
0
0
0
0
0
0
0
0
0
0
0
0
0
0
0
0
0
0.383783
1.1659
-2.36848e-15
-1.18424e-15
1.08235
0.126004
0
-5.92119e-16
0.921178
0.942378
0.228635
0.0620666
0.202778
0.310408
1.50271
1.04372
0.250411
0.794313
-2.36848e-15
0.00462667
4.73695e-15
0
-5.92119e-16
1.09219
0.11359
2.74977
0.431465
0.367165
1.53689
1.10011
1.83224
1.16478
1.49709
1.25936
1.64181
1.11588
1.38804
1.52724
1.27569
1.25871
1.31167
1.11026
1.25454
0.980246
1.21453
1.17929
0.620403
0.423093
0.543637
0.919672
1.42515
1.34091
1.39105
1.2882
2.05305
1.96041
1.4204
1.9403
3.52402
1.69787
1.94421
1.25209
1.05918
0.876746
0.768867
0.824399
5.99554
4.33841
-2.36848e-15
1.32233
0.682865
0.754502
1.648
1.85069
0.636622
5.8642
0
0
0
0
-2.96059e-16
0.04391
0
0
0
0
0
0
0
0
0
0
0
0
0
0
0
0
0
0
0
0
0
0
0
0
0
0
0
0
0
0
0
0
0
0
0
0
0
0
0
0
0
0
0
0
0
0
0
0
0
0
0
0
0
0
0
0
0
0
0
0
-9.4739e-15
-9.4739e-15
28.4361
39.553
0
0
5.92119e-16
5.92119e-16
0
0
0.0906368
0.084023
0.245043
0.0210595
0.208253
0.00792337
0
0
0
0
0
0
0
0
0
-1.18424e-15
0
0
0.733998
0.442547
0.422108
0.0529439
0
0
0
0
0
0
0
0
0
0
0
0
0
0
0
0
0
0
-2.36848e-15
1.07859
1.18424e-15
-1.18424e-15
-2.36848e-15
-2.36848e-15
0
0
0.168477
0.654931
2.01341
0.0360462
0.20599
0.246307
0.522858
0.443915
1.57119
0.177697
-2.36848e-15
-7.10543e-15
0
0
-5.92119e-16
-1.18424e-15
1.18424e-15
-1.18424e-15
0.251594
0.284227
1.87771
0.96513
1.25745
1.15445
2.09241
1.28382
0.397436
0.950844
1.22452
1.60898
1.40058
1.57883
1.18142
1.20393
1.59963
1.31004
1.14601
1.14697
0.683827
0.466292
0.583946
1.04897
1.4482
1.49117
1.74228
1.46283
1.40429
2.06971
4.88101
3.78138
1.73336
2.14541
0.689104
0.500743
0.800083
0.575229
5.75417
3.44033
-1.18424e-15
-1.18424e-15
-1.18424e-15
0.243744
0.664385
0.708727
3.47706
5.39515
0
0
0
0
0
0
0
0
0
0
0
0
0
0
0
0
0
0
0
0
0
0
0
0
0
0
0
0
0
0
0
0
0
0
0
0
-1.89478e-14
0
0
0
0
0
0
0
0
0
0
0
0
0
0
0
0
0
0
0
0
0
0
0
0
0
0
0
0
0
0
0
0.388028
0.0117459
28.9169
39.1915
4.73695e-15
0
0.189687
0.0960916
0
0
0.0917609
0.0822076
0.247765
0.0996891
0.123441
0.00826939
1.89478e-14
0
0
0
0
0
3.91168
0.337783
1.80461
0.25456
-2.36848e-15
-2.36848e-15
0.883068
2.51452
0.400753
0.0513944
-2.36848e-15
0
0
0
0
0
0
0
0
0
0
0
0
0
0
0
0
0
0
0
2.36848e-15
-2.36848e-15
0
0
0
0
-1.18424e-15
0.016514
0.465136
0.434125
0.244377
0.171304
0.516017
0.493556
0.920946
1.54525
-4.73695e-15
-2.36848e-15
0
0
0
-1.77636e-15
1.0147
0
0.229743
0.400861
0.0516186
0.334276
1.10916
2.95263
1.08331
1.82682
0.501546
0.758098
1.35935
1.29994
1.74989
1.94327
1.30035
1.20179
1.69106
1.49961
1.26257
1.23797
0.770052
0.506247
0.58456
1.0787
1.55027
1.67085
2.14585
2.19939
1.18227
3.51034
0.538115
3.32658
0.244317
0.620828
-1.18424e-15
0.223545
4.47846
5.65026
-4.73695e-15
4.31587
0
0
0
-5.92119e-16
0.766155
2.15069
0
1.42162
0
0
0
0
0
0
0
0
0
0
0
0
0
0
0
0
0
0
0
0
0
0
0
0
0
0
0
0
0
0
0
0
0
0
-4.73695e-15
0
0
0
0
0
-4.73695e-15
-4.73695e-15
0
0
-2.36848e-15
2.36848e-15
0
0
0
0
0
0
0
0
0
0
0
0
0
0
0
0
0
0
0
0
0.536774
0
0.366723
0.116944
29.3382
38.7907
0
4.73695e-15
0.0965274
11.272
5.92119e-16
-5.92119e-16
0.127541
0.0803449
0.255547
0.101113
0.0848438
0.00883707
0
-5.68434e-14
0
0
0
0
4.03042
5.15891
1.79019
1.8497
0
-2.36848e-15
1.04586
2.67372
0.963931
0.0498484
2.36848e-15
-2.36848e-15
0
0
0
0
0
0
0
0
0
0
0
0
0
0
0
0
0
0
1.18424e-15
0
0
0
0
0
-1.18424e-15
-3.55271e-15
-8.88178e-16
-8.88178e-16
0.679836
0.0621271
1.18424e-15
0.00656649
0.425358
0.824086
-2.36848e-15
-7.10543e-15
0
0
0
0
0
0
1.26363
0.462075
-1.18424e-15
0.00576557
0.948683
3.99075
0.617954
1.62871
0.0517924
0.0861263
2.14081
2.67156
2.00219
1.7544
2.4282
1.25811
2.03121
1.74774
1.72664
1.38191
0.873819
0.55491
0.60979
1.09969
1.49587
2.04848
2.21055
2.0808
0.421245
0.367557
0
0.167437
0.129873
0.240327
1.07735
4.85808
0
12.9097
0
0
0
0
0
-1.18424e-15
1.73275
2.46223
0
0
0
0
0
0
0
0
0
0
0
0
0
0
0
0
0
0
0
0
0
0
0
0
0
0
0
0
0
0
0
0
0
0
0
0
0
0
18.0853
22.9672
-5.92119e-16
0
-4.73695e-15
-4.73695e-15
0
0
0
0
0
0
0
0
0
0
0
0
0
0
0
0
0
0
0
0
0
0
0
0
2.2109
0.399696
0.329642
0.12388
30.1015
38.4233
2.39844
4.49065
0.129717
0.216345
0.639655
0.774516
4.43508
3.81234
0.277579
0.105381
1.55941
0.00957435
1.15
7.98897
0.00121926
0
0.0305774
0.142746
9.09719
2.79904
1.77916
1.81919
2.36848e-15
0
2.37718
0.301311
0.401138
0.107677
0.0125182
-2.36848e-15
0
0
0
0
0
0
0
0
0
0
0
0
0
0
0
0
0
0
0
0
0
0
0
0
0
0
0
0
0.604444
0.0380187
1.18424e-15
0
0
1.18424e-15
0
-2.36848e-15
0
0
0
0
0
0
1.25738
1.2569
0
1.18424e-15
0.556605
3.7165
0.918987
1.80211
-3.55271e-15
0.00711568
3.1624
5.76216
1.92314
1.29736
2.84239
1.55367
2.15072
2.30507
1.85772
1.6104
1.01822
0.583049
0.60655
1.08879
1.61021
1.83261
1.67493
0.941092
0.129956
0.265988
0
0
0
0.00245932
0
0
0
0
0
0
0
0
0
-1.18424e-15
0
0
0
0
0
0
0
0
0
0
0
0
0
0
0
0
0
0
0
0
0
0
0
0
0
0
0
0
0
0
0
0
0
0
0
0
0
0
0
0
11.7654
3.89006
-5.92119e-16
0
1.45164
0.654918
0
0
3.61163
2.36848e-15
0
0
0
0
0
0
0
0
0
0
0
0
0
0
0
0
-9.4739e-15
0
0
0
2.13987
0.40666
0.313993
0.127522
31.6243
38.5314
2.2769
1.08247
0.293217
0.57465
0.360313
0.16255
3.70467
2.63377
0.278495
0.111408
0.306436
0.486704
0.144133
0.444017
0.00108591
0.00242445
0.0223882
0.0250549
2.04444
0.769847
1.76412
1.90506
0.000729799
0.043469
2.27907
1.66151
0.0565415
1.53691
0.0368094
0.0886918
0
0
0
0
0
0
0
0
0
0
0
0
0
0
0
0
0
0
0
0
0
0
0
0
0
0
-2.36848e-15
0
0.284452
0.0285089
0
0
0
0
0
0
0
0
0
0
0
0
0.387136
1.25946
0.41772
0.258637
2.06092
1.2351
-1.18424e-15
0.0135379
1.30735
2.47854
5.73891
7.84593
5.97878
5.91771
3.42831
1.66112
4.9701
5.49579
2.04463
1.63631
1.08621
0.615072
0.644963
1.21006
1.81812
2.06724
3.13892
2.0203
0.0324102
0.297514
0
0
0
-5.92119e-16
0
0
0
0
0
0
0
0
0
0
0
0
0
0
0
0
0
0
0
0
0
0
0
0
0
0
0
0
0
0
0
0
0
0
0
0
0
0
0
0
0
0
0
0
0
0
0
0
-4.73695e-15
4.73695e-15
11.8185
3.86557
-1.18424e-15
-5.92119e-16
1.44252
0.995417
-9.4739e-15
0
3.58961
0.289581
0
0
0
0
0
0
0
0
0
0
0
0
0
0
0
0
0
0
-1.18424e-15
0
2.08248
0.405637
0.307899
0.128878
31.6841
38.4351
0.953727
1.44988
0.750937
0.851517
0.00316856
0.0325509
0.145051
0.721089
1.81327
0.392004
0.127731
0.287222
0.156949
0.458855
0.00111001
0.00242555
0.02975
0.025973
2.06642
1.15158
1.76636
1.929
0.00235445
0.00300837
2.29075
1.65435
0.0324612
0.626172
0.0579583
0.115626
-5.92119e-16
0
0
0
0
0
0
0
0
0
0
0
0
0
0
0
0
0
0
0
0
0
0
0
0
0
0
0
-1.77636e-15
0
0
0
0
0
0
0
0
0
0
0
-1.18424e-15
-1.18424e-15
-4.73695e-15
-2.36848e-15
1.01678
0.335239
-9.4739e-15
0.0676204
6.15669
1.85838
0.604908
0.592945
7.52471
7.63481
1.85375
3.50204
3.49046
1.89535
7.74062
6.34766
1.96875
1.44451
1.15241
0.636204
0.646986
1.37778
2.44758
2.61121
0.228261
2.44326
5.92119e-16
5.92119e-16
0
0
0
-1.18424e-15
0
0
0
0
0
0
0
0
0
0
0
0
0
0
0
0
0
0
0
0
0
0
0
0
0
0
0
0
0
0
0
0
0
0
0
0
0
0
0
0
0
0
0
0
0
0
0
0
1.18702
1.68984
11.8825
3.83137
-5.92119e-16
-1.18424e-15
1.4311
1.00028
-9.4739e-15
-9.4739e-15
2.76863
3.63136
0
0
0
0
0
0
0
0
0
0
0
0
0
0
0
0
3.02904
1.8973
-1.18424e-15
-1.18424e-15
0.175436
0.404455
0.300306
0.130647
31.7625
38.3046
0.00591691
0.3042
7.83156
11.6745
0.0216679
0.0175555
0.0516375
0.0727224
1.83285
1.80156
0.0998698
0.285602
1.80304
2.87531
0.00344772
0.00384616
0.859661
0.0400483
0.502593
1.33732
1.76793
1.98521
0.00352667
0.00511232
2.30876
1.64557
0.0324391
0.218417
0.0583949
0.413377
-1.18424e-15
-1.77636e-15
0
0
0
0
0
0
0
0
0
0
0
0
0
0
0
0
0
0
0
0
0
0
0
0
-2.36848e-15
0
0
0
0
0
0
0
0
0
0
0
0
0
0.0213073
0.0730919
2.36848e-15
-2.36848e-15
2.64234
3.11071
0.904579
1.22768
11.6429
7.24016
0.255075
0.245125
0.65788
1.40519
2.45109
6.06884
3.09288
1.89687
6.59548
5.84288
3.54229
1.56224
1.22028
0.649876
0.636118
1.66384
1.80855
1.86934
0.603951
0.602066
0
5.92119e-16
0
0
0
0
0
0
0
0
0
0
0
0
0
0
0
0
0
0
0
0
0
0
0
0
0
0
0
0
0
0
0
0
0
0
0
0
0
0
0
0
0
0
0
2.36848e-15
0
0
0
0
0
0
1.14589
0.351568
1.20959
0.634567
11.8302
3.78756
8.10706
9.04801
1.41786
1.00612
8.90947
0
2.70335
3.67908
0
0
0
0
0
0
0
0
0
0
0
0
0
0
0
0
2.98545
2.86853
-1.18424e-15
-1.18424e-15
0.000828801
0.00111693
3.49781
1.13498
4.83828
38.1425
0.106777
0.011442
6.1862
2.56919
0.0154152
0.0106787
0.0887259
0.0809912
1.59989
1.34267
0.0628052
0.248707
1.68621
0.661893
0.00612694
0.00467449
1.00599
2.32107
0.0676942
0.198005
0.652071
0.590587
0.00532159
0.00554154
1.8995
1.69165
0.032615
0.216595
2.23757
0.783061
0.00344906
-1.18424e-15
0
0
0
1.18424e-15
0
0
0
0
0
0
0
0
0
0
0
0
0
0
0
0
0
0
-2.36848e-15
0
0
0
0
0
0
0
0
0
1.18424e-15
1.18424e-15
1.18424e-15
0
0
0
0.143787
0.769949
0
1.18424e-15
10.6398
13.4187
3.91257
0.412392
0.423706
0.694997
0.304366
0.250521
0.732059
0.665409
4.52367
8.45344
2.13293
6.24139
3.92254
4.82889
4.79136
2.18433
1.17859
0.646162
0.607033
1.64861
1.71494
1.78204
0.401073
0.0278886
0
0
0
0
0
0
0
0
0
0
0
0
0
0
0
0
0
0
0
0
0
0
0
0
0
0
0
0
0
0
0
0
0
0
0
0
0
0
0
0
0
0
0
0
-2.36848e-15
2.36848e-15
0
0
0
0
-1.18424e-15
-3.55271e-15
1.12971
0.0774178
1.23449
0.618834
13.9227
3.84939
1.3331
0.259015
1.40324
1.0129
2.39279
12.7644
3.93055
3.65034
0
0
0
0
0
0
0
5.92119e-16
0
0
0
0
0
0
0
0
3.19908
2.86581
-1.18424e-15
-1.18424e-15
0.000803339
0.00112291
3.61242
3.93072
0.0859176
0.136945
1.55163
1.36192
2.11117
1.46303
0.010237
0.00889979
0.0723648
0.0378637
1.27387
0.83169
0.0557805
0.18309
1.04003
0.35007
0.0117623
0.0082299
0.75942
1.26322
0.0332729
0.0554859
0.298073
0.153188
0.927606
0.0613059
0.948086
1.44456
0.0317914
0.214572
7.10981
5.86612
0.0011322
0.002132
0
0
1.18424e-15
1.18424e-15
-1.18424e-15
0
-1.18424e-15
-1.18424e-15
0
0
0
0
0
0
0
0
0
0
0
0
0
0
0
0
0
0
0
0
0
0
0
0
1.18424e-15
2.36848e-15
-5.92119e-16
-5.92119e-16
0.00756115
0.0567541
0.824063
1.11625
0
-9.4739e-15
12.4527
12.4116
0.883851
0.338178
0.688818
0.448236
0.477239
0.630594
0.853425
1.60191
4.072
7.19478
2.22805
2.41766
2.84836
3.20143
3.73198
2.93252
1.1657
0.65004
0.543789
1.44042
1.99873
2.2351
0.591867
0.46605
0.32179
0.320476
0
0
0.599173
0.683046
-1.77636e-15
-5.92119e-16
-5.92119e-16
0
0
0
0
0
0
0
0
0
0
0
0
0
0
0
0
0
0
0
0
0
0
0
0
0
0
0
0
0
0
0
0
0
0
0
2.36848e-15
0
1.18424e-15
0
2.36848e-15
-2.36848e-15
-1.18424e-15
-3.55271e-15
1.10146
0.413655
2.96463
1.01739
7.73077
5.16411
0.980629
1.50424
1.12806
1.0707
2.72472
6.03686
3.96794
2.34057
0
0
0
0
0
-2.36848e-15
1.18424e-15
5.92119e-16
0
0
0
0
0
0
0
0
5.76788
1.48069
0.0185799
1.18424e-15
0.000816935
0.0011355
9.39984
4.05828
0.0695794
0.0311167
0.865261
0.619425
1.51804
1.24403
0.0182109
0.0130212
0.0733371
0.0362352
0.675693
0.715091
0.0513869
0.123034
0.263083
0.243872
0.141149
0.0329009
0.390286
0.700898
0.0274352
0.0478328
0.235082
0.0664038
0.336494
0.855755
0.346897
1.329
0.0642203
0.195407
6.7052
4.08331
0.0132708
0.00181739
0.165943
-5.92119e-16
0.116932
1.37448
1.73433
-5.92119e-16
0.59185
0.47893
0
0
0
0
0
0
0
0
0
0
0
0
0
0
0
0
0
0
0
0
0
0
0
0
0.00739175
1.18424e-15
0
0
-2.36848e-15
-1.18424e-15
6.98773
8.06076
8.41027
10.8666
0.845891
0.436215
0.915546
0.798484
0.748919
0.607956
0.878479
0.671657
1.70852
1.31328
2.3926
4.27697
1.66655
2.06246
1.87029
3.20166
2.5602
2.55977
1.04684
0.610453
0.487388
1.20259
1.83864
2.00542
0.840994
0.778397
0.738406
0.86501
2.2666
1.70996
0.634774
0.275739
0
0
0
0
0
0
0
0
0
0
0
0
0
0
0
0
0
0
0
0
0
0
0
0
0
0
0
0
0
0
0
0
0
0
0
0
0
0
0.00694036
0.00136183
5.92119e-16
5.92119e-16
0
-2.36848e-15
0.582437
1.31673
0.0691619
0.0528247
2.04493
1.831
0.186996
3.05229
0.614235
1.20641
2.13344
0.407872
1.61309
5.97704
3.85665
2.28091
0
0
0
0
-2.36848e-15
-2.36848e-15
5.92119e-16
5.92119e-16
0
0
0
0
0
2.96059e-16
0
0
5.42408
1.51143
0.649887
0.502292
0.000790786
0.00116212
11.8637
6.50917
0.192942
0.0304227
0.687961
0.369577
0.950575
0.630298
0.026614
0.0260258
0.0579199
0.0351712
0.305079
0.387389
0.0416533
0.0944479
0.179857
0.091583
0.0813391
0.14571
0.278101
0.35766
0.246096
0.173374
0.124186
0.0801698
0.159653
0.348703
0.117974
0.413504
0.0426077
0.289576
4.54335
4.38231
0.0117413
0.0111232
0.228278
0.190384
0.576434
0.29544
3.22915
0.595561
0.333634
0.359116
0.569793
0.238264
0
0
0
0
0
0
0
0
0
0
0
0
0
0
-5.92119e-16
0.0469725
0
0
0.232247
1.96566
1.61834
0.360718
0.36413
0.729774
0.25156
0.112907
6.40473
11.5747
7.6098
10.5417
0.865553
1.20732
0.691735
1.19555
0.459724
0.716694
0.916174
0.794492
2.43685
1.25571
1.72864
1.1435
1.41417
1.83632
1.32797
1.34581
1.60963
1.65912
2.00077
2.04512
0.970294
0.581928
0.418081
0.797478
1.99387
1.92764
1.54739
1.13979
1.85094
1.31746
1.61116
1.59936
0.842664
1.34551
1.28107
1.31023
-1.18424e-15
0
0
0
0
0
0
0
0
0
0
0
0
0
0
0
0
0
0
0
0
0
0
0
0
0
0
0
0
0
0
0
0
0
0
2.36848e-15
1.39426
0.482995
0.192977
0.000310062
0.000192719
2.36848e-15
0.0125654
0.241723
0.926659
0.0212735
0.0486108
1.26851
0.0345374
0.00441501
0.194956
0.473086
0.373236
0.462861
1.18032
3.38934
2.69119
1.36539
3.32843
0.876253
0.325991
0.0702797
-3.55271e-15
-2.36848e-15
5.92119e-16
0
0
0
-2.96059e-16
0
0.191152
0.177703
0
-5.92119e-16
2.11309
1.54344
1.4355
0.41678
0.00271161
0.00118188
3.52118
6.05504
0.783802
0.60472
0.563485
0.204341
0.417052
0.321912
0.450705
0.0311336
0.0750734
0.339591
0.14507
0.243683
0.0378191
0.0741903
0.129938
0.0653141
0.0806476
0.120942
0.226677
0.243669
0.201934
0.489138
0.0965647
0.0696671
0.0946858
0.173368
0.0810169
0.147562
0.157077
0.217753
1.76153
3.72
0.0273548
0.0131824
0.520103
1.03394
0.34558
0.576904
1.3141
0.836279
0.502363
0.3477
0.572371
1.74178
2.39519
0.0535779
0.886638
0
5.92119e-16
0
0
0
-5.92119e-16
0
0
0
2.36848e-15
0
0
-5.92119e-16
0.987231
-1.18424e-15
0.551247
0.0095255
0.83199
1.05251
1.41818
1.78331
2.80094
2.07524
2.3335
2.36041
0.379361
0.34482
0.850965
0.839102
1.07095
0.783777
0.718935
0.965817
1.21257
0.96073
1.30151
1.16804
1.29679
1.53498
1.15438
1.31371
1.24691
1.35339
1.53155
1.89626
1.73516
1.6504
0.867881
0.539137
0.313033
0.605146
1.37348
1.85107
2.36845
2.0167
2.19153
2.18236
1.586
1.50744
0.885675
1.24449
1.94854
1.36983
0.0207947
0
0
0
0
0
3.55271e-15
1.18424e-15
3.55271e-15
0
-1.18424e-15
1.18424e-15
2.36848e-15
0
0
0
0
0
0
0
0
0
0
0
0
0
0
0
0
0
0
0
1.77636e-15
0
0
0
0.922617
0.390875
0.38553
0.0995149
1.83221
0.0174766
0.00844564
0.00759297
0.697908
0.250961
0.192966
0.50614
0.122449
0.00568838
0.087859
0.241135
0.306808
0.0532628
0.032723
1.78005
1.17323
0.940141
0.00345212
0.00451505
0.525208
0.133789
0.0104114
0.00655881
0.806427
0
0
0
2.96059e-16
-5.92119e-16
0.0164584
0.336544
0
0.0477471
0.545636
1.24686
0.196313
0.721059
0.00314916
0.00124769
1.5605
4.24191
0.753039
0.576333
0.430141
0.193627
0.355412
0.173578
0.578788
0.0544517
0.0651463
0.206151
0.147159
0.1933
0.0419786
0.0597543
0.122029
0.0511627
0.0735481
0.210389
0.173729
0.188222
0.613478
0.346261
0.0878258
0.0656941
0.0710522
0.0908775
0.0555079
0.096156
0.131274
0.287211
0.520455
1.26884
0.0667092
0.0257776
0.293003
0.442083
0.556432
0.587717
1.07627
1.66468
1.46091
0.854235
1.98608
1.35898
1.18443
0.65548
0.872315
1.47163
1.83055
1.48223
1.34459
0
-1.18424e-15
0.489807
1.97365
0.445299
1.42242
0.527686
1.81072
1.09031
0.970236
0.515048
0.984008
0.85686
1.07325
1.24814
1.03438
2.71123
0.9201
0.673342
0.915479
1.12963
0.710795
0.67586
0.940995
1.0477
0.994788
0.873416
0.969278
0.882445
0.98431
0.943037
1.11982
1.24003
1.21327
1.236
0.986642
1.23489
1.24943
1.3497
1.236
1.30482
1.39573
1.39523
0.764071
0.491294
0.254964
0.381283
0.749713
1.65519
1.61521
2.03951
2.04061
1.39422
1.44536
1.51083
2.42063
1.63373
2.21717
1.77316
2.04497
2.18899
2.04276
1.84966
0.0705578
0.171627
-1.18424e-15
1.18424e-15
0
0
0
1.18424e-15
2.36848e-15
0
-1.18424e-15
0
0
0
0
0
0
0
0
0
0
0
0
0
0
0
0
0
5.00389e-05
3.78093e-05
1.22054
0.44621
2.04503
1.593
0.645539
0.846038
1.83553
1.5591
0.0203055
0.00690899
0.712595
0.380463
0.167986
0.622825
0.0401463
0.00448979
0.0619923
0.173014
0.607135
0.0735999
0.0189806
0.303747
0.653246
0.872473
0.00605265
0.00877092
0.931443
0.559671
0.166097
0.00666151
0.115871
0.228276
0
0
-8.88178e-16
0
0.00145727
0.0521222
0
5.92119e-16
0.514835
0.360996
0.167565
0.187819
0.00920545
0.0013781
1.59243
1.16614
0.525287
0.479669
0.233071
0.156333
0.259227
0.17427
0.468912
0.052316
0.0588648
0.147719
0.135667
0.195895
0.043576
0.0551893
0.112107
0.0412944
0.0667177
0.139248
0.184039
0.139234
0.481199
0.35527
0.0815233
0.0526191
0.0629695
0.06638
0.0564466
0.0737726
0.207547
0.256964
0.253883
0.46213
0.0659816
0.046371
0.235121
0.370792
0.725522
1.13929
0.485852
1.1771
1.77438
1.08356
1.05978
1.29899
1.10842
1.024
0.944559
1.41991
0.462336
0.600357
0.988354
1.02737
1.37954
0.593112
1.629
1.45395
1.07124
1.49124
1.32084
1.92804
0.915535
0.657205
0.841002
1.28132
2.0316
2.08883
1.22748
1.75353
1.64726
0.794711
0.929897
0.900713
0.868578
0.887011
0.959791
0.983653
0.789558
0.78969
1.06508
1.11853
0.925784
1.07189
1.05742
0.986158
1.01547
1.09799
0.8078
0.980835
0.825861
0.963354
1.01366
1.1007
1.09016
1.11501
0.648123
0.434837
0.248969
0.320231
0.554289
0.769957
0.990602
1.61393
1.29886
1.69569
2.1189
2.26074
1.72406
2.02479
2.0744
1.684
0.907869
0.490233
0.664528
1.01391
0.238877
0.348748
0.679643
0.141581
0.00138217
0
0.0521897
0.043045
0.994629
1.13628
0.00894323
-2.36848e-15
0.0839381
0
0
0
0
0
0
0
0
0
0
0
4.49389
1.67373
4.07993
5.26938e-05
1.93678
1.87377
1.03144
0.532273
1.3065
1.05362
1.10715
0.892058
0.712355
1.17679
0.31538
0.221136
0.526859
0.423838
0.102554
0.591184
0.149921
0.296239
0.0991801
0.021656
0.882302
0.226793
0.0473922
0.0614206
0.282617
1.04771
0.0102276
0.0170385
0.0511659
0.623623
0.116608
0.0993599
0.0896564
0.126759
0.0208895
0.00384726
0.245144
0.0658155
0.00199096
0.0375086
2.23979
0.84127
0.24218
0.120094
0.00975059
0.156206
0.0129204
0.00567967
1.51566
1.06809
0.295842
0.305205
0.219233
0.140212
0.228469
0.129481
0.66164
0.108745
0.0631357
0.114507
0.131129
0.142257
0.04922
0.0585127
0.0516021
0.0499219
0.0664429
0.111275
0.226707
0.115731
0.379033
0.382535
0.076394
0.054744
0.0649478
0.0649722
0.0571454
0.0710332
0.140688
0.218275
0.127323
0.512685
0.232732
0.0794131
0.261835
0.338388
0.251967
0.58629
0.427035
0.801035
1.44819
1.50501
0.937511
1.05667
1.3587
1.15992
1.29137
1.13254
1.01423
0.824853
1.55047
1.29205
1.47334
1.86334
1.41807
1.63592
1.41979
1.01701
1.62078
1.10171
0.790571
0.914091
0.982856
1.18492
1.41514
1.48414
1.38535
1.40215
1.04978
1.04122
0.724312
0.77195
0.908639
1.11283
1.02843
1.02592
0.721261
0.971879
0.782539
0.815725
0.770209
0.783636
0.611929
0.745075
0.775884
0.789083
0.573997
0.678561
0.656442
0.80345
0.803357
0.867683
0.867038
0.908432
0.530446
0.368986
0.213103
0.304806
0.349994
0.583773
0.481335
0.710841
0.774359
0.893408
0.694555
0.82325
1.04047
0.886468
0.443674
1.06674
0.791203
1.1214
1.47472
0.684607
1.82801
0.626771
0.817233
0.575827
1.32762
0.0267539
0.00159756
0.000474559
0.38882
0.365716
0.124635
0.109154
0.0535377
0.00326863
0
0
0.0222663
0
0.0206076
0.0112864
0.804784
0.0376029
0.00546212
0.00210396
1.4009
0.937105
1.44812
6.20004
3.22895
5.63771
2.84991
2.19185
0.882681
0.77436
0.959946
1.27599
0.70002
2.49324
0.371029
0.133655
0.444436
0.373079
0.407174
0.310242
0.289053
0.275827
0.00708971
0.0131169
1.03508
0.350495
0.0322854
0.0120362
0.00731194
0.163599
0.0211072
0.0155933
0.0357223
0.0248537
0.11904
0.0993246
0.318205
0.329379
0.033057
0.320945
0.382869
0.101824
0.00579604
0.0332746
0.0791356
0.0139642
0.0093373
0.0569145
0.0231421
0.0102235
0.0160038
0.00691556
1.45645
0.647578
0.213688
0.175249
0.174903
0.119342
0.0772058
0.114115
0.571648
0.0952454
0.0648398
0.105892
0.116044
0.10408
0.0938362
0.0770302
0.0524293
0.0574001
0.0545905
0.140549
0.22744
0.145406
0.161482
0.174271
0.0590402
0.0505665
0.0919972
0.0865055
0.0600646
0.0679131
0.116715
0.143084
0.0904687
0.203086
0.357065
0.889569
0.332475
0.409628
0.272014
0.34595
0.498442
0.782137
1.4134
1.2115
0.902931
1.1936
1.26552
1.31672
1.47461
1.32412
1.14929
1.36747
1.17719
1.41995
1.20657
1.23074
1.12512
0.959615
0.986641
1.05383
1.11913
1.21564
1.36036
1.16843
1.09105
1.14348
1.0325
1.09031
0.90477
1.09361
0.880071
0.771717
0.711108
0.761048
0.756521
0.626476
0.665083
0.669064
0.509343
0.644087
0.61744
0.691219
0.616041
0.636724
0.492446
0.505971
0.535532
0.562447
0.472076
0.564419
0.538316
0.596489
0.651941
0.712189
0.699749
0.713404
0.434314
0.308418
0.183501
0.223067
0.245593
0.28508
0.428907
0.391604
0.495696
0.78718
1.24085
0.600834
1.17876
1.00187
1.732
0.929233
1.29385
0.84177
1.19889
1.07241
1.12747
1.46526
1.02074
1.73181
0.407236
0.951473
0.491305
0.405504
0.616327
0.697939
1.1799
1.90779
0.0481494
0.0209661
0.0362969
0.03918
0.19004
0.28226
0.348983
0.458185
0.401279
0.469707
1.04588
1.54877
1.28331
1.40014
0.794453
0.893003
0.551298
0.478477
1.44063
1.41597
0.444475
0.840973
0.445824
0.666112
0.465461
1.0556
0.33629
0.273728
0.626498
0.405094
0.442362
0.622312
0.279913
0.247631
0.00830402
0.0176517
1.1271
0.522836
0.0290296
0.0116148
0.0101219
0.00987731
0.0280638
0.0277145
0.0389793
0.0322712
0.116395
0.103175
0.0145803
0.0744077
0.0597956
0.00359
0.0543819
0.773429
1.9631
0.079299
0.121923
0.0109226
0.0429671
0.0101835
0.0383847
0.0679569
0.0390516
0.0334996
3.81461
3.56039
0.184148
0.123412
0.149689
0.112
0.0743681
0.0553296
0.431322
0.0799683
0.0647642
0.0991346
0.105796
0.11856
0.0967435
0.167126
0.0644566
0.0653975
0.0603986
0.110295
0.208135
0.120893
0.158538
0.173571
0.0695684
0.0447204
0.0862728
0.173818
0.0626877
0.122873
0.0710544
0.128311
0.0822603
0.0735598
0.331234
0.236508
0.288401
0.431609
0.323316
0.203384
0.45259
0.559059
0.925842
1.19772
0.980093
1.20592
1.20764
1.24145
1.33649
1.41287
1.24441
1.46042
1.26497
1.2466
1.09673
1.11615
0.980897
0.916589
0.845245
0.988382
0.80284
0.948218
0.971801
0.975918
0.78549
1.08744
0.862927
0.816096
0.752367
0.786177
0.601241
0.639653
0.626499
0.65055
0.524809
0.563649
0.518359
0.50095
0.456133
0.455231
0.47247
0.546859
0.472732
0.490692
0.450407
0.493052
0.416709
0.420577
0.44513
0.433847
0.451665
0.508907
0.525035
0.586541
0.570062
0.573412
0.351318
0.26591
0.175007
0.213659
0.210044
0.271669
0.434093
0.479007
0.774328
0.803831
0.677353
1.19334
0.627405
1.00496
1.02818
1.96333
1.24938
0.386859
0.394557
0.254655
0.790856
0.567882
0.265327
0.331492
0.490093
0.589728
0.226009
0.180125
0.360783
1.0921
0.912033
0.631192
0.0417062
0.0434292
0.0869103
0.0783434
0.330464
0.258729
0.544622
0.399862
1.78125
2.0492
0.872053
1.08613
0.790666
0.591277
0.583775
0.511491
0.471291
0.567003
0.851291
0.532363
0.801178
0.435848
0.305893
0.40221
0.306229
0.595649
0.551823
0.352022
0.631442
0.703243
0.771356
0.72357
0.217161
0.192352
0.0106746
0.0182537
0.0190513
1.35221
0.0390779
0.0117298
0.012533
0.0138007
0.0135393
0.014044
0.841392
0.207316
0.0278328
0.072862
0.0309804
0.0277529
0.0633828
0.0065464
0.266354
0.880818
0.942074
0.257454
0.16993
0.0200437
0.0504548
0.0326297
0.0720065
0.0636974
0.543274
0.0370822
3.24762
3.12233
0.176531
0.123225
0.611101
0.100049
0.0720987
0.0556161
0.419966
0.0720536
0.0630088
0.0943158
0.0837102
0.109469
0.0966884
0.159292
0.0571054
0.0623704
0.0679892
0.099105
0.0379103
0.0349457
0.131286
0.219281
0.179526
0.0555006
0.0819471
0.152867
0.0870767
0.120671
0.0648304
0.0939694
0.0854768
0.0882983
0.149454
0.330539
0.416771
0.504525
0.411412
0.222438
0.459042
0.505802
0.734233
0.815748
0.793661
0.988648
0.990905
1.17139
1.11494
1.16417
1.10344
1.10234
0.978233
0.931674
0.921247
1.15791
0.897986
0.949717
0.761831
0.777239
0.77071
0.802169
0.707832
0.883389
0.775499
0.765966
0.619222
0.584711
0.508838
0.522058
0.494396
0.469614
0.535299
0.493934
0.478507
0.443197
0.390371
0.443174
0.404773
0.402914
0.421666
0.454114
0.401487
0.433326
0.352417
0.380049
0.352434
0.38447
0.331029
0.362604
0.396087
0.437982
0.459287
0.502075
0.483965
0.461529
0.293906
0.221548
0.191243
0.194862
0.191807
0.267914
0.433671
0.570126
0.552969
0.615369
0.53071
0.592722
0.7072
0.402707
0.450923
0.34733
0.37867
0.609001
0.366544
0.421195
0.392634
0.649319
0.57003
0.276806
1.27017
0.488157
0.788609
1.45969
0.649036
0.182141
0.34537
0.475221
0.17894
0.0655404
0.61419
0.522974
0.347128
0.44684
0.495511
0.655251
0.379208
0.689078
1.36518
0.928609
0.892417
0.583657
0.184443
0.256199
0.845032
0.713126
0.336281
0.465446
0.58199
0.460132
0.391119
0.298993
0.290593
0.638706
0.758603
0.443058
0.599649
0.966401
0.568381
0.59634
0.159324
0.11582
0.0108692
0.0180285
0.0208714
0.0136975
0.0456066
0.0230223
0.0138288
0.0155001
0.0469992
0.0298215
0.915713
0.434482
0.0429364
0.0264088
0.0895153
0.0412837
0.0796929
0.064001
0.042656
0.62136
0.263191
0.09546
0.125032
0.142326
0.0463757
0.0282254
0.119554
0.0857766
0.840055
0.243728
1.98204
2.22868
0.16467
0.117478
0.480774
0.151487
0.0748011
0.0604977
0.377104
0.0703116
0.0826609
0.0936546
0.0822216
0.101577
0.098398
0.131661
0.0557832
0.172392
0.0577626
0.098941
0.0524
0.041744
0.0882003
0.111507
0.310578
0.0706926
0.0729509
0.127281
0.12727
0.127882
0.0525472
0.0825474
0.0747773
0.107358
0.172084
0.351104
0.368275
0.441441
0.436122
0.29427
0.380679
0.659608
0.638541
0.644112
0.67661
0.86396
0.877332
0.89997
0.889632
0.997614
0.877944
0.94634
0.829753
0.784775
0.882635
0.92551
0.812394
0.850921
0.818237
0.759418
0.674427
0.623866
0.579997
0.601336
0.493603
0.596276
0.489643
0.447858
0.441236
0.4794
0.394562
0.465983
0.41234
0.431898
0.333941
0.377462
0.318836
0.3148
0.342454
0.332035
0.350276
0.368668
0.317957
0.343944
0.300982
0.326168
0.306141
0.307595
0.290179
0.328844
0.33758
0.37466
0.396633
0.429628
0.414937
0.397882
0.247937
0.191171
0.128953
0.178949
0.249782
0.258861
0.251946
0.315172
0.582869
0.817029
0.977789
0.465219
0.479045
0.753412
0.399702
0.454434
0.365176
0.339267
0.394916
0.596091
0.27603
0.536976
0.435441
0.60856
0.0916517
0.349037
0.346053
0.433451
0.293032
0.704212
0.623455
0.928607
0.608279
0.693223
0.195657
0.234502
0.213249
0.240111
0.269898
0.229099
0.82222
0.853412
0.590252
0.529757
0.510759
0.329775
0.55749
0.662605
0.213333
0.173291
0.303151
0.508834
0.352963
0.292275
0.375241
0.365458
0.3149
0.653327
0.604242
0.428411
0.488292
0.740273
0.141638
0.213743
0.486544
0.12509
0.0757143
0.0342459
0.025547
0.0145195
0.0467097
0.0302321
0.0160902
0.0192766
0.0468601
0.0373231
0.942772
0.402268
0.0638772
0.0518661
0.0428826
0.0363162
0.0854669
0.114808
0.0434032
0.0628237
0.290596
0.275639
0.0649587
0.0774492
0.0804701
0.241862
0.115516
0.102836
0.427704
0.250259
1.39347
1.93206
0.177465
0.173439
0.41838
0.165396
0.0688232
0.131967
0.235916
0.0678173
0.116369
0.113779
0.0817645
0.100974
0.0971216
0.126543
0.0578174
0.0647068
0.0588612
0.0881766
0.066817
0.0628713
0.0855127
0.107217
0.0811885
0.167351
0.0805821
0.121605
0.116865
0.118005
0.0589055
0.0507858
0.0946131
0.0936843
0.194261
0.284951
0.332143
0.36563
0.318162
0.408407
0.321585
0.359569
0.626079
0.645022
0.568198
0.693407
0.849248
0.809358
0.732855
0.802265
0.667053
0.722507
0.633665
0.70356
0.551863
0.600773
0.513844
0.673086
0.534123
0.615547
0.521616
0.526399
0.465478
0.477987
0.438557
0.462821
0.418
0.396561
0.351312
0.385304
0.290713
0.33299
0.293726
0.319603
0.258376
0.27054
0.263971
0.277795
0.260312
0.293475
0.259096
0.284491
0.25771
0.297397
0.270584
0.279164
0.268066
0.264522
0.270768
0.288132
0.314271
0.325413
0.355434
0.380392
0.362882
0.339023
0.215312
0.17066
0.152041
0.181507
0.294375
0.19534
0.226219
0.206175
0.20452
0.360073
0.401497
0.74321
0.409116
0.539475
0.716267
0.829922
0.439801
0.279814
0.441581
0.332834
1.08478
0.329797
0.416444
0.265109
0.709392
0.775946
0.364208
0.357458
0.171243
0.264985
0.189529
0.278838
0.173209
0.174543
0.136743
0.179629
0.382471
0.294891
0.640921
0.814749
0.739859
0.722742
0.39491
0.32549
0.542449
0.503212
0.12462
0.152256
0.242993
0.257079
0.275416
0.40015
0.2644
0.302725
0.304844
0.274895
0.361987
0.585342
0.456256
0.274041
0.388483
0.507206
0.0953246
0.110755
0.468871
0.486167
0.569419
0.175649
0.058284
0.0153253
0.0517312
0.0383353
0.039948
0.0399325
0.0475604
0.0375484
0.185009
0.290838
0.0690537
0.0584941
0.045197
0.0552028
0.0889158
0.131062
0.0653508
0.0608554
0.104418
0.235914
0.0615422
0.0554127
0.0722647
0.170437
0.11494
0.104044
0.313937
0.178878
0.0811162
0.196985
0.179375
0.168297
0.355929
0.176644
0.0719677
0.128602
0.228897
0.0702352
0.111747
0.109741
0.0609297
0.0998244
0.0976016
0.122236
0.0625301
0.0666136
0.0694224
0.0909323
0.0687595
0.0716884
0.119406
0.147669
0.0786656
0.075573
0.0870466
0.115688
0.116038
0.107733
0.0634482
0.0572248
0.0903271
0.114652
0.213354
0.221114
0.405651
0.289223
0.32364
0.353592
0.350243
0.434144
0.553539
0.585079
0.549484
0.6788
0.745623
0.657026
0.443805
0.5137
0.48543
0.514445
0.456074
0.446799
0.399834
0.475052
0.356305
0.448676
0.377479
0.411833
0.304016
0.380772
0.312333
0.351969
0.29145
0.323672
0.269535
0.306379
0.246399
0.244046
0.246462
0.278826
0.221305
0.222657
0.195253
0.206645
0.221376
0.224905
0.209173
0.222395
0.203312
0.221347
0.22976
0.235616
0.209227
0.233057
0.213704
0.233828
0.240394
0.261357
0.271238
0.29604
0.318426
0.349156
0.316215
0.293264
0.194821
0.155232
0.169935
0.195725
0.259512
0.229938
0.28153
0.192838
0.174839
0.200975
0.265572
0.349218
0.384788
0.331346
0.443164
0.186047
0.120177
0.412984
0.456304
0.507085
0.508516
0.257219
0.742852
0.300807
0.3698
0.159602
0.209893
0.153384
0.134211
0.171071
0.153338
0.171337
0.13052
0.118287
0.420697
0.460148
0.368776
0.388654
0.714313
0.623593
0.293582
0.344997
0.172365
0.252151
0.131189
0.119863
0.167946
0.215559
0.251273
0.215172
0.253094
0.210466
0.24088
0.277967
0.250921
0.213339
0.355669
0.532353
0.239508
0.270128
0.403929
0.440921
0.123537
0.102706
0.177467
0.350999
0.0445875
0.0461931
0.0336075
0.0216381
0.0594346
0.0512508
0.0303344
0.0425044
0.0470239
0.038453
0.161113
0.110109
0.0632172
0.0584723
0.0662594
0.0544308
0.0786983
0.0632139
0.0899162
0.163358
0.0718629
0.0815323
0.0665862
0.0738203
0.0547252
0.251345
0.0792319
0.0880545
0.248571
0.158344
0.0918945
0.172695
0.226959
0.162024
0.0765351
0.075814
0.0710164
0.123335
0.087299
0.0704197
0.123552
0.106707
0.0677656
0.0790553
0.107654
0.11314
0.067909
0.0832567
0.075056
0.0912721
0.0729136
0.0730075
0.122409
0.150704
0.0939111
0.0837612
0.0956936
0.11634
0.280193
0.106905
0.126116
0.0582643
0.10175
0.188566
0.310517
0.22913
0.270776
0.35621
0.300374
0.335006
0.407655
0.458711
0.494019
0.559776
0.482049
0.512994
0.554139
0.579293
0.378484
0.347374
0.320798
0.351358
0.274334
0.329897
0.283271
0.298403
0.267831
0.254885
0.255737
0.267658
0.211881
0.247938
0.179227
0.21415
0.207339
0.231823
0.178718
0.199498
0.195724
0.20084
0.186386
0.182328
0.176704
0.172886
0.161184
0.188355
0.165254
0.181363
0.181297
0.191429
0.177015
0.189139
0.181047
0.192177
0.185589
0.197401
0.175182
0.196582
0.199282
0.225778
0.232112
0.2668
0.288958
0.309023
0.278644
0.261732
0.175421
0.147389
0.5657
0.264
0.067798
0.0671727
0.0292299
0.00236306
0.0213569
0.0463602
0.0603768
0.00917121
0.561662
0.29583
0.493513
0.112867
0.387038
0.0865723
0.0519192
0.028181
0.22646
0.312284
0.210802
0.221202
0.108067
0.0703536
0.0816961
0.0732309
0.0709717
0.137785
0.0901679
0.0885696
0.0722514
0.0739057
0.0836988
0.0615196
0.069879
0.0556864
0.0799314
0.234332
0.259643
0.0979942
0.122332
0.163016
0.12033
0.0649184
0.311167
0.124391
0.0604716
0.0223138
0.084976
