1.3986e+16
1.50789e+17
1.39928e+16
2.31515e+16
1.682e+17
1.64177e+17
1.22352e+17
9.66918e+15
1.4048e+16
8.57709e+15
5.5744e+16
2.44983e+17
2.07613e+17
1.87517e+17
2.1415e+17
1.94847e+17
2.06614e+17
7.73284e+15
2.77089e+17
1.91693e+17
2.46066e+17
2.82562e+17
2.12806e+17
2.45959e+16
1.03306e+16
2.86888e+16
1.90758e+17
1.73272e+17
1.91976e+17
1.57732e+17
2.16903e+17
3.32562e+16
3.64312e+16
2.73659e+16
5.46636e+18
4.97941e+18
5.88408e+18
4.30031e+18
7.37157e+18
4.23744e+18
8.7148e+18
2.48107e+17
4.16547e+18
1.16702e+19
3.47961e+18
1.76349e+17
3.23695e+18
3.14146e+18
2.1655e+17
2.4198e+17
2.46423e+19
2.45682e+18
2.57387e+18
4.09538e+16
2.38453e+18
2.81486e+18
2.48358e+18
2.08989e+18
2.85262e+18
1.65921e+18
7.08142e+16
8.28397e+16
6.84638e+16
3.39298e+18
4.69796e+16
1.33381e+17
2.6193e+18
1.36533e+18
5.41189e+16
1.51152e+17
4.59001e+18
2.98576e+16
1.87973e+17
1.25487e+18
3.34448e+16
2.55024e+18
2.90272e+17
4.04477e+16
4.28369e+17
3.10829e+16
2.42498e+18
4.5098e+16
2.05839e+16
3.53873e+17
3.33561e+16
2.35378e+18
4.44938e+16
3.57027e+17
7.48479e+18
5.15641e+18
6.29198e+18
9.44258e+18
6.86955e+18
5.0771e+18
1.32824e+19
4.0585e+16
2.33349e+18
4.37319e+18
1.60058e+19
1.77223e+17
1.1449e+18
4.66717e+18
9.66439e+17
3.77185e+18
2.97286e+17
3.02906e+16
1.91584e+19
1.37395e+19
9.31205e+18
1.36168e+18
1.91266e+18
3.54101e+18
1.59502e+18
1.72429e+18
2.51866e+16
3.74131e+18
3.07789e+18
2.91331e+17
3.50141e+16
2.87766e+18
9.62751e+17
7.13663e+16
9.22046e+17
3.80843e+17
3.93391e+16
2.65461e+18
3.19964e+16
3.11165e+18
4.67926e+17
2.48503e+16
2.68528e+18
2.4207e+18
2.29163e+18
2.96312e+18
7.81007e+17
4.69262e+17
2.41589e+18
3.13432e+18
7.46407e+16
1.63125e+16
1.23331e+17
3.27699e+16
7.27178e+17
6.53713e+17
2.00182e+18
8.56702e+17
4.75997e+16
1.73312e+17
1.58573e+17
3.28409e+16
5.99522e+18
3.01957e+18
6.77034e+18
3.80253e+16
1.9859e+18
3.42495e+16
5.04661e+18
4.91449e+16
4.57101e+16
8.34943e+18
1.77135e+18
1.75943e+17
3.99358e+16
4.61193e+18
2.15139e+16
4.18247e+16
1.81149e+18
3.60698e+16
1.67014e+18
2.44848e+18
1.51401e+18
1.65879e+18
1.70621e+18
3.56153e+17
3.69423e+18
2.51644e+19
6.32668e+18
3.99124e+16
1.35216e+17
4.52317e+18
3.14428e+18
3.06322e+18
1.83394e+18
2.06769e+18
8.77195e+16
1.25928e+17
7.75938e+16
1.53101e+18
3.95266e+18
1.31957e+18
3.62687e+16
3.2879e+18
6.37932e+16
3.50548e+18
1.63532e+17
2.78134e+17
1.49618e+17
3.37383e+17
9.73728e+17
4.51197e+16
5.0316e+16
4.80692e+18
2.90647e+18
2.54099e+18
4.28495e+16
3.40539e+16
2.88672e+16
4.0334e+16
8.60638e+17
1.03462e+18
1.15412e+18
3.32578e+16
1.40343e+16
2.31708e+18
8.42664e+17
6.78983e+17
7.80989e+17
1.89394e+18
4.54466e+16
2.4185e+18
1.48777e+18
5.81378e+18
6.4096e+18
5.99806e+18
5.91843e+18
4.86645e+18
4.53503e+18
8.63209e+18
4.16383e+16
2.90359e+16
8.22621e+18
1.41213e+19
4.14654e+16
4.54681e+16
9.96088e+17
5.15103e+18
4.34356e+18
7.78659e+18
1.10869e+19
8.62883e+17
1.05308e+18
6.22056e+17
4.13261e+16
1.94683e+18
1.27846e+19
4.66166e+18
2.77177e+17
1.95217e+17
1.73213e+17
2.27868e+16
1.8746e+16
7.24295e+18
2.40048e+16
4.15465e+16
2.42191e+16
2.77746e+16
1.72906e+18
3.10763e+16
2.66697e+16
3.3081e+18
1.73976e+18
8.69194e+18
1.29231e+19
1.5926e+16
3.40168e+18
1.43728e+17
4.35817e+17
7.54918e+17
5.61022e+17
4.2284e+16
3.6948e+16
4.44767e+18
3.22932e+16
1.65101e+17
2.68762e+18
1.76009e+17
9.20093e+16
7.55745e+16
7.13494e+16
8.82915e+16
6.28252e+16
8.61442e+16
5.88378e+16
7.24561e+16
1.63796e+18
1.19823e+18
2.33559e+16
2.25372e+18
6.11217e+16
1.89038e+18
1.67306e+16
1.4204e+16
1.67933e+18
1.68235e+16
2.30841e+17
1.93429e+17
9.78726e+17
1.96878e+18
2.45018e+18
2.86485e+18
2.94382e+16
3.95095e+16
4.21823e+16
5.62448e+16
1.78334e+16
1.92425e+16
5.46415e+16
1.10909e+17
7.95978e+16
7.18093e+16
5.42177e+16
1.3309e+17
1.20589e+17
1.19071e+17
8.82475e+16
8.06401e+16
7.1725e+16
1.5958e+17
1.49897e+17
1.29747e+17
9.39075e+16
1.61054e+18
4.08094e+16
1.88699e+16
3.91306e+16
5.00552e+16
2.66437e+16
1.57589e+16
1.78887e+16
1.57727e+16
1.64893e+16
1.42334e+16
1.63564e+15
1.67478e+15
3.36106e+15
1.56744e+15
1.50104e+15
6.1616e+15
4.0918e+15
3.05202e+15
2.46967e+15
2.08673e+15
1.61895e+15
2.58337e+15
1.6466e+15
3.00718e+15
2.0265e+15
5.97122e+15
3.53543e+15
4.6179e+15
5.40712e+15
5.22618e+15
2.02812e+15
2.51568e+15
2.26702e+15
7.39368e+15
5.71679e+15
7.22023e+15
8.22936e+15
1.04602e+16
1.36065e+16
1.39283e+16
2.14133e+16
2.70181e+16
7.78825e+15
7.60857e+15
6.84577e+15
1.70538e+15
1.84142e+15
1.24249e+16
7.10246e+15
9.79724e+15
1.14668e+16
1.33353e+16
1.10019e+16
1.53251e+16
1.78464e+16
1.58451e+17
1.67252e+17
3.26731e+16
1.48932e+16
1.39556e+16
1.94899e+16
2.56483e+16
5.26214e+16
2.38789e+16
5.43884e+16
4.21186e+16
1.62483e+16
9.3395e+15
1.2024e+16
9.18761e+15
1.09601e+16
6.91137e+15
1.809e+16
2.49074e+16
1.31599e+16
1.60314e+16
1.73291e+16
7.93034e+15
1.81402e+16
1.87908e+16
1.94309e+16
1.02804e+16
1.936e+16
4.67056e+16
4.72218e+16
4.73464e+16
5.4291e+16
1.21045e+16
4.73815e+16
5.92615e+16
3.39403e+16
4.02217e+16
3.40355e+16
3.51791e+16
3.96161e+16
7.34781e+16
6.68395e+16
6.0264e+16
3.99998e+16
3.72151e+16
3.79829e+16
3.60028e+16
4.0327e+16
3.78393e+16
3.38924e+16
3.3386e+16
3.16787e+16
4.92531e+16
5.44562e+16
6.85294e+16
5.34164e+16
4.32808e+16
3.7076e+16
3.64724e+16
4.49122e+16
3.7161e+16
3.1061e+16
4.85624e+16
5.55014e+16
5.1803e+16
1.44056e+16
2.32055e+16
2.68883e+16
3.48079e+16
1.30295e+16
3.28436e+16
1.67133e+17
1.29299e+17
1.04141e+16
4.0707e+16
1.97156e+16
1.23495e+16
9.75996e+15
1.07667e+16
3.18465e+16
1.21439e+17
9.83194e+16
1.6329e+17
3.806e+15
4.91646e+17
5.27347e+17
3.76125e+17
1.31037e+18
1.13025e+18
6.55838e+17
6.89955e+17
3.75662e+16
3.66038e+16
2.64901e+16
2.29349e+16
3.58943e+15
2.75185e+16
2.25933e+16
1.80269e+17
1.54664e+17
1.05981e+17
1.14334e+17
1.38682e+18
3.13959e+16
7.86976e+16
6.42585e+16
3.06841e+16
2.71626e+16
4.0789e+16
4.47617e+17
5.6004e+16
5.30397e+16
1.74415e+17
1.30576e+16
1.49034e+16
1.38698e+16
1.35875e+16
4.80855e+16
4.27456e+16
3.62056e+16
5.01689e+16
4.34021e+16
3.6178e+16
3.85323e+16
3.47427e+16
2.88752e+16
4.5129e+16
3.11429e+16
2.92942e+16
2.78703e+16
2.33923e+16
2.28272e+16
2.85387e+16
3.06115e+17
3.02021e+16
3.6823e+16
2.94038e+16
3.99142e+16
3.10369e+16
3.2419e+16
2.86805e+16
2.33027e+16
2.30777e+16
1.8377e+16
1.98317e+16
2.62448e+16
3.64445e+16
2.90129e+16
5.16625e+16
6.16296e+16
8.98198e+16
1.02983e+17
9.82727e+16
7.12887e+16
6.74187e+16
3.04702e+16
2.59291e+17
2.34732e+17
2.58394e+16
2.04971e+17
2.06283e+17
2.54351e+17
1.99924e+17
2.16239e+16
2.35349e+16
1.82932e+16
1.61802e+16
2.48581e+16
3.16502e+16
3.12615e+17
3.74654e+17
3.15928e+17
4.00365e+17
3.22652e+17
3.14301e+16
1.46501e+16
2.67169e+16
1.6165e+17
1.40205e+17
1.49972e+17
1.9422e+16
2.07316e+16
2.04447e+16
2.23671e+16
1.87619e+16
1.85758e+16
2.49366e+16
1.40243e+16
1.65602e+16
1.72127e+16
1.85362e+17
1.42197e+17
3.35549e+16
1.93298e+17
1.6302e+16
1.72196e+16
3.92208e+16
4.40771e+16
4.06821e+16
4.3488e+16
4.25643e+16
4.52432e+16
4.22865e+16
4.06422e+16
4.22179e+16
4.0539e+16
3.40379e+16
3.91884e+16
4.39788e+16
3.98261e+16
1.04104e+16
6.86607e+15
1.79831e+16
1.08404e+16
1.26686e+16
9.9507e+15
1.24298e+16
1.1116e+16
2.01526e+16
4.03441e+15
4.38853e+16
8.74804e+15
1.6738e+16
3.53596e+16
8.68583e+15
6.20147e+15
8.19465e+15
1.34889e+16
1.32801e+16
1.00693e+16
1.64928e+16
1.62958e+16
4.25902e+16
2.02887e+16
1.81089e+16
1.46681e+16
4.06734e+16
3.34913e+16
5.537e+16
2.50894e+16
3.08117e+16
2.93026e+16
3.32391e+16
3.94262e+16
4.1874e+16
6.13075e+16
5.93477e+16
6.05317e+16
4.11857e+16
3.52429e+16
3.40768e+16
6.14739e+15
7.80482e+15
1.95071e+16
1.50816e+16
1.41052e+16
3.11622e+16
2.17512e+16
1.16379e+17
1.10093e+17
1.00634e+17
2.63331e+16
3.36446e+16
6.55346e+16
5.30382e+16
4.6496e+16
5.11573e+16
5.98312e+16
5.31613e+16
5.32944e+16
5.9169e+16
3.28431e+16
4.10119e+16
9.95115e+15
1.17976e+16
3.40845e+16
3.09922e+16
4.84841e+16
2.28488e+16
2.94898e+16
3.38448e+16
4.10875e+16
5.71195e+16
4.31642e+16
4.85657e+16
2.6345e+16
2.89026e+16
3.8655e+16
2.93777e+16
2.45404e+16
2.39522e+16
1.85081e+16
3.24124e+16
3.75403e+16
2.20072e+16
2.73707e+16
2.24478e+16
4.08879e+16
2.74727e+16
3.65585e+16
2.60196e+16
3.1848e+16
2.65362e+16
3.80626e+16
2.26471e+16
2.31469e+16
2.37889e+16
4.06403e+16
3.73272e+16
3.04153e+16
2.51737e+16
3.48752e+16
2.32933e+16
2.92597e+16
2.68264e+16
3.15794e+16
2.06473e+16
3.33637e+16
2.62224e+16
3.94748e+16
4.0702e+16
3.20464e+16
2.19716e+16
2.4877e+16
2.43744e+16
2.88139e+16
3.28295e+16
3.82405e+16
3.32128e+16
1.9623e+16
2.48678e+16
2.99612e+16
1.9988e+16
2.93266e+16
3.49172e+16
3.67907e+16
3.42825e+16
1.47722e+16
1.7541e+16
3.98383e+16
3.12985e+16
2.45245e+16
3.82802e+16
4.3765e+16
4.45098e+16
1.9396e+16
9.47537e+15
1.30384e+16
1.56396e+16
4.13454e+16
2.62546e+16
2.38679e+16
2.12935e+16
2.1437e+16
1.59916e+16
2.84262e+16
1.72253e+16
1.77476e+16
3.03152e+16
3.26323e+16
3.0875e+16
3.36158e+16
3.43874e+16
4.6136e+16
1.67104e+16
1.17544e+16
8.98437e+15
3.95684e+16
3.02089e+16
2.56312e+16
3.99178e+16
3.64021e+16
3.21946e+16
4.26252e+16
3.78775e+16
3.08564e+16
2.30124e+16
2.93638e+16
3.36107e+16
2.4757e+16
2.22564e+16
2.64733e+16
2.46684e+16
3.4224e+16
3.17366e+16
3.04872e+16
2.80889e+16
3.1422e+16
3.48372e+16
3.7726e+16
1.18318e+16
8.14338e+15
1.2289e+16
1.34253e+16
1.14501e+16
2.653e+16
1.20517e+16
7.0363e+15
3.72298e+16
3.95501e+16
4.40115e+16
4.47665e+16
4.30642e+16
3.8814e+16
2.68857e+16
1.46549e+16
1.98933e+16
1.93911e+16
2.10789e+16
1.31862e+16
1.63924e+16
2.31769e+16
1.54942e+16
1.88094e+16
1.21324e+16
2.1943e+16
1.13399e+16
1.73441e+16
1.98971e+16
1.85735e+16
2.25337e+16
2.01138e+16
2.44326e+16
2.43078e+16
3.65766e+16
2.45258e+16
1.95545e+16
1.58665e+16
1.554e+16
1.62395e+16
1.57332e+16
2.16656e+16
1.76026e+16
1.25453e+16
1.74651e+16
2.01048e+16
1.45419e+16
2.23011e+16
3.30182e+16
2.7495e+16
3.43373e+16
3.28375e+16
2.98121e+16
3.4415e+16
3.34719e+16
4.67184e+16
3.53981e+16
3.81507e+16
3.0522e+16
3.62695e+16
3.52649e+16
3.54321e+16
4.15705e+16
4.87997e+16
3.95539e+16
3.35905e+16
3.034e+16
3.44311e+16
4.65958e+16
4.22189e+16
3.8596e+16
3.3726e+16
4.2454e+16
3.22763e+16
3.28099e+16
3.19344e+16
3.18423e+16
3.31717e+16
3.53847e+16
3.25622e+16
3.52679e+16
2.96534e+16
3.03409e+16
4.54742e+16
4.27358e+16
4.99392e+16
4.94402e+16
5.09766e+16
5.17418e+16
4.11723e+16
4.11076e+16
3.58841e+16
3.8586e+16
4.27979e+16
1.30123e+16
1.53576e+16
3.80033e+16
3.88921e+16
4.9552e+16
4.39219e+16
4.4738e+16
4.58235e+16
4.29063e+16
5.11614e+16
5.44381e+16
5.14792e+16
5.27e+16
5.3988e+16
5.69739e+16
4.70462e+16
3.27895e+16
3.10493e+16
3.47153e+16
3.1496e+16
3.68831e+16
3.99125e+16
3.9177e+16
4.57936e+16
3.90844e+16
3.37664e+16
3.22821e+16
4.5374e+16
4.14118e+16
4.43898e+16
4.38184e+16
5.22206e+16
4.77153e+16
4.64142e+16
3.65012e+16
2.92234e+16
4.77598e+16
2.77078e+16
3.18678e+16
3.03606e+16
4.17317e+16
4.47041e+16
4.28245e+16
3.89539e+16
3.21089e+16
3.30223e+16
3.97419e+16
3.7443e+16
4.46935e+16
4.72876e+16
3.27318e+16
2.79217e+16
3.60948e+16
3.9228e+16
3.78432e+16
3.31538e+16
2.73785e+16
3.77087e+16
4.52643e+16
3.53694e+16
3.21051e+16
3.46168e+16
3.50698e+16
4.73766e+16
3.47601e+16
3.84036e+16
3.13346e+16
3.20162e+16
3.14346e+16
3.20817e+16
3.67924e+16
4.35039e+16
4.10714e+16
4.3564e+16
2.73301e+17
3.70891e+16
3.90101e+16
3.00391e+16
3.10422e+16
2.76514e+16
2.87591e+16
2.08225e+16
2.77362e+16
3.36032e+16
1.38336e+16
1.15544e+16
1.28776e+16
1.30548e+16
8.99119e+15
3.30529e+16
4.58337e+16
2.80234e+16
2.60137e+16
3.72412e+16
2.53958e+16
3.55132e+16
3.14118e+16
1.77934e+16
9.56229e+15
1.17216e+16
7.8613e+15
9.92821e+15
4.40932e+16
4.6531e+16
1.3146e+16
4.66692e+16
3.2234e+16
2.73536e+16
2.2407e+16
1.95113e+16
8.96144e+15
1.3238e+16
9.74241e+15
1.76937e+16
2.02481e+16
1.20351e+16
1.57878e+16
7.30367e+15
9.25608e+15
1.61837e+16
4.52077e+16
4.85586e+16
5.64486e+16
4.90644e+16
3.58026e+16
2.62735e+16
3.48939e+16
2.99503e+16
2.86093e+16
2.71882e+16
2.63347e+16
2.50477e+16
3.24073e+16
8.36678e+15
1.72106e+16
1.34552e+16
6.60316e+15
1.38911e+16
9.57954e+16
6.16449e+16
7.83238e+16
1.79632e+16
3.17776e+16
3.15161e+16
2.47835e+16
2.555e+16
3.19691e+16
2.59977e+16
2.62132e+16
2.97794e+16
1.08799e+16
2.87832e+16
3.05347e+16
3.27143e+16
3.78231e+16
2.83528e+16
2.61887e+16
1.27589e+16
4.02522e+16
3.50556e+16
4.70356e+16
1.35382e+17
2.52783e+16
2.78891e+16
3.29134e+16
3.44068e+16
2.06527e+16
1.81122e+16
1.35563e+16
2.05833e+16
2.11329e+16
3.17179e+16
2.00274e+16
1.13691e+16
1.81858e+16
3.33305e+16
2.48617e+16
2.26454e+16
3.11938e+16
2.24244e+16
2.82497e+16
1.88448e+16
2.04065e+16
4.00857e+16
3.15195e+16
3.51518e+16
3.32338e+16
2.75719e+16
1.38518e+19
1.16155e+19
8.20108e+18
7.68847e+18
6.3869e+18
6.0751e+18
5.03036e+18
4.82852e+18
4.11181e+18
4.29342e+18
3.79913e+18
3.78017e+18
3.51008e+18
3.34802e+18
3.02039e+18
3.23579e+18
2.85772e+18
3.12241e+18
2.89226e+18
2.89809e+18
2.31671e+18
2.63235e+18
2.14144e+18
2.23292e+18
1.77425e+18
1.97652e+18
1.66658e+18
1.96641e+18
1.59688e+18
1.94672e+18
1.51511e+18
1.79208e+18
1.37602e+18
1.58753e+18
1.16766e+18
1.55205e+18
1.2652e+18
1.524e+18
1.09549e+18
1.22843e+18
1.00917e+18
1.28677e+18
8.90792e+17
1.31018e+18
9.29281e+17
9.68644e+17
6.67435e+17
7.14998e+17
0
0
0
0
0
0
0
0
0
0
0
0
0
0
0
0
0
0
0
0
0
0
0
0
0
0
0
0
0
0
0
0
0
0
0
0
0
0
0
0
0
0
0
0
0
0
0
0
0
0
0
0
0
0
0
0
0
0
0
0
0
0
0
0
0
0
0
0
0
0
0
0
0
0
0
0
0
0
0
0
0
0
0
0
0
0
0
0
0
0
0
0
0
0
0
0
6.1201e+17
7.66411e+17
6.35809e+17
6.26763e+17
5.69707e+17
7.18753e+17
6.15857e+17
6.47482e+17
5.17879e+17
6.0798e+17
6.29952e+17
6.41969e+17
3.46136e+17
3.18026e+17
2.26583e+17
2.2678e+17
2.29777e+17
2.74865e+17
3.03268e+17
3.12319e+17
2.0258e+17
2.25448e+17
2.42177e+17
3.60044e+17
3.8995e+17
5.48703e+17
7.79732e+17
9.16297e+17
9.49679e+17
1.06544e+18
1.20921e+18
1.54069e+18
1.36005e+18
1.52079e+18
1.4819e+18
1.75077e+18
1.59418e+18
1.77702e+18
1.8455e+18
1.81615e+18
1.90665e+18
2.19331e+18
2.09915e+18
2.364e+18
2.63449e+18
3.09899e+18
4.52553e+18
6.02964e+18
1.39025e+19
1.1542e+19
7.91683e+18
6.91314e+18
5.21539e+18
5.27955e+18
4.41632e+18
4.01711e+18
3.52001e+18
3.60787e+18
3.45904e+18
3.44177e+18
2.86049e+18
2.94361e+18
2.48558e+18
2.65807e+18
2.34384e+18
2.41701e+18
2.32418e+18
2.22582e+18
1.82801e+18
1.96981e+18
1.55496e+18
1.47378e+18
1.26175e+18
1.34935e+18
1.06797e+18
1.1565e+18
1.02735e+18
1.20658e+18
1.00489e+18
1.10563e+18
8.12832e+17
9.81756e+17
6.3516e+17
7.95639e+17
7.28506e+17
8.95757e+17
6.20864e+17
6.9565e+17
5.49686e+17
6.6036e+17
5.52245e+17
6.10751e+17
4.8349e+17
6.32722e+17
3.99854e+17
4.53207e+17
0
0
0
0
0
0
0
0
0
0
0
0
0
0
0
0
0
0
0
0
0
0
0
0
0
0
0
0
0
0
0
0
0
0
0
0
0
0
0
0
0
0
0
0
0
0
0
0
0
0
0
0
0
0
0
0
0
0
0
0
0
0
0
0
0
0
0
0
0
0
0
0
0
0
0
0
0
0
0
0
0
0
0
0
0
0
0
0
0
0
0
0
0
0
0
0
3.37476e+17
4.67309e+17
3.36128e+17
4.2704e+17
3.47435e+17
4.84684e+17
4.10082e+17
4.98402e+17
3.3853e+17
4.09152e+17
3.92779e+17
4.33257e+17
2.79667e+17
2.12034e+17
2.05017e+17
1.70839e+17
1.50008e+17
2.07209e+17
1.42661e+17
1.68391e+17
1.24177e+17
1.6957e+17
1.66541e+17
2.57717e+17
3.00136e+17
4.13686e+17
6.09481e+17
7.21544e+17
7.00914e+17
8.51932e+17
8.42476e+17
1.08245e+18
1.098e+18
1.24294e+18
1.19919e+18
1.5451e+18
1.34905e+18
1.41956e+18
1.51988e+18
1.63196e+18
1.77131e+18
1.86022e+18
1.81925e+18
2.16611e+18
2.56652e+18
2.91381e+18
4.55417e+18
6.39546e+18
1.36933e+19
1.10649e+19
7.54829e+18
6.29296e+18
4.43336e+18
4.47827e+18
3.75544e+18
3.5755e+18
2.79678e+18
2.94849e+18
2.41134e+18
2.71742e+18
2.26734e+18
2.26671e+18
2.03579e+18
2.0452e+18
1.94581e+18
2.06455e+18
1.64302e+18
1.62642e+18
1.35494e+18
1.36867e+18
1.09457e+18
1.09349e+18
8.63065e+17
8.70563e+17
7.4115e+17
7.55936e+17
7.60472e+17
7.53247e+17
6.47975e+17
7.66986e+17
5.20919e+17
5.8639e+17
4.09611e+17
4.31312e+17
4.39652e+17
5.60685e+17
3.48899e+17
4.12107e+17
3.099e+17
3.5583e+17
2.86166e+17
3.29203e+17
2.91623e+17
2.99789e+17
2.29319e+17
2.53901e+17
0
0
0
0
0
0
0
0
0
0
0
0
0
0
0
0
0
0
0
0
0
0
0
0
0
0
0
0
0
0
0
0
0
0
0
0
0
0
0
0
0
0
0
0
0
0
0
0
7.31709e+12
2.21066e+10
0
0
0
0
0
0
0
0
0
0
0
0
0
0
0
0
0
0
0
0
0
0
0
0
0
0
0
0
0
0
0
0
0
0
0
0
0
0
0
0
0
0
0
0
0
0
2.03211e+17
2.3123e+17
2.06896e+17
2.49232e+17
1.91428e+17
2.38651e+17
2.53684e+17
3.01872e+17
2.23288e+17
2.39511e+17
2.35124e+17
2.99784e+17
2.31009e+17
1.97774e+17
1.05404e+17
1.22773e+17
8.48838e+16
1.14565e+17
9.19034e+16
1.17032e+17
7.92059e+16
1.01123e+17
1.66003e+17
1.66419e+17
2.81496e+17
3.75699e+17
3.60577e+17
4.59203e+17
5.40465e+17
6.52677e+17
6.47611e+17
7.30905e+17
8.65642e+17
9.66273e+17
9.24864e+17
1.17164e+18
1.08519e+18
1.18677e+18
1.23457e+18
1.34695e+18
1.48608e+18
1.5743e+18
1.57304e+18
1.79763e+18
2.25008e+18
2.77176e+18
4.98651e+18
6.9605e+18
1.3379e+19
1.09957e+19
6.65962e+18
5.81798e+18
3.84067e+18
3.4616e+18
2.93059e+18
3.04655e+18
2.23087e+18
2.39712e+18
2.13509e+18
2.19679e+18
1.86489e+18
1.84614e+18
1.44781e+18
1.6254e+18
1.55222e+18
1.50269e+18
1.11354e+18
1.18004e+18
1.04657e+18
1.02389e+18
8.02327e+17
7.51172e+17
5.9447e+17
6.58733e+17
5.54288e+17
5.55418e+17
4.75591e+17
4.99106e+17
4.47188e+17
4.34618e+17
3.16277e+17
3.90722e+17
2.41442e+17
2.75329e+17
2.92612e+17
3.1918e+17
2.69026e+17
2.43672e+17
1.80939e+17
1.92873e+17
1.35012e+17
1.71508e+17
1.6422e+17
1.70562e+17
1.41629e+17
1.39866e+17
0
0
0
0
0
0
0
0
0
0
0
0
0
0
0
0
0
0
0
0
0
0
0
0
0
0
0
0
0
0
0
0
0
0
0
0
0
0
0
0
0
0
0
0
0
0
0
0
7.25863e+12
2.11615e+12
0
0
0
0
0
0
0
0
0
0
0
0
0
0
0
0
0
0
0
0
0
0
0
0
0
0
0
0
0
0
0
0
0
0
0
0
0
0
0
0
0
0
0
0
0
0
1.17901e+17
1.23765e+17
1.25481e+17
1.4473e+17
1.05463e+17
1.59414e+17
1.67097e+17
1.64886e+17
1.40269e+17
1.50335e+17
1.48526e+17
1.87554e+17
1.674e+17
1.51258e+17
7.18962e+16
9.15746e+16
5.49328e+16
5.89783e+16
8.2363e+16
8.12287e+16
5.0938e+16
5.01771e+16
1.24299e+17
1.61537e+17
1.82986e+17
2.11808e+17
2.28604e+17
2.67294e+17
3.73509e+17
4.54728e+17
4.59607e+17
6.0139e+17
6.017e+17
7.35619e+17
7.36387e+17
8.67812e+17
9.27766e+17
9.34641e+17
9.50039e+17
1.13638e+18
1.21832e+18
1.32015e+18
1.32961e+18
1.53756e+18
1.96701e+18
2.56222e+18
5.11257e+18
7.55477e+18
1.32763e+19
1.08717e+19
5.67279e+18
4.77945e+18
2.96155e+18
2.82619e+18
2.32222e+18
2.41421e+18
1.93589e+18
1.9686e+18
1.67388e+18
1.60786e+18
1.28019e+18
1.45907e+18
1.07742e+18
1.15891e+18
1.08662e+18
1.07804e+18
8.37975e+17
8.31007e+17
7.26972e+17
7.56244e+17
5.35875e+17
4.58082e+17
4.18426e+17
3.89192e+17
3.4917e+17
3.54232e+17
2.64941e+17
3.10965e+17
2.84339e+17
3.41477e+17
1.97549e+17
1.97521e+17
1.36278e+17
1.49009e+17
1.52684e+17
1.85901e+17
1.41038e+17
1.65265e+17
1.1999e+17
1.16837e+17
8.64053e+16
9.9406e+16
1.01826e+17
1.38547e+17
8.54324e+16
8.42244e+16
0
0
0
0
0
0
0
0
0
0
0
0
0
0
0
0
0
0
0
0
0
0
0
0
0
0
0
0
0
0
0
0
0
0
0
0
0
0
0
0
0
0
0
0
0
0
0
0
7.20367e+12
2.11674e+12
0
0
0
0
0
0
0
0
0
0
0
0
0
0
0
0
0
0
0
0
0
0
0
0
0
0
0
0
0
0
0
0
0
0
0
0
0
0
0
0
0
0
0
0
0
0
7.15638e+16
8.01953e+16
7.44044e+16
9.21696e+16
6.34039e+16
9.20389e+16
1.03451e+17
1.00389e+17
8.80277e+16
1.12216e+17
6.96271e+16
1.1077e+17
9.11091e+16
1.13047e+17
4.98981e+16
7.28113e+16
2.60502e+16
2.79188e+16
6.16623e+16
5.72986e+16
4.14668e+16
2.8199e+16
6.4134e+16
1.09923e+17
9.97975e+16
1.27003e+17
1.42199e+17
1.84508e+17
2.71069e+17
3.07959e+17
3.15316e+17
4.46877e+17
4.38286e+17
5.71174e+17
5.26065e+17
6.31207e+17
7.53736e+17
7.7493e+17
6.95984e+17
8.12193e+17
1.03197e+18
1.16121e+18
1.03629e+18
1.26454e+18
1.70954e+18
2.31931e+18
5.14124e+18
7.73739e+18
1.21242e+19
9.65291e+18
4.94718e+18
3.71969e+18
2.37703e+18
2.1208e+18
1.8154e+18
1.82224e+18
1.55246e+18
1.5152e+18
1.04818e+18
1.16101e+18
9.53786e+17
1.05031e+18
6.61569e+17
8.24803e+17
6.54535e+17
7.49513e+17
5.62309e+17
6.07287e+17
4.47861e+17
5.06809e+17
3.58264e+17
2.93771e+17
2.62164e+17
3.05819e+17
2.05791e+17
1.92935e+17
1.6138e+17
2.11477e+17
1.46289e+17
1.95017e+17
1.22485e+17
1.55231e+17
7.78002e+16
1.10115e+17
9.28609e+16
9.22485e+16
9.11295e+16
9.82617e+16
6.10498e+16
7.14767e+16
5.88109e+16
5.41994e+16
5.8399e+16
8.69261e+16
7.15817e+16
5.71419e+16
0
0
0
0
0
0
0
0
0
0
0
0
0
0
0
0
0
0
0
0
0
0
0
0
0
0
0
0
0
0
0
0
0
0
0
0
0
0
0
0
0
0
0
0
0
0
0
0
7.15212e+12
2.11529e+12
0
0
0
0
0
0
0
0
0
0
0
0
0
0
0
0
0
0
0
0
0
0
0
0
0
0
0
0
0
0
0
0
0
0
0
0
0
0
0
0
0
0
0
0
0
0
3.80319e+16
6.74236e+16
3.94997e+16
5.58069e+16
4.66604e+16
4.60056e+16
5.87835e+16
5.28006e+16
4.96779e+16
6.12341e+16
4.30383e+16
4.4888e+16
6.94119e+16
5.99659e+16
3.87599e+16
3.24111e+16
1.47832e+16
1.67617e+16
2.90325e+16
3.47779e+16
2.59858e+16
3.6124e+16
4.04819e+16
6.39683e+16
5.38713e+16
7.28807e+16
9.56199e+16
1.6094e+17
1.92037e+17
2.06963e+17
1.86929e+17
2.86272e+17
2.60531e+17
3.86426e+17
3.66022e+17
5.0829e+17
5.22442e+17
5.93678e+17
5.18902e+17
6.19818e+17
7.78305e+17
8.48784e+17
8.662e+17
1.10179e+18
1.49412e+18
2.03252e+18
5.0676e+18
8.21364e+18
1.11836e+19
8.44295e+18
3.83105e+18
3.10457e+18
2.04948e+18
1.97731e+18
1.38094e+18
1.3085e+18
1.02672e+18
1.10206e+18
8.40351e+17
8.64079e+17
7.17585e+17
7.54311e+17
5.0548e+17
5.4275e+17
4.00673e+17
4.70324e+17
3.05358e+17
3.35327e+17
2.73879e+17
3.21573e+17
2.18881e+17
1.75965e+17
1.75882e+17
1.95951e+17
1.25404e+17
1.24437e+17
1.04798e+17
1.07648e+17
7.85541e+16
1.0964e+17
8.02305e+16
9.4204e+16
5.35999e+16
6.40518e+16
5.55283e+16
6.20569e+16
5.92314e+16
6.59143e+16
4.37489e+16
4.8517e+16
4.19075e+16
4.61324e+16
4.24753e+16
5.41418e+16
4.64561e+16
4.83784e+16
0
0
0
0
0
0
0
0
0
0
0
0
0
0
0
0
0
0
0
0
0
0
0
0
0
0
0
0
0
0
0
0
0
0
0
0
0
0
0
0
0
0
0
0
0
0
0
0
7.10382e+12
2.11188e+12
0
0
0
0
0
0
0
0
0
0
0
0
0
0
0
0
0
0
0
0
0
0
0
0
0
0
1.7154e+08
1.70512e+08
0
0
0
0
0
0
0
0
0
0
0
0
0
0
0
0
0
0
3.70087e+16
4.42894e+16
3.17554e+16
3.3134e+16
3.11252e+16
2.38584e+16
4.46763e+16
3.67592e+16
2.26673e+16
4.40221e+16
2.94561e+16
3.16616e+16
2.97563e+16
2.82769e+16
2.0841e+16
2.58884e+16
8.02712e+15
1.42054e+16
8.95238e+15
2.37135e+16
1.07778e+16
1.95976e+16
1.64619e+16
2.44154e+16
3.26198e+16
4.97649e+16
6.08719e+16
1.03018e+17
1.19944e+17
1.58257e+17
1.23053e+17
1.38496e+17
1.69702e+17
2.00814e+17
2.40769e+17
3.35399e+17
3.59645e+17
4.15659e+17
4.02266e+17
4.32916e+17
5.74091e+17
6.53221e+17
6.46548e+17
8.44954e+17
1.14639e+18
1.76358e+18
5.01196e+18
8.64248e+18
1.06852e+19
7.92652e+18
3.15845e+18
2.35937e+18
1.43497e+18
1.42854e+18
9.7397e+17
9.84461e+17
7.78682e+17
8.07055e+17
6.05671e+17
5.17951e+17
4.74034e+17
5.11875e+17
3.31134e+17
3.5445e+17
2.48009e+17
2.96328e+17
1.9684e+17
1.76059e+17
1.916e+17
1.92547e+17
1.55902e+17
1.26344e+17
7.16023e+16
1.13251e+17
5.78098e+16
7.06052e+16
8.00997e+16
7.0638e+16
5.96431e+16
6.215e+16
4.60011e+16
4.35624e+16
4.55923e+16
3.16469e+16
2.60466e+16
3.93454e+16
3.64968e+16
4.00992e+16
3.34428e+16
3.2939e+16
2.71294e+16
2.88354e+16
2.317e+16
3.93332e+16
2.25489e+16
3.79698e+16
0
0
0
0
0
0
0
0
0
0
0
0
0
0
0
0
0
0
0
0
0
0
0
0
0
0
0
0
0
0
0
0
0
0
0
0
0
0
0
0
0
0
0
0
0
0
0
0
7.05867e+12
2.10658e+12
0
0
0
0
0
0
0
0
0
0
0
0
0
0
0
0
0
0
0
0
0
0
0
0
0
0
1.52872e+09
4.47632e+10
0
0
0
0
0
0
0
0
0
0
0
0
0
0
0
0
0
0
2.44727e+16
2.9046e+16
1.88612e+16
2.67837e+16
2.03434e+16
1.93734e+16
1.69186e+16
3.23204e+16
1.33697e+16
1.70909e+16
1.18581e+16
1.55641e+16
1.10373e+16
1.45696e+16
7.31732e+15
1.48237e+16
7.45984e+15
7.13261e+15
3.85994e+15
9.44969e+15
6.00967e+15
5.27288e+15
8.61495e+15
1.37805e+16
1.29308e+16
2.62e+16
4.13136e+16
5.82559e+16
7.25574e+16
1.02559e+17
8.3064e+16
9.24265e+16
1.05242e+17
1.16126e+17
1.428e+17
2.06813e+17
2.34603e+17
2.78161e+17
2.96201e+17
3.25139e+17
3.93972e+17
4.62899e+17
4.61503e+17
6.68572e+17
9.19497e+17
1.33901e+18
4.91374e+18
8.80133e+18
1.06367e+19
7.03365e+18
2.37285e+18
1.92488e+18
9.95967e+17
9.98029e+17
6.36303e+17
6.42875e+17
5.16177e+17
6.08673e+17
3.8239e+17
4.21755e+17
2.73378e+17
3.45945e+17
1.70067e+17
2.08425e+17
1.34427e+17
1.77534e+17
1.41076e+17
1.21719e+17
9.44659e+16
1.12949e+17
5.8296e+16
6.95318e+16
4.46268e+16
4.51114e+16
3.64129e+16
3.59735e+16
3.40191e+16
4.36785e+16
1.88472e+16
3.72347e+16
2.60846e+16
2.41596e+16
2.38013e+16
2.32458e+16
2.14579e+16
2.38398e+16
2.0788e+16
2.44392e+16
1.98583e+16
2.15384e+16
1.19028e+16
1.69894e+16
1.14201e+16
2.08111e+16
1.36785e+16
1.49921e+16
0
0
0
0
0
0
0
0
0
0
0
0
0
0
0
0
0
0
0
0
0
0
0
0
0
0
0
0
0
0
0
0
0
0
0
0
0
0
0
0
0
0
0
0
0
0
0
0
7.01657e+12
2.09947e+12
0
0
0
0
0
0
0
0
9.83369e+12
1.50608e+13
0
0
0
0
0
0
0
0
0
0
0
0
0
0
1.22023e+08
8.46793e+09
4.47998e+09
4.31228e+10
0
0
0
0
0
0
0
0
0
0
0
0
0
0
0
0
0
0
9.84131e+15
1.50172e+16
6.60506e+15
1.23674e+16
1.41243e+16
1.25431e+16
8.96595e+15
1.53732e+16
7.63674e+15
1.18174e+16
8.49501e+15
8.93483e+15
6.9492e+15
6.81131e+15
5.2399e+15
5.83672e+15
7.89958e+15
3.22364e+15
4.60712e+15
4.51585e+15
4.70996e+15
3.33876e+15
2.9977e+15
7.88029e+15
5.19454e+15
1.18356e+16
1.39079e+16
3.30529e+16
3.1803e+16
4.91147e+16
5.53797e+16
5.53394e+16
5.69457e+16
6.87708e+16
8.6253e+16
1.24054e+17
1.43613e+17
1.75778e+17
1.73916e+17
2.16264e+17
2.34961e+17
3.04864e+17
3.44782e+17
4.686e+17
7.30937e+17
1.23869e+18
4.73614e+18
8.89957e+18
1.06742e+19
6.53238e+18
1.74355e+18
1.36793e+18
7.2542e+17
6.49262e+17
4.46914e+17
5.08405e+17
3.28164e+17
3.84026e+17
2.35692e+17
2.73737e+17
1.90708e+17
1.853e+17
9.95604e+16
1.19275e+17
6.53577e+16
7.9312e+16
8.87422e+16
7.34095e+16
4.03726e+16
5.13581e+16
3.87653e+16
3.89423e+16
3.57177e+16
3.19782e+16
2.19611e+16
2.67061e+16
1.70509e+16
1.61692e+16
1.12803e+16
2.32965e+16
1.21834e+16
1.20778e+16
1.59984e+16
1.53253e+16
1.02043e+16
1.41798e+16
1.00329e+16
1.81523e+16
8.7873e+15
1.07356e+16
6.44169e+15
1.08926e+16
6.69282e+15
1.20462e+16
8.75049e+15
9.58622e+15
0
0
0
0
0
0
0
0
0
0
0
0
0
0
0
0
0
0
0
0
0
0
0
0
0
0
0
0
0
0
0
0
0
0
0
0
0
0
0
0
0
0
0
0
0
0
2.79379e+12
5.28752e+11
6.97741e+12
2.09058e+12
0
0
0
0
0
0
2.6855e+10
0
9.70422e+12
5.26938e+13
0
0
0
0
0
0
0
0
0
0
0
0
0
0
4.32237e+08
2.17684e+10
4.11773e+09
4.15302e+10
0
0
0
0
0
0
0
0
0
0
0
0
0
0
0
0
0
0
4.52312e+15
7.49447e+15
3.97394e+15
5.58006e+15
7.38479e+15
1.0954e+16
5.23718e+15
9.43443e+15
6.00832e+15
6.57253e+15
6.01373e+15
6.2313e+15
3.74831e+15
4.88625e+15
3.18812e+15
4.43036e+15
2.49688e+15
1.50726e+15
3.10145e+15
2.3304e+15
2.54075e+15
2.14356e+15
1.64577e+15
4.56628e+15
4.69886e+15
3.55099e+15
7.85473e+15
1.38853e+16
1.2932e+16
2.09106e+16
2.38495e+16
2.63787e+16
2.22227e+16
3.14105e+16
4.94244e+16
5.149e+16
6.6337e+16
1.00698e+17
1.05797e+17
1.28903e+17
1.3607e+17
1.8622e+17
2.45774e+17
2.91065e+17
4.8734e+17
9.39842e+17
4.18265e+18
9.04049e+18
1.02608e+19
5.48012e+18
1.39959e+18
1.01194e+18
5.23661e+17
4.86381e+17
3.11744e+17
3.30048e+17
1.80744e+17
2.09573e+17
1.30917e+17
1.41254e+17
9.49128e+16
9.59254e+16
6.90195e+16
5.89993e+16
3.44683e+16
3.21112e+16
3.83823e+16
4.40039e+16
1.60777e+16
2.30988e+16
2.63238e+16
2.39739e+16
1.99763e+16
1.87327e+16
1.27641e+16
1.69014e+16
1.0509e+16
7.103e+15
7.32255e+15
8.37168e+15
5.9637e+15
8.66302e+15
1.18379e+16
9.90523e+15
3.91334e+15
7.75867e+15
7.02565e+15
5.78356e+15
3.32962e+15
2.48211e+15
3.49958e+15
4.42751e+15
1.76057e+15
4.95974e+15
3.86592e+15
7.61758e+15
0
0
0
0
0
0
0
0
0
0
0
0
0
0
0
0
0
0
0
0
0
0
0
0
0
0
0
0
0
0
0
0
0
0
0
0
0
0
0
0
0
0
0
0
0
0
3.18692e+12
1.7393e+13
6.94112e+12
2.08e+12
0
0
0
0
0
0
3.85547e+11
2.72135e+11
9.57766e+12
5.25109e+13
0
0
9.03005e+11
0
0
0
0
0
0
0
0
0
0
0
7.34373e+08
2.13506e+10
5.35746e+09
3.99767e+10
0
0
0
0
0
0
0
0
0
0
0
0
0
0
0
0
0
0
1.86688e+15
3.03695e+15
7.30295e+14
3.38345e+15
4.02587e+15
6.24021e+15
8.41268e+14
4.13973e+15
2.59553e+15
5.59996e+15
3.468e+15
4.47744e+15
2.42256e+15
3.81771e+15
1.31026e+15
1.65494e+15
1.11906e+15
1.12018e+15
1.43065e+15
1.87929e+15
7.63547e+14
1.61096e+15
5.07346e+13
2.76606e+15
4.30979e+15
2.9306e+15
4.76579e+15
5.67898e+15
1.00791e+16
1.24909e+16
1.49056e+16
1.98256e+16
1.26243e+16
1.68473e+16
2.77397e+16
3.20295e+16
3.76097e+16
4.77739e+16
6.03102e+16
8.60607e+16
9.1339e+16
1.16636e+17
1.28178e+17
1.87445e+17
3.27782e+17
7.52185e+17
3.84042e+18
9.05391e+18
9.94894e+18
4.51691e+18
1.09703e+18
8.24961e+17
3.12594e+17
2.88839e+17
1.74843e+17
1.88102e+17
1.30067e+17
1.15881e+17
6.93211e+16
8.05873e+16
3.80046e+16
5.05704e+16
3.27976e+16
2.96288e+16
1.7025e+16
1.75288e+16
1.83175e+16
2.39137e+16
1.09154e+16
1.08554e+16
9.68592e+15
7.6296e+15
7.81331e+15
1.56283e+16
8.47338e+15
2.74488e+15
7.04496e+15
7.04885e+15
2.8538e+15
4.86357e+15
8.62817e+14
2.03051e+15
3.95417e+15
6.16467e+15
1.04192e+15
2.08965e+15
1.42067e+15
1.78421e+15
1.72425e+15
1.32271e+15
7.27256e+14
1.61083e+15
1.14881e+14
4.3585e+14
1.05662e+15
2.6249e+15
0
0
0
0
0
0
0
0
0
0
0
0
0
0
0
0
0
0
0
0
0
0
0
0
0
0
0
0
0
0
0
0
0
0
0
0
0
0
0
0
0
0
0
0
0
0
3.58066e+12
1.69328e+13
6.90759e+12
2.06778e+12
0
0
0
0
0
0
3.8727e+11
2.67382e+11
9.45413e+12
5.23275e+13
0
0
1.26369e+13
1.24471e+12
0
0
0
0
0
0
0
0
0
0
1.02931e+09
2.09416e+10
6.56002e+09
3.84657e+10
0
0
0
0
0
0
0
0
0
0
0
0
0
0
0
0
0
0
1.69957e+15
1.02096e+15
1.79787e+14
1.05445e+15
1.94509e+15
2.7608e+15
7.18224e+14
1.78387e+15
1.44137e+15
1.13926e+15
1.07723e+15
1.37922e+15
1.79389e+15
2.53326e+15
1.43985e+15
1.64399e+15
5.94261e+14
1.14213e+15
1.38115e+14
7.98257e+14
8.58546e+13
6.64774e+14
1.84059e+14
2.77806e+14
5.73529e+14
2.6834e+15
3.45358e+15
3.17647e+15
5.64772e+15
8.275e+15
7.36402e+15
8.60525e+15
8.47637e+15
1.13675e+16
8.7325e+15
1.87372e+16
1.77344e+16
2.32297e+16
3.28542e+16
4.31315e+16
5.38001e+16
6.4855e+16
7.78545e+16
1.18289e+17
2.25174e+17
5.29482e+17
3.49532e+18
9.01098e+18
9.57357e+18
3.83616e+18
8.37938e+17
5.58292e+17
1.90429e+17
1.42432e+17
1.24031e+17
1.08258e+17
5.4882e+16
6.92647e+16
3.2128e+16
3.33081e+16
2.04122e+16
2.57508e+16
1.90312e+16
1.61592e+16
8.2342e+15
1.00328e+16
9.13666e+15
7.8608e+15
2.92951e+15
4.25225e+15
3.40511e+15
3.99156e+15
4.93966e+14
3.90183e+15
2.8269e+15
1.45919e+15
3.34989e+15
4.85228e+15
2.17922e+15
1.78875e+15
1.61837e+14
1.60254e+14
1.77285e+15
3.18483e+15
2.47376e+14
3.52968e+14
9.33424e+14
4.74813e+14
1.00374e+15
4.14833e+14
3.24806e+13
5.40534e+13
0
0
0
3.04735e+14
0
0
0
0
0
0
0
0
0
0
0
0
0
0
0
0
0
0
0
0
0
0
0
0
0
0
0
0
0
0
0
0
0
0
0
0
0
0
0
0
0
0
0
0
0
0
3.97653e+12
1.64754e+13
8.44514e+12
2.16158e+12
0
0
0
0
0
0
3.92184e+11
2.62724e+11
9.36261e+12
5.21461e+13
8.04172e+07
0
1.3025e+13
7.90663e+11
0
0
0
0
0
0
1.28988e+12
0
0
0
1.31741e+09
2.05414e+10
7.72893e+09
3.69982e+10
0
0
0
0
0
0
0
0
0
0
0
0
0
0
0
0
0
0
6.90793e+14
7.52689e+14
1.15163e+13
1.46831e+14
1.38019e+15
1.5407e+15
7.58993e+14
5.9492e+14
1.52982e+15
8.80002e+14
6.01467e+14
6.37393e+14
9.53034e+14
8.6336e+14
7.24601e+14
9.35066e+14
2.22121e+14
3.64054e+14
1.15278e+14
1.53963e+14
1.64529e+14
6.01822e+12
3.562e+14
3.4529e+14
1.59119e+14
8.89757e+14
2.42402e+15
1.54481e+15
2.84751e+15
3.8455e+15
3.45715e+15
7.3465e+15
3.25944e+15
5.55302e+15
3.9207e+15
4.45315e+15
1.03221e+16
1.37457e+16
2.09443e+16
2.74235e+16
3.44755e+16
4.26565e+16
5.1085e+16
8.31693e+16
1.62216e+17
3.79079e+17
3.33623e+18
8.79992e+18
9.12296e+18
3.1918e+18
5.48802e+17
4.50835e+17
1.26402e+17
1.08621e+17
3.5646e+16
5.56515e+16
3.09642e+16
3.73065e+16
1.95628e+16
2.18757e+16
9.99268e+15
1.24507e+16
7.05434e+15
9.90886e+15
4.52482e+15
4.47098e+15
2.52849e+15
5.25398e+15
1.13468e+15
5.80194e+14
2.08724e+15
2.28241e+15
7.70488e+12
2.65742e+14
4.9291e+14
8.86831e+14
2.02574e+14
6.26644e+14
0
3.7103e+14
1.19447e+14
1.10439e+14
1.945e+14
8.9768e+14
0
1.35495e+13
4.62863e+13
2.11823e+13
1.92512e+14
2.64338e+13
0
0
0
0
0
0
0
0
0
0
0
0
0
0
0
0
0
0
0
0
0
0
0
0
0
0
0
0
0
0
0
0
0
0
0
0
0
0
0
0
0
0
0
0
0
0
0
0
0
0
0
0
4.3749e+12
1.60197e+13
8.45232e+12
3.03365e+12
0
0
1.74209e+10
4.85069e+09
0
0
3.93938e+11
2.60065e+11
9.24432e+12
5.20375e+13
7.89112e+10
2.64187e+12
1.02999e+13
3.41947e+11
0
0
0
0
0
0
1.34589e+13
1.03244e+12
0
0
1.59794e+09
2.01503e+10
2.42375e+11
1.14732e+12
0
0
0
0
0
0
0
0
0
0
0
0
0
0
0
0
0
0
6.66004e+14
6.51091e+14
3.71402e+12
1.54713e+13
1.94085e+14
1.27961e+15
0
9.49933e+13
6.42242e+14
5.35131e+14
3.91883e+14
5.5283e+14
6.56389e+14
6.84957e+14
1.43554e+14
8.53542e+14
3.19985e+14
4.29226e+13
1.29411e+14
2.70832e+13
1.38514e+13
0
1.53206e+14
3.39176e+14
1.67144e+14
1.40984e+14
2.03883e+15
1.30667e+15
7.91366e+14
2.35875e+15
2.87534e+15
5.76698e+15
2.52078e+15
2.78315e+15
2.43645e+15
3.24264e+15
5.92297e+15
1.09008e+16
1.46093e+16
1.9317e+16
1.75751e+16
2.67193e+16
3.11055e+16
5.09522e+16
1.05538e+17
2.629e+17
3.0275e+18
8.87806e+18
8.79982e+18
2.79131e+18
4.48401e+17
2.63833e+17
6.07972e+16
6.74613e+16
2.00463e+16
1.45595e+16
5.40528e+15
1.81041e+16
1.29566e+16
1.57661e+16
2.64522e+15
8.54553e+15
4.60225e+15
3.0476e+15
2.87399e+15
3.29773e+15
1.03514e+15
9.46136e+14
2.43935e+13
1.37855e+14
1.60022e+15
1.63099e+15
3.86906e+14
5.43433e+13
3.91017e+13
4.67876e+13
0
0
0
0
1.62056e+10
5.63151e+13
0
0
0
0
0
0
0
0
0
0
0
0
0
0
0
0
0
0
0
0
0
0
0
0
0
0
0
0
0
0
0
0
0
0
0
0
0
0
0
0
0
0
0
0
0
0
0
0
0
0
0
0
0
0
0
0
0
0
0
0
4.77606e+12
1.55646e+13
8.46796e+12
2.97494e+12
0
0
1.67861e+10
2.40012e+10
0
0
3.95682e+11
2.55354e+11
1.16418e+13
5.26184e+13
4.11708e+11
1.15466e+13
0
0
0
0
0
0
3.02392e+08
0
1.32554e+13
1.17744e+12
0
0
2.69543e+10
2.06044e+10
2.94297e+11
8.28675e+12
0
0
0
0
0
0
0
0
0
0
0
0
0
0
0
0
0
0
1.69317e+12
2.25238e+14
1.62407e+14
1.54178e+12
9.20841e+12
2.45829e+13
0
0
1.68391e+14
2.41494e+14
2.93475e+14
6.66023e+14
5.63961e+14
7.1334e+14
1.37199e+14
2.28172e+14
5.32088e+14
2.87645e+13
1.07123e+14
3.78145e+13
0
0
1.1309e+13
3.31492e+14
2.89292e+14
1.20287e+13
7.47769e+14
1.22605e+15
2.57602e+14
7.89369e+14
1.69307e+15
5.15735e+15
5.49331e+14
2.19527e+15
3.0616e+15
2.22824e+15
3.25573e+15
4.40114e+15
7.62375e+15
1.13991e+16
7.54829e+15
1.49487e+16
1.88421e+16
3.07245e+16
6.85193e+16
1.81264e+17
2.70412e+18
8.49513e+18
8.45203e+18
2.46791e+18
2.50079e+17
1.49701e+17
2.79608e+16
2.82466e+16
7.52218e+15
7.82445e+15
8.82969e+14
3.09735e+15
1.67831e+15
7.67926e+15
4.48205e+14
2.57233e+15
2.48895e+15
2.49663e+15
9.95311e+14
2.45646e+15
8.79619e+14
3.18541e+14
8.74385e+12
3.64242e+14
1.4802e+15
7.93131e+14
4.50243e+14
1.83863e+14
0
0
0
0
0
0
0
0
0
0
0
0
0
0
0
0
0
0
0
0
0
0
0
0
0
0
0
0
0
0
0
0
0
0
0
0
3.15758e+09
0
0
0
0
0
0
0
0
0
0
0
0
0
0
0
0
0
0
0
0
0
0
0
0
0
0
0
0
0
0
0
5.21214e+12
1.51126e+13
8.48413e+12
2.92495e+12
5.2317e+07
0
3.29389e+10
2.86589e+10
0
0
3.97411e+11
2.5068e+11
1.14975e+13
5.57902e+13
7.4803e+11
1.11644e+13
2.46994e+08
0
0
0
0
0
2.89206e+10
1.98533e+09
2.23093e+13
1.36913e+12
6.81718e+09
8.31024e+07
2.51806e+10
2.89839e+10
3.4406e+11
8.19802e+12
1.83902e+10
0
0
0
0
0
0
0
0
0
0
0
0
0
0
0
0
0
0
0
1.38435e+14
5.06916e+13
0
0
0
0
4.75234e+13
5.4087e+13
7.30649e+13
4.64038e+13
3.77214e+14
7.13864e+14
2.0515e+14
1.90024e+13
6.08686e+14
9.8461e+13
8.45308e+13
6.02274e+13
0
0
0
2.58555e+13
2.11507e+14
4.09896e+13
2.41983e+14
5.75523e+14
1.26758e+14
5.87031e+13
1.64361e+15
3.76265e+15
8.22738e+14
4.05012e+14
4.93218e+14
2.6833e+15
1.1301e+15
2.67352e+15
3.02136e+15
6.61809e+15
5.74371e+15
8.94088e+15
1.26718e+16
1.91767e+16
4.62122e+16
1.35757e+17
2.38608e+18
8.18708e+18
7.89419e+18
2.06233e+18
1.49536e+17
7.23166e+16
1.25182e+16
1.18343e+16
9.47142e+14
3.63961e+15
3.39821e+14
5.30242e+14
1.4468e+15
1.37982e+15
6.05592e+12
1.18189e+15
1.26419e+15
1.413e+15
8.81765e+13
4.23166e+14
0
0
0
2.53936e+14
1.34102e+15
6.14827e+14
1.3064e+13
1.30992e+14
0
0
0
0
0
0
0
0
0
0
0
0
0
0
0
0
0
0
0
0
0
0
0
0
0
0
0
0
0
0
0
0
0
0
2.84513e+09
0
1.3115e+10
2.01675e+09
0
0
2.40209e+09
3.33803e+08
0
0
8.77093e+09
7.78144e+08
0
0
0
0
0
0
0
0
0
0
0
0
0
0
0
0
0
0
0
0
5.23632e+09
0
5.62304e+12
1.46859e+13
8.49934e+12
2.8684e+12
1.76206e+09
6.12425e+08
1.57329e+13
1.15462e+11
1.3775e+10
5.97692e+08
3.9972e+11
2.46042e+11
1.13592e+13
5.56096e+13
1.0728e+12
1.07882e+13
6.47783e+09
4.49211e+09
0
0
0
0
2.96293e+10
3.70239e+09
2.1573e+13
3.1405e+12
7.01552e+09
1.1323e+10
2.33986e+10
3.06514e+10
3.99896e+11
8.11197e+12
1.43557e+13
1.02718e+13
0
0
0
0
0
0
0
0
0
0
0
0
0
0
0
0
0
0
5.58278e+12
8.77812e+13
0
0
0
0
3.57862e+12
5.77506e+13
9.39617e+12
3.6611e+13
5.67359e+13
5.00712e+14
1.13218e+14
2.16111e+13
2.9215e+14
1.8591e+14
6.24563e+13
8.25476e+13
0
0
0
0
0
0
2.08691e+12
8.25982e+13
1.01174e+14
7.71381e+13
1.64553e+15
1.38032e+15
1.24676e+15
4.52345e+14
1.86062e+13
1.48029e+14
1.00635e+15
1.52172e+15
1.23246e+15
3.65511e+15
4.28076e+15
7.4588e+15
6.79158e+15
1.07887e+16
2.66528e+16
9.1042e+16
2.11135e+18
8.22038e+18
6.88246e+18
1.59816e+18
7.06251e+16
3.64113e+16
5.58498e+15
4.25087e+15
4.62496e+14
4.83426e+14
9.40305e+12
5.62106e+14
1.66221e+15
9.32824e+14
3.95338e+13
6.11876e+13
1.95656e+14
2.36917e+14
0
0
0
0
8.17092e+12
1.35298e+13
2.94376e+14
2.35746e+14
0
0
0
0
0
0
0
0
0
0
0
0
0
0
0
0
0
0
0
0
0
0
0
0
0
0
0
0
0
0
0
0
0
0
0
0
1.36571e+10
1.62263e+10
4.74146e+10
4.92787e+09
8.58281e+08
0
2.46173e+09
2.20159e+09
0
0
1.17648e+10
2.33821e+10
0
0
0
0
0
0
0
0
0
0
0
0
0
0
0
0
0
0
0
0
1.48948e+10
3.21921e+10
6.03425e+12
1.42319e+13
8.53687e+12
2.81129e+12
1.39897e+10
2.08325e+09
1.55201e+13
9.97112e+12
5.708e+10
1.88028e+10
6.29544e+11
3.00882e+11
1.12912e+13
5.54778e+13
1.56878e+13
1.04145e+13
2.50159e+12
5.63504e+10
2.38802e+12
0
2.42269e+13
7.57158e+10
7.78911e+10
3.49905e+10
2.08475e+13
3.78459e+12
7.20985e+09
1.10405e+10
1.0687e+13
1.16949e+12
1.17987e+13
8.04371e+12
1.603e+13
8.26993e+12
0
0
0
0
0
0
0
0
0
0
0
0
0
0
0
0
0
0
0
0
0
0
0
0
0
0
0
0
7.08013e+13
4.83501e+14
1.01874e+14
3.38551e+13
2.41909e+14
8.12329e+13
0
2.04909e+13
0
0
0
0
0
0
1.67901e+12
2.15164e+12
7.28948e+13
1.053e+14
1.91577e+15
9.63717e+14
1.79482e+14
4.52974e+14
1.20089e+13
1.05992e+14
1.29554e+14
1.0575e+15
2.07026e+14
8.7781e+14
3.1887e+15
5.11863e+15
4.02862e+15
8.51543e+15
1.83119e+16
6.18898e+16
1.76631e+18
8.10773e+18
6.23133e+18
1.39366e+18
4.79073e+16
1.17604e+16
2.69948e+15
2.80179e+15
3.02677e+14
6.32652e+14
0
0
1.64414e+15
5.15353e+14
0
3.54204e+13
0
0
0
0
0
0
0
1.1435e+13
0
0
0
0
0
0
0
0
0
0
0
0
0
0
0
0
0
0
0
0
0
0
0
0
0
0
0
0
0
0
0
0
0
0
0
0
0
0
1.41786e+10
1.57603e+10
8.6369e+10
1.35359e+11
3.45612e+10
4.30187e+09
8.09693e+09
2.42905e+09
0
0
1.46836e+10
2.18725e+10
0
0
0
0
0
0
0
0
0
0
0
0
0
0
0
0
4.22432e+08
0
0
0
1.46137e+10
3.20928e+10
6.20089e+12
1.40369e+13
8.62615e+12
2.77614e+12
1.48744e+10
1.14274e+10
1.54348e+13
1.0107e+13
1.21629e+11
1.52578e+11
1.67246e+12
1.44722e+12
1.122e+13
5.5365e+13
9.14057e+13
3.89845e+14
2.31247e+13
9.79397e+12
3.73516e+13
1.19584e+13
7.54667e+13
9.50472e+13
1.24473e+12
2.15268e+11
2.02973e+13
4.32011e+12
7.47953e+13
1.82583e+12
2.00801e+13
7.13911e+13
8.9884e+13
4.78539e+13
1.7338e+13
6.86547e+12
0
0
0
0
0
0
0
0
0
0
0
0
0
0
0
0
0
0
0
0
0
0
0
0
0
0
2.61898e+11
1.05819e+12
1.54925e+14
4.07984e+14
1.66327e+13
3.53076e+13
1.01338e+14
7.19812e+13
0
0
0
0
0
0
0
0
9.80299e+11
1.94385e+12
6.92263e+14
1.46159e+15
3.23795e+14
5.64479e+14
2.08592e+14
3.13723e+14
3.06968e+14
6.76961e+14
8.80264e+13
3.5084e+14
2.8229e+14
1.2016e+14
3.04748e+15
2.59387e+15
3.42873e+15
4.72267e+15
1.28885e+16
5.11e+16
1.71324e+18
7.79098e+18
5.35122e+18
1.06471e+18
2.33451e+16
4.81602e+15
2.01091e+14
1.13073e+15
2.65763e+14
1.95994e+14
2.76177e+14
0
1.34516e+15
8.41857e+14
0
0
0
0
0
0
0
0
0
0
0
0
0
0
0
0
0
0
0
0
0
0
0
0
0
0
0
0
0
0
0
0
0
0
0
0
0
0
0
0
0
0
0
0
0
0
0
0
1.44224e+10
1.55575e+10
8.6408e+10
1.35455e+11
3.48519e+10
4.03443e+09
8.23732e+09
1.2102e+10
3.79099e+08
3.22797e+10
1.8204e+10
2.16135e+10
0
0
0
0
0
0
0
0
0
0
0
0
0
0
0
0
1.00705e+10
6.15718e+09
1.15031e+10
0
1.44189e+10
3.22093e+10
6.28287e+12
1.39486e+13
8.6284e+12
2.76498e+12
3.67324e+11
1.75691e+11
1.55246e+13
1.01764e+13
3.7365e+13
9.1213e+11
1.29199e+14
1.88075e+13
3.50288e+13
5.75651e+13
2.37818e+14
6.72518e+14
2.34538e+13
9.46109e+12
3.74688e+13
1.19205e+13
7.69531e+13
9.34712e+13
1.27478e+12
1.21253e+12
2.01951e+13
4.46028e+12
7.45999e+13
4.60076e+13
2.01592e+13
7.12647e+13
2.62132e+14
1.4653e+14
1.75938e+13
6.56687e+12
2.14919e+09
0
0
0
0
0
0
0
0
0
0
0
0
0
0
0
0
0
0
0
0
0
0
0
0
0
2.73714e+12
6.90213e+12
7.99627e+13
3.00768e+14
0
0
0
0
0
0
0
0
0
0
5.30829e+13
1.48345e+13
1.25323e+12
7.2404e+11
2.30585e+14
8.06209e+14
2.57806e+14
3.18555e+14
2.76993e+14
2.8606e+14
3.76001e+14
9.48029e+14
7.29812e+13
3.35853e+14
1.79851e+14
2.84864e+14
2.75002e+15
1.54078e+15
2.4234e+15
3.69617e+15
1.02126e+16
4.54201e+16
1.72074e+18
8.17653e+18
4.41607e+18
7.05745e+17
1.33656e+16
2.59055e+15
2.75897e+14
7.72024e+13
2.30976e+14
1.78542e+14
0
0
0
8.69816e+13
0
0
0
0
0
0
0
0
0
0
0
0
0
0
0
0
0
0
0
0
0
0
0
0
0
0
0
0
0
0
0
0
0
0
0
0
0
0
5.39707e+11
0
0
0
0
0
0
0
4.21137e+08
0
6.49467e+10
3.12119e+10
8.65161e+10
1.35537e+11
3.52551e+10
3.66324e+09
8.41985e+09
1.19285e+10
8.57097e+08
3.22892e+10
1.85465e+10
3.06616e+10
0
0
0
0
0
0
0
0
0
0
0
0
0
0
0
0
1.49099e+10
7.419e+09
2.29549e+11
6.09364e+11
5.4916e+11
3.23482e+10
6.38743e+12
1.38359e+13
8.63185e+12
2.75018e+12
6.21727e+13
8.53061e+11
9.07784e+13
1.42704e+13
6.52083e+13
8.3474e+13
3.7848e+14
1.99553e+14
3.51642e+13
8.34836e+13
3.70514e+14
6.79348e+14
1.6915e+14
3.26894e+13
2.72781e+14
1.14841e+14
8.71222e+13
9.15657e+13
1.44927e+13
4.42813e+12
2.00508e+13
4.67481e+12
7.44584e+13
4.65387e+13
2.02986e+13
7.11997e+13
2.58606e+14
4.47484e+14
1.79273e+13
6.21889e+12
4.30363e+10
2.26702e+10
0
0
0
0
0
0
0
0
0
0
0
0
0
0
0
0
0
0
0
0
0
0
0
0
5.90057e+12
4.32409e+12
0
0
0
0
0
0
0
0
0
0
0
0
8.36768e+13
9.6581e+13
1.38764e+12
3.55919e+11
1.71108e+14
5.86041e+13
5.42754e+14
3.67205e+14
1.04756e+14
2.65145e+14
3.41606e+14
7.86705e+14
8.45426e+13
1.59816e+14
3.81206e+14
1.07612e+15
1.41985e+15
1.20299e+15
2.64724e+15
3.36212e+15
8.43856e+15
4.06602e+16
1.83732e+18
8.49203e+18
3.69002e+18
4.33301e+17
1.08802e+16
3.43716e+15
4.90365e+14
1.2815e+14
1.46988e+14
9.78425e+13
0
0
0
0
0
0
0
0
0
0
0
0
0
0
0
0
0
0
0
0
0
0
0
0
0
0
0
0
0
0
0
0
0
0
0
0
0
0
0
0
0
0
1.3099e+13
1.55667e+13
0
0
0
0
0
0
1.14565e+11
1.09416e+10
6.49651e+10
1.42641e+11
8.81209e+10
1.35597e+11
2.03158e+11
1.93549e+10
8.63983e+09
1.17198e+10
6.42009e+09
3.17305e+10
1.95534e+10
2.96167e+10
0
0
0
0
0
0
0
0
0
0
0
0
0
0
0
0
1.45331e+10
2.0735e+10
2.19473e+11
6.15281e+11
1.14325e+14
3.57657e+14
2.45514e+13
1.4412e+13
1.93575e+14
2.73222e+12
2.76234e+14
6.8925e+13
1.2058e+14
2.08858e+14
9.98775e+13
1.65104e+14
5.06765e+14
2.10328e+14
1.68666e+14
3.4708e+14
6.90303e+14
8.21291e+14
1.87057e+14
1.76488e+14
5.06626e+14
6.44399e+14
7.04021e+14
1.45023e+14
1.37419e+14
4.1453e+13
2.26373e+14
6.86728e+13
7.43929e+13
4.69498e+13
4.11019e+13
7.17534e+13
2.54416e+14
4.51698e+14
6.17738e+13
6.1678e+12
5.29625e+13
2.16621e+10
0
0
3.82976e+12
2.80836e+12
0
0
3.305e+13
2.15889e+12
0
0
0
0
0
0
0
0
0
0
0
0
0
0
3.06085e+12
4.86422e+12
1.96872e+12
1.10207e+12
0
0
0
0
0
0
2.01774e+13
7.81242e+13
5.10095e+13
0
0
0
1.17432e+14
6.6474e+13
0
1.3466e+13
2.34161e+14
3.33526e+14
1.92368e+14
1.3663e+14
3.80528e+14
4.60569e+14
9.05825e+14
6.53652e+14
5.26218e+14
4.28646e+14
6.2617e+14
1.78306e+15
1.00627e+15
7.61019e+14
4.10051e+15
3.87669e+15
1.32606e+16
5.95467e+16
2.34368e+18
1.03215e+19
3.34898e+18
3.81944e+17
1.22277e+16
2.6921e+15
6.087e+14
2.81158e+14
0
0
0
0
3.401e+13
0
0
0
0
0
0
0
0
0
0
0
0
0
0
0
0
0
0
0
0
0
0
0
0
0
0
0
0
0
0
0
0
0
0
0
0
0
0
0
1.70205e+13
1.36842e+13
0
0
0
0
2.07464e+10
5.38101e+08
1.16935e+11
6.40546e+10
6.50631e+10
1.42911e+11
1.96682e+11
1.36312e+11
1.20062e+11
5.82149e+10
8.89298e+09
1.14799e+10
6.10631e+10
5.54058e+10
5.82587e+10
1.08259e+11
0
0
0
0
0
0
3.80253e+10
9.16714e+08
0
0
0
0
0
0
0
0
1.4278e+10
2.0871e+10
2.08303e+11
6.21742e+11
1.13286e+14
3.57619e+14
2.53416e+13
4.12076e+13
3.55969e+14
1.00586e+14
3.74586e+14
2.30753e+14
3.98094e+14
3.85804e+14
1.54096e+14
3.26127e+14
8.11055e+14
7.94608e+14
2.25343e+14
6.32486e+14
9.29598e+14
1.16187e+15
3.3789e+14
3.21765e+14
8.34619e+14
1.04696e+15
9.90969e+14
5.76861e+14
3.08498e+14
2.06841e+14
5.18604e+14
2.91976e+14
1.01285e+14
4.7669e+13
9.83453e+13
1.39813e+14
2.89172e+14
4.56736e+14
4.99881e+14
5.15378e+14
1.64843e+14
4.0122e+13
1.25647e+13
0
2.33945e+12
2.257e+13
4.1254e+12
0
2.96301e+13
1.84962e+13
0
0
0
0
0
0
0
0
0
0
0
0
0
0
0
9.69422e+11
0
0
0
0
0
0
0
0
1.43171e+14
4.15625e+14
1.65803e+13
7.68954e+13
5.35558e+14
2.43115e+13
1.62575e+14
3.19593e+13
6.32429e+13
6.48363e+13
4.49941e+14
2.71304e+14
1.27243e+14
1.368e+13
9.34732e+14
1.36745e+15
2.17173e+15
1.19708e+15
8.94784e+14
1.31249e+15
1.79224e+15
2.10128e+15
3.56163e+15
2.14348e+15
7.57571e+15
9.15165e+15
3.05616e+16
8.65873e+16
2.9887e+18
1.15248e+19
3.23356e+18
4.55276e+17
2.30657e+16
7.91663e+15
1.97437e+15
1.32406e+15
6.45739e+14
9.9199e+13
4.23295e+13
9.3178e+13
1.17292e+14
5.68474e+13
2.94742e+14
1.92116e+14
9.11645e+12
0
0
0
0
0
0
0
0
0
0
0
0
0
0
0
0
0
0
0
0
0
0
0
0
0
0
0
0
0
0
0
0
0
0
0
2.21033e+13
1.09598e+13
4.30614e+10
0
3.23342e+13
1.92603e+11
2.17115e+10
9.65063e+09
2.21218e+11
2.04935e+11
1.32945e+11
1.50898e+11
2.56224e+11
3.22033e+11
2.002e+11
1.4222e+11
1.89622e+10
1.46551e+10
1.15983e+11
2.44607e+11
6.00183e+10
1.80807e+11
0
0
0
0
5.12578e+09
4.58837e+08
3.95217e+10
4.81196e+10
0
0
0
0
0
0
0
0
5.78533e+10
2.55205e+11
1.96669e+11
6.28521e+11
1.12564e+14
3.57696e+14
3.33101e+13
4.05581e+13
4.49921e+14
4.80354e+14
6.6651e+14
5.32534e+14
5.55259e+14
4.57365e+14
1.82829e+14
4.69556e+14
8.13508e+14
1.32385e+15
4.60612e+14
7.57756e+14
1.17495e+15
1.75807e+15
1.69995e+15
4.61972e+14
1.18831e+15
1.3111e+15
2.11988e+15
1.08065e+15
4.55599e+14
2.92231e+14
6.73525e+14
7.68603e+14
3.2392e+14
2.12767e+14
2.98676e+14
1.52312e+14
1.10211e+15
5.61937e+14
4.94382e+14
8.32849e+14
3.77407e+14
4.42732e+13
1.49673e+14
8.5984e+13
2.75545e+13
5.36478e+13
4.97069e+13
5.21314e+12
7.15064e+13
9.90357e+13
0
0
0
0
0
0
0
0
0
0
0
0
0
0
0
0
0
0
0
0
0
0
0
0
2.79845e+14
2.93002e+14
1.50649e+14
5.70707e+14
4.23273e+13
1.36622e+14
3.24034e+14
1.75339e+14
4.17451e+14
4.47376e+14
3.75714e+14
4.62232e+14
2.99144e+14
3.14342e+14
2.06971e+15
2.21552e+15
2.60888e+15
1.46469e+15
2.48528e+15
2.00946e+15
4.78698e+15
5.10321e+15
1.31657e+16
1.04021e+16
1.80649e+16
1.79382e+16
9.60622e+16
1.98404e+17
4.30533e+18
1.49365e+19
3.06784e+18
5.69341e+17
3.56568e+16
1.32583e+16
3.92747e+15
4.34437e+15
7.28027e+14
1.33688e+15
6.23013e+14
4.98576e+14
4.36179e+14
3.5715e+14
7.5558e+13
0
0
0
0
0
0
0
0
0
0
0
0
0
0
0
0
0
0
0
0
0
0
0
0
0
0
0
0
0
0
0
0
0
0
0
0
0
2.85983e+13
7.17446e+12
1.07862e+11
4.24224e+10
3.66375e+13
2.55286e+13
2.39472e+11
2.61311e+10
1.55432e+13
1.19925e+13
2.88797e+11
5.84884e+11
1.47494e+13
3.75283e+11
3.63901e+11
2.11315e+11
9.14247e+10
6.33809e+10
4.38461e+11
2.38506e+11
6.58391e+10
1.78945e+11
0
0
1.06531e+09
0
5.19214e+09
1.69742e+10
4.10782e+10
4.60751e+10
0
0
0
0
1.06916e+10
3.03048e+10
4.47261e+08
0
6.17773e+10
2.50868e+11
2.01756e+11
7.43941e+11
1.11506e+14
3.57907e+14
6.32372e+13
4.27007e+13
4.9349e+14
5.13512e+14
8.27669e+14
9.58577e+14
8.96341e+14
9.1774e+14
3.26915e+14
6.77037e+14
1.13953e+15
1.5043e+15
1.0636e+15
1.5777e+15
2.25509e+15
2.35796e+15
2.74045e+15
1.39616e+15
2.56858e+15
2.10644e+15
3.19059e+15
2.19498e+15
1.05823e+15
5.82859e+14
1.59084e+15
1.123e+15
7.75958e+14
5.2689e+14
1.22581e+15
5.53266e+14
1.60577e+15
1.1987e+15
6.98686e+14
8.65414e+14
7.06314e+14
2.29027e+14
3.57242e+14
9.9304e+13
2.77112e+14
2.72273e+14
1.17921e+14
1.15849e+14
1.46048e+14
3.89925e+14
1.74627e+14
2.36842e+13
0
0
0
0
0
0
0
0
0
0
0
0
0
0
1.43963e+14
3.68455e+14
0
0
2.75276e+12
2.3753e+14
7.5883e+14
3.04032e+14
5.09245e+14
3.12361e+14
5.42292e+14
5.58758e+14
6.92349e+14
2.66152e+14
4.34721e+14
2.84829e+14
1.12648e+15
1.15518e+15
1.92997e+15
9.38082e+14
2.32525e+15
1.56904e+15
5.04012e+15
3.89552e+15
7.25479e+15
4.0197e+15
7.476e+15
6.90892e+15
1.32784e+16
1.43312e+16
4.2462e+16
2.82844e+16
6.13176e+16
4.70726e+16
2.89607e+17
4.93852e+17
5.6896e+18
1.68191e+19
3.06091e+18
8.74835e+17
6.02046e+16
2.04058e+16
5.54758e+15
2.45924e+15
1.00089e+15
1.15435e+15
5.09837e+14
3.49902e+14
7.0167e+14
4.9576e+14
1.18272e+15
3.49162e+14
1.21683e+14
0
0
0
0
0
0
0
0
0
0
0
0
0
0
0
0
0
0
0
0
0
0
0
0
0
0
0
0
0
0
0
0
0
9.00386e+12
2.89239e+13
3.0808e+13
2.39245e+13
1.9695e+13
2.8461e+13
4.15994e+13
2.21433e+13
1.84453e+14
1.25674e+12
3.11313e+13
1.25418e+14
3.06628e+13
9.1087e+11
8.40817e+13
2.95191e+14
1.23181e+12
6.51804e+11
7.05182e+12
5.15732e+12
7.4302e+11
4.97436e+11
1.14031e+11
2.98819e+11
5.34822e+12
2.35948e+11
1.77792e+12
6.95329e+12
5.25972e+09
1.68877e+10
4.26654e+10
4.39897e+10
0
0
6.38949e+10
0
6.97132e+10
4.68975e+10
2.34204e+11
2.83013e+10
2.65731e+11
2.46324e+11
2.44898e+11
7.25702e+11
1.10605e+14
3.58056e+14
4.15168e+14
2.73037e+14
8.32737e+14
8.93642e+14
1.00332e+15
1.99958e+15
2.13232e+15
1.88664e+15
1.27566e+15
1.39805e+15
1.43617e+15
2.29335e+15
2.55915e+15
2.74261e+15
3.19253e+15
3.67404e+15
4.15802e+15
2.00757e+15
3.76056e+15
3.1678e+15
4.14897e+15
3.28494e+15
1.80661e+15
1.77075e+15
2.42859e+15
1.55338e+15
1.51087e+15
1.10741e+15
2.52111e+15
1.86163e+15
2.68523e+15
1.7663e+15
1.67183e+15
1.18842e+15
2.00289e+15
8.36502e+14
1.34752e+15
2.38601e+14
4.05612e+14
7.55317e+14
5.2962e+14
2.44545e+14
4.5544e+14
7.1231e+14
6.90859e+14
6.65007e+14
2.41276e+14
2.62281e+13
1.63464e+14
0
1.5578e+14
0
0
0
6.9375e+11
0
0
0
8.74511e+13
3.43652e+10
2.61307e+14
3.00657e+14
1.56639e+14
1.67737e+12
1.92089e+14
6.36514e+14
1.37653e+15
1.6128e+15
2.16439e+15
7.85953e+14
2.79738e+15
3.12296e+15
2.00594e+15
1.86601e+15
2.76886e+15
1.71124e+15
5.59512e+15
5.2021e+15
7.50331e+15
6.15054e+15
9.83177e+15
7.06464e+15
1.46836e+16
1.16552e+16
1.76045e+16
1.10809e+16
2.34075e+16
1.60617e+16
4.73762e+16
4.43125e+16
9.24502e+16
7.53762e+16
1.71453e+17
1.54154e+17
6.42746e+17
1.01704e+18
7.71585e+18
1.94301e+19
2.87922e+18
1.20036e+18
1.25659e+17
3.318e+16
1.12843e+16
7.69608e+15
6.16871e+15
5.00434e+15
3.95174e+15
3.16617e+15
3.39592e+15
3.0913e+15
2.13762e+15
7.5174e+14
9.12065e+13
0
0
0
4.13823e+13
1.01219e+13
2.20019e+14
6.97227e+13
1.48042e+14
2.1483e+13
2.2088e+13
1.06469e+13
1.26784e+14
7.89075e+13
5.30737e+13
1.13155e+12
0
0
0
0
0
0
0
0
0
0
0
0
0
0
0
0
4.89376e+09
0
2.45157e+13
3.63234e+13
1.10377e+14
1.04089e+14
7.11987e+13
7.1042e+13
5.86769e+13
1.82517e+13
4.6109e+14
4.89221e+14
4.63197e+13
1.16668e+14
1.67233e+14
7.63105e+13
8.53475e+13
2.96851e+14
2.11023e+12
1.38401e+12
9.20839e+12
5.89502e+13
3.5937e+13
9.26112e+11
4.87129e+11
8.55247e+11
2.44162e+13
9.74342e+12
2.3274e+12
7.25248e+12
5.01426e+13
4.15658e+13
1.32692e+11
4.19034e+10
0
0
1.26876e+11
2.15208e+10
8.59677e+12
1.13068e+11
2.28938e+11
2.94931e+10
1.74423e+12
4.99238e+11
5.28644e+12
3.99268e+12
1.09912e+14
3.58147e+14
6.23109e+14
3.5553e+14
8.65271e+14
9.3782e+14
1.35958e+15
2.24605e+15
2.96039e+15
4.03279e+15
2.13257e+15
2.62913e+15
1.98886e+15
2.47581e+15
4.05919e+15
3.56382e+15
3.58231e+15
4.83931e+15
4.82565e+15
2.72526e+15
5.72703e+15
3.98574e+15
5.86597e+15
4.17903e+15
2.41341e+15
2.71714e+15
3.18395e+15
2.58413e+15
2.77596e+15
2.47363e+15
4.57837e+15
3.94424e+15
4.15841e+15
2.65764e+15
2.66019e+15
1.54388e+15
2.89937e+15
1.88638e+15
3.04277e+15
1.81629e+15
1.22071e+15
1.05702e+15
1.76948e+15
1.20698e+15
1.87155e+15
1.68878e+15
2.64701e+15
2.03519e+15
1.60373e+15
4.86023e+14
1.1807e+15
4.64425e+14
7.0252e+14
6.60875e+14
1.66533e+15
0
4.59385e+13
5.30543e+14
8.92013e+14
3.23872e+14
3.88789e+14
5.82269e+13
1.33718e+15
7.55843e+14
8.77515e+14
7.14834e+14
8.20633e+14
1.07159e+15
2.8927e+15
2.1404e+15
4.55862e+15
3.64149e+15
6.74165e+15
6.78877e+15
5.85695e+15
3.06169e+15
8.41881e+15
6.74658e+15
1.32754e+16
1.21195e+16
2.39326e+16
1.39413e+16
2.13265e+16
2.02365e+16
3.5986e+16
2.71962e+16
3.99385e+16
3.11268e+16
7.86588e+16
6.20491e+16
1.12831e+17
1.04585e+17
2.29276e+17
1.81472e+17
3.77237e+17
3.89621e+17
1.28557e+18
1.87719e+18
9.59499e+18
1.97687e+19
2.49916e+18
1.32891e+18
2.68993e+17
1.07453e+17
4.74124e+16
1.73555e+16
9.74617e+15
7.3589e+15
7.85638e+15
5.89113e+15
4.85707e+15
2.6806e+15
2.93877e+15
9.97996e+14
2.40693e+15
1.20866e+15
1.67849e+15
1.1476e+15
4.24074e+14
3.3133e+14
3.03317e+13
1.42936e+13
1.37113e+14
8.68891e+13
5.92465e+13
1.19231e+14
3.71388e+14
1.51971e+14
4.91672e+14
6.41819e+13
0
0
0
0
0
0
0
0
0
0
0
0
0
0
9.44076e+10
9.06051e+10
3.20577e+14
3.94004e+14
6.28006e+13
3.64463e+13
5.00122e+14
1.5022e+14
1.89923e+14
2.74082e+14
2.60218e+14
1.09777e+14
5.03796e+14
4.61418e+14
1.17201e+14
1.14673e+14
2.7113e+14
2.76201e+14
1.31652e+14
2.99292e+14
3.0565e+12
1.86072e+12
1.2505e+13
5.70569e+13
4.44496e+13
5.85629e+12
1.47615e+12
1.67123e+12
2.61258e+13
9.98692e+12
3.60959e+12
9.53183e+12
8.83608e+13
9.54866e+13
1.48281e+12
5.97975e+11
0
0
1.19546e+11
2.77547e+10
8.6244e+13
5.83996e+12
2.24016e+11
3.01145e+10
2.71976e+12
3.35659e+12
7.74677e+12
1.82667e+13
1.38338e+14
3.58957e+14
6.1502e+14
6.96857e+14
1.25223e+15
1.13416e+15
2.93481e+15
3.08837e+15
3.70712e+15
5.03544e+15
3.96036e+15
3.63935e+15
3.19926e+15
3.70864e+15
4.71918e+15
4.72719e+15
5.13099e+15
5.91369e+15
6.15971e+15
4.50476e+15
8.124e+15
6.00395e+15
6.58147e+15
5.65488e+15
3.70673e+15
5.16023e+15
4.06694e+15
4.4788e+15
4.03958e+15
4.4583e+15
5.93293e+15
6.07391e+15
5.45878e+15
4.9486e+15
5.47068e+15
3.91467e+15
3.74045e+15
2.57758e+15
6.44093e+15
4.26131e+15
3.28731e+15
2.29231e+15
6.19739e+15
2.54142e+15
4.42364e+15
4.0748e+15
8.18417e+15
5.60466e+15
7.6059e+15
3.11563e+15
3.68573e+15
1.38622e+15
2.77981e+15
2.27769e+15
5.23034e+15
4.24447e+15
2.94051e+15
2.42108e+15
3.43848e+15
1.18674e+15
4.18353e+15
1.87737e+15
4.5842e+15
4.37627e+15
5.05685e+15
2.80983e+15
4.43943e+15
5.02796e+15
7.18665e+15
6.52631e+15
1.29824e+16
1.04505e+16
1.51341e+16
1.18509e+16
1.54968e+16
1.10174e+16
2.21084e+16
1.24573e+16
2.55432e+16
2.13216e+16
5.88163e+16
3.01052e+16
6.00622e+16
4.81514e+16
9.6442e+16
7.04209e+16
1.12378e+17
9.40339e+16
1.95072e+17
1.77276e+17
3.19536e+17
2.7547e+17
5.05237e+17
4.61118e+17
8.59749e+17
9.24475e+17
2.36641e+18
3.20231e+18
1.16942e+19
2.04623e+19
2.12788e+18
1.4032e+18
4.38577e+17
2.19249e+17
1.00151e+17
5.12378e+16
3.72491e+16
2.13297e+16
1.58076e+16
1.02982e+16
7.4678e+15
5.41139e+15
2.90261e+15
3.21799e+15
2.16151e+15
1.05995e+15
2.48054e+14
6.16342e+13
1.50089e+14
4.40467e+14
1.22488e+14
1.42749e+14
7.71512e+14
3.11431e+14
4.37018e+14
5.80921e+14
4.07585e+14
5.93224e+14
3.29388e+14
8.01221e+10
3.05027e+13
0
0
0
0
0
0
0
0
0
1.0663e+12
0
3.69906e+14
1.92564e+14
5.74182e+14
3.02543e+14
2.88803e+14
2.16904e+14
1.44948e+14
1.8894e+14
8.47435e+14
6.75111e+14
3.41928e+14
3.75855e+14
5.21407e+14
9.11675e+13
6.41125e+14
4.53871e+14
2.44713e+14
3.27882e+14
5.68919e+14
2.92465e+14
3.65386e+14
6.75634e+14
7.81905e+14
1.60363e+13
1.69681e+13
5.61799e+13
1.3065e+14
7.3112e+12
2.69798e+12
2.26357e+12
3.64458e+13
1.06656e+13
2.03047e+13
1.93502e+13
2.84467e+14
5.20832e+14
2.31837e+12
1.29025e+12
3.24799e+11
1.23812e+11
3.05958e+11
7.34746e+11
7.96277e+13
8.95334e+12
2.87028e+11
3.30519e+10
3.41298e+12
9.04183e+12
6.76513e+13
3.16799e+13
2.09356e+14
4.18995e+14
6.60081e+14
7.62581e+14
2.57761e+15
1.95975e+15
3.98269e+15
4.49039e+15
4.3954e+15
6.32988e+15
6.31798e+15
5.20514e+15
5.08914e+15
5.7266e+15
5.33028e+15
5.55143e+15
6.84871e+15
6.91918e+15
7.41656e+15
6.1661e+15
1.04234e+16
7.91671e+15
8.40261e+15
6.93294e+15
5.04616e+15
6.59554e+15
4.6007e+15
4.88039e+15
5.16196e+15
4.98682e+15
7.97295e+15
8.27266e+15
9.07996e+15
6.55712e+15
8.16541e+15
6.76522e+15
6.05462e+15
4.35066e+15
1.05554e+16
8.2565e+15
7.04419e+15
5.2971e+15
1.1099e+16
6.22285e+15
1.00611e+16
9.2029e+15
1.55026e+16
1.17754e+16
1.97285e+16
1.12763e+16
1.00014e+16
7.81256e+15
9.34214e+15
6.4097e+15
9.72165e+15
7.45579e+15
1.5819e+16
5.67404e+15
9.58232e+15
1.02009e+16
1.86836e+16
8.62468e+15
1.46088e+16
9.44349e+15
1.25073e+16
9.25614e+15
1.85245e+16
1.69223e+16
1.64569e+16
1.50279e+16
3.31404e+16
2.30273e+16
3.98691e+16
3.11982e+16
4.43185e+16
4.36721e+16
6.09357e+16
4.96813e+16
7.4707e+16
6.47958e+16
1.23786e+17
9.06227e+16
1.47583e+17
1.31552e+17
2.16751e+17
1.76675e+17
2.93971e+17
2.75142e+17
4.24465e+17
3.83941e+17
7.39358e+17
6.51401e+17
1.04969e+18
9.7523e+17
1.69781e+18
1.85083e+18
3.79052e+18
4.92124e+18
1.38666e+19
2.04393e+19
1.86585e+18
1.45243e+18
5.39543e+17
3.29753e+17
1.68407e+17
1.00844e+17
6.13233e+16
3.98654e+16
3.39622e+16
2.8395e+16
1.53564e+16
5.38038e+15
8.38079e+15
4.26357e+15
3.67045e+15
1.88446e+15
2.55288e+15
3.92677e+15
1.34322e+15
6.73402e+14
6.93742e+14
1.08363e+15
9.7095e+12
3.91354e+12
3.0063e+14
2.15866e+14
3.08038e+15
1.39559e+15
1.42599e+15
1.5574e+15
1.32142e+14
2.32459e+14
5.38777e+11
0
6.04299e+13
0
2.71428e+13
2.52746e+13
6.17541e+12
2.39359e+12
2.40081e+14
1.85539e+14
3.56729e+14
3.7828e+14
4.57184e+14
1.16668e+15
1.74844e+15
1.27123e+15
1.22622e+15
4.83905e+14
1.10181e+15
7.11414e+14
9.76432e+14
1.2366e+15
9.23865e+14
6.19721e+14
1.30841e+15
7.73146e+14
3.54628e+14
3.42763e+14
7.11589e+14
7.18637e+14
4.21915e+14
1.20522e+15
7.1276e+14
2.80882e+14
2.11581e+13
5.63207e+13
2.61761e+14
1.17038e+14
1.36165e+14
8.20747e+12
3.92928e+13
2.63491e+13
2.22795e+13
7.11408e+13
2.99829e+14
5.07233e+14
5.38881e+12
2.19126e+12
1.79811e+12
1.47876e+12
4.50041e+11
7.39077e+11
7.35288e+13
1.17268e+13
2.3093e+13
9.21803e+13
1.55218e+14
1.86386e+13
5.91708e+14
1.77385e+14
2.41392e+14
4.59162e+14
8.19615e+14
1.88077e+15
4.1879e+15
4.12556e+15
5.07781e+15
5.82604e+15
6.02627e+15
7.79422e+15
7.26247e+15
6.49133e+15
6.78918e+15
6.08566e+15
6.75039e+15
6.91266e+15
1.07442e+16
1.09762e+16
9.72661e+15
8.9783e+15
1.20596e+16
1.08437e+16
1.05413e+16
9.52441e+15
8.24897e+15
8.39618e+15
6.11634e+15
5.6582e+15
8.03671e+15
6.57581e+15
1.12882e+16
1.05015e+16
1.09162e+16
9.29174e+15
1.19773e+16
1.07291e+16
1.24899e+16
9.09277e+15
1.62717e+16
1.41964e+16
1.37048e+16
1.16942e+16
1.71465e+16
1.33253e+16
1.712e+16
1.53131e+16
3.07805e+16
2.53103e+16
3.38188e+16
2.52676e+16
2.93873e+16
1.64311e+16
2.78639e+16
2.21342e+16
2.3011e+16
2.11502e+16
2.61283e+16
2.39846e+16
2.73697e+16
2.41796e+16
2.32514e+16
2.35362e+16
3.36645e+16
2.63597e+16
3.75093e+16
2.64151e+16
4.18924e+16
2.8499e+16
4.31584e+16
3.56342e+16
6.53833e+16
5.61841e+16
8.76053e+16
7.51563e+16
1.12873e+17
1.00168e+17
1.52797e+17
1.31382e+17
1.8515e+17
1.73938e+17
2.42861e+17
2.02965e+17
2.83203e+17
2.94855e+17
4.53294e+17
3.92474e+17
5.86288e+17
5.93042e+17
8.0743e+17
8.00858e+17
1.30535e+18
1.29736e+18
1.8449e+18
1.79818e+18
2.99019e+18
2.99296e+18
5.89353e+18
7.42764e+18
1.59843e+19
2.12642e+19
1.55096e+18
1.2022e+18
5.51923e+17
3.93166e+17
2.20843e+17
1.58623e+17
7.02345e+16
6.1887e+16
3.28121e+16
1.96955e+16
1.36211e+16
1.14739e+16
9.18426e+15
8.85378e+15
8.13888e+15
1.10943e+16
3.82724e+15
6.80221e+15
2.02153e+15
4.7501e+14
8.95034e+14
7.24938e+14
2.71723e+15
1.87841e+15
4.62009e+15
5.86562e+15
1.64322e+15
1.4667e+15
8.95705e+13
3.96042e+13
1.2804e+15
8.95192e+14
8.95301e+14
1.11974e+15
1.36572e+15
8.68584e+14
1.42737e+15
9.43665e+14
1.23995e+15
2.94056e+14
1.39339e+15
7.31745e+14
1.17578e+15
8.1954e+14
1.15978e+15
1.47776e+15
3.40615e+15
3.0733e+15
9.88022e+14
8.56723e+14
2.40565e+15
1.15932e+15
2.92333e+15
2.15111e+15
1.42196e+15
1.72888e+15
2.96347e+15
2.64267e+15
4.91613e+14
3.49523e+14
1.06794e+15
7.91619e+14
1.42174e+15
1.17518e+15
9.06732e+14
2.64195e+14
2.60076e+13
5.6766e+13
2.63042e+14
1.21347e+14
1.64827e+14
1.73311e+14
1.42608e+14
2.80764e+13
3.45291e+13
1.1338e+14
4.59959e+14
6.91712e+14
2.22837e+14
6.89316e+13
7.81573e+13
4.43261e+14
6.75296e+12
1.1269e+12
1.01109e+14
1.42995e+13
5.04337e+13
1.68728e+14
7.02188e+14
2.45322e+14
7.67458e+14
3.90477e+14
5.68443e+14
8.3283e+14
1.14661e+15
3.96492e+15
4.98732e+15
5.67331e+15
6.37989e+15
6.69455e+15
7.43603e+15
1.11013e+16
9.51816e+15
7.53155e+15
8.2322e+15
6.9034e+15
8.14502e+15
7.7639e+15
1.21008e+16
1.37788e+16
1.23626e+16
1.23775e+16
1.36041e+16
1.20118e+16
1.18228e+16
1.13231e+16
8.44614e+15
8.98567e+15
8.23215e+15
6.95311e+15
9.04946e+15
8.59457e+15
1.25864e+16
1.44251e+16
1.43622e+16
1.09879e+16
1.79284e+16
1.48289e+16
1.71058e+16
1.3917e+16
1.87703e+16
1.89045e+16
2.22879e+16
1.92209e+16
2.6967e+16
2.1903e+16
3.12631e+16
2.83555e+16
4.42648e+16
4.73884e+16
6.84145e+16
5.72787e+16
7.15042e+16
4.64754e+16
5.33503e+16
4.39837e+16
7.38563e+16
4.44059e+16
5.29721e+16
4.28802e+16
6.22237e+16
4.89073e+16
5.46759e+16
4.15249e+16
6.86247e+16
5.6287e+16
7.19261e+16
5.62725e+16
8.70258e+16
7.45759e+16
8.43155e+16
7.86823e+16
1.1297e+17
1.14936e+17
1.73222e+17
1.52868e+17
2.11517e+17
1.94795e+17
3.02119e+17
2.41346e+17
3.40083e+17
3.01388e+17
4.46367e+17
4.02952e+17
5.73643e+17
4.91715e+17
7.65397e+17
6.7184e+17
9.98366e+17
1.02428e+18
1.39556e+18
1.30814e+18
2.061e+18
1.98052e+18
2.79328e+18
2.85604e+18
4.31555e+18
4.74629e+18
8.13765e+18
1.00026e+19
1.78492e+19
2.09315e+19
1.28355e+18
1.11992e+18
5.52051e+17
4.40135e+17
1.81467e+17
1.3441e+17
7.60401e+16
5.36815e+16
4.02701e+16
3.77304e+16
2.15984e+16
1.56245e+16
1.14738e+16
6.76491e+15
8.28768e+15
7.25975e+15
1.69341e+16
1.0927e+16
4.3104e+15
3.23077e+15
1.04933e+16
7.50125e+15
2.17838e+15
2.6517e+15
3.77441e+15
2.23017e+15
4.25609e+15
2.06409e+15
3.91822e+15
1.2035e+15
1.59817e+15
1.50352e+15
2.29603e+15
2.81027e+15
2.28049e+15
2.7437e+15
5.31374e+15
3.58912e+15
1.3724e+15
8.24012e+14
3.65565e+15
2.64742e+15
5.84392e+14
8.35482e+14
5.85737e+15
5.00712e+15
4.42535e+15
4.34899e+15
2.38638e+15
2.87828e+15
3.08736e+15
2.94624e+15
6.86272e+15
5.38989e+15
4.3572e+15
3.98213e+15
5.11396e+15
3.61236e+15
2.01988e+15
1.5511e+15
1.85413e+15
9.36343e+14
2.36369e+15
1.65791e+15
1.01215e+15
5.36746e+14
1.33547e+14
9.13901e+13
3.04506e+14
1.25243e+14
1.68972e+14
1.7724e+14
6.14941e+14
3.20994e+14
8.58377e+13
2.95315e+14
8.5203e+14
1.23323e+15
4.26106e+14
1.99442e+14
4.5581e+14
6.90015e+14
7.07608e+14
6.92877e+13
1.29798e+14
3.37061e+14
5.28953e+14
2.98824e+14
1.35655e+15
8.53055e+14
9.81646e+14
4.29148e+14
1.33496e+15
1.42978e+15
1.38135e+15
4.62634e+15
4.98132e+15
6.35159e+15
8.82572e+15
9.19937e+15
8.07521e+15
1.17212e+16
9.85791e+15
1.06652e+16
9.023e+15
7.8342e+15
1.10551e+16
9.46311e+15
1.42845e+16
1.49791e+16
1.37198e+16
1.45676e+16
1.56008e+16
1.36221e+16
1.39758e+16
1.22158e+16
1.03415e+16
1.05994e+16
1.30888e+16
9.61405e+15
1.0626e+16
9.84868e+15
1.56482e+16
1.54844e+16
2.06443e+16
1.43872e+16
2.23091e+16
2.13099e+16
2.44934e+16
1.85636e+16
2.81495e+16
2.54432e+16
3.41983e+16
2.99837e+16
4.20962e+16
3.11178e+16
5.12893e+16
4.58058e+16
8.7666e+16
7.17701e+16
1.25516e+17
1.09605e+17
1.40857e+17
1.08667e+17
1.21818e+17
8.09421e+16
1.12909e+17
9.20979e+16
1.10409e+17
7.57795e+16
1.15376e+17
9.96809e+16
1.48158e+17
1.00264e+17
1.37372e+17
1.08868e+17
1.33066e+17
1.11478e+17
1.49891e+17
1.26033e+17
1.88811e+17
1.62467e+17
1.88367e+17
2.04174e+17
2.95963e+17
2.69597e+17
3.69168e+17
3.65402e+17
4.5421e+17
4.4883e+17
5.84391e+17
4.99464e+17
7.17836e+17
6.7669e+17
8.49065e+17
8.33758e+17
1.21314e+18
1.1363e+18
1.49103e+18
1.47171e+18
2.08138e+18
2.11799e+18
2.82809e+18
2.90032e+18
3.93192e+18
4.00623e+18
5.70665e+18
6.42113e+18
1.03486e+19
1.24762e+19
1.83422e+19
2.13166e+19
1.12486e+18
9.98313e+17
5.62795e+17
3.78646e+17
1.92933e+17
1.34693e+17
7.87021e+16
7.01143e+16
6.03461e+16
6.65197e+16
2.79208e+16
1.99699e+16
2.30064e+16
2.01934e+16
2.61419e+16
2.85176e+16
2.83071e+16
1.38568e+16
1.87616e+16
1.33284e+16
1.9859e+16
6.55905e+15
4.2814e+15
5.39909e+15
5.29977e+15
3.51783e+15
1.02663e+16
7.36069e+15
2.5611e+15
3.01624e+15
6.66241e+15
6.06285e+15
7.6654e+15
4.64104e+15
1.30676e+16
8.71244e+15
8.13781e+15
5.62439e+15
7.2613e+15
5.00926e+15
3.05148e+15
3.24263e+15
1.27963e+16
6.2187e+15
8.85769e+15
6.18682e+15
6.6667e+15
6.91163e+15
7.38259e+15
4.82399e+15
4.43765e+15
3.59958e+15
1.08142e+16
1.00938e+16
8.2601e+15
6.53232e+15
7.6082e+15
6.18141e+15
3.94395e+15
3.02991e+15
3.06512e+15
1.47471e+15
2.89647e+15
2.63939e+15
1.04821e+15
5.15655e+14
1.42675e+14
5.03966e+14
3.80616e+14
1.43023e+14
1.74829e+14
1.83058e+14
9.62108e+14
3.84911e+14
8.84016e+13
3.71092e+14
1.05612e+15
1.77548e+15
1.11735e+15
8.09945e+14
1.1744e+15
1.57359e+15
1.52706e+15
1.0454e+15
1.35895e+15
1.13693e+15
1.78985e+15
2.31915e+15
2.53262e+15
8.9678e+14
2.00498e+15
8.16631e+14
2.29771e+15
1.64267e+15
2.17544e+15
6.20581e+15
4.96857e+15
6.82203e+15
1.01645e+16
1.1346e+16
1.11412e+16
1.335e+16
1.10182e+16
1.09887e+16
1.1807e+16
1.12175e+16
1.17989e+16
1.14755e+16
1.77519e+16
1.8647e+16
1.66186e+16
1.64301e+16
2.05223e+16
1.69006e+16
1.59696e+16
1.36871e+16
1.22688e+16
1.92375e+16
1.35969e+16
1.18712e+16
1.2192e+16
1.24874e+16
1.86047e+16
1.90234e+16
2.30698e+16
1.68175e+16
2.38835e+16
3.12261e+16
3.00053e+16
2.68599e+16
3.41612e+16
3.39549e+16
4.5698e+16
4.45451e+16
5.93393e+16
4.79154e+16
7.31984e+16
7.25382e+16
1.19149e+17
1.24415e+17
1.97623e+17
1.95611e+17
3.09513e+17
2.19541e+17
2.7725e+17
1.97804e+17
2.2605e+17
1.9785e+17
2.02028e+17
1.7289e+17
1.80736e+17
1.67312e+17
2.35661e+17
2.25378e+17
2.42859e+17
1.75946e+17
2.36579e+17
2.19289e+17
2.63222e+17
2.01336e+17
3.00279e+17
2.67281e+17
3.09978e+17
3.1322e+17
4.93701e+17
4.74832e+17
6.00355e+17
5.95901e+17
7.08737e+17
6.35887e+17
8.69369e+17
8.14836e+17
1.06345e+18
9.47972e+17
1.29242e+18
1.17997e+18
1.69817e+18
1.70945e+18
2.16767e+18
2.17103e+18
2.87516e+18
2.92349e+18
3.83906e+18
3.77001e+18
5.21786e+18
5.10185e+18
7.40321e+18
8.22769e+18
1.23821e+19
1.41007e+19
1.86497e+19
2.11932e+19
1.01438e+18
8.39737e+17
3.81763e+17
3.85142e+17
2.06295e+17
2.15227e+17
9.3326e+16
9.74091e+16
6.6137e+16
5.60013e+16
4.42152e+16
3.42449e+16
3.80549e+16
3.38811e+16
3.22777e+16
5.44834e+16
3.68891e+16
3.18398e+16
2.06109e+16
1.95879e+16
1.12894e+16
7.70161e+15
1.76869e+16
1.49986e+16
6.12427e+15
6.69096e+15
1.89354e+16
9.19518e+15
1.4987e+16
9.57065e+15
1.19205e+16
1.28468e+16
2.42951e+16
1.97849e+16
1.60054e+16
1.54371e+16
7.38314e+15
8.03992e+15
9.93524e+15
8.53308e+15
1.60815e+16
2.33715e+16
1.86233e+16
1.07358e+16
1.00342e+16
8.81398e+15
1.29698e+16
1.27734e+16
1.16846e+16
7.06105e+15
6.04054e+15
8.94884e+15
1.55005e+16
1.64937e+16
1.10403e+16
1.10589e+16
8.05028e+15
7.40201e+15
4.84711e+15
4.54645e+15
4.39348e+15
3.84066e+15
4.89769e+15
2.93621e+15
1.14214e+15
6.898e+14
1.50573e+14
5.03349e+14
3.86298e+14
1.65432e+14
1.84845e+14
1.8996e+14
9.64354e+14
1.2518e+15
9.53803e+13
3.84188e+14
2.98892e+15
2.77313e+15
1.709e+15
1.3925e+15
3.54499e+15
2.23469e+15
3.34004e+15
2.35718e+15
3.58754e+15
2.74102e+15
3.82228e+15
3.75105e+15
3.5531e+15
1.80108e+15
2.12149e+15
1.98912e+15
4.86858e+15
2.26828e+15
3.36197e+15
7.16553e+15
6.3967e+15
8.1345e+15
1.11689e+16
1.38608e+16
1.14794e+16
1.45839e+16
1.37822e+16
1.25512e+16
1.54451e+16
1.81421e+16
1.19084e+16
1.23533e+16
1.86861e+16
2.07254e+16
1.77836e+16
1.8498e+16
2.17696e+16
1.87205e+16
2.18435e+16
1.71283e+16
1.29995e+16
1.96233e+16
1.53307e+16
1.34397e+16
1.52777e+16
1.51354e+16
2.04341e+16
2.17004e+16
2.88107e+16
2.02913e+16
3.54727e+16
3.54808e+16
4.11923e+16
3.45542e+16
4.03539e+16
3.98016e+16
5.94234e+16
6.19393e+16
8.80945e+16
6.73184e+16
1.00597e+17
1.08798e+17
1.57102e+17
1.59664e+17
2.59647e+17
3.39451e+17
5.5512e+17
4.42264e+17
5.26612e+17
4.04269e+17
5.06575e+17
3.4665e+17
4.55563e+17
3.40428e+17
4.01858e+17
3.1324e+17
3.97459e+17
3.33579e+17
4.19416e+17
3.61921e+17
4.32603e+17
2.98824e+17
4.20056e+17
3.42374e+17
4.37473e+17
4.15689e+17
5.74593e+17
5.13813e+17
7.58461e+17
6.94506e+17
9.08754e+17
7.75014e+17
1.06759e+18
9.96493e+17
1.22552e+18
1.12741e+18
1.40893e+18
1.38078e+18
1.86169e+18
1.74951e+18
2.48141e+18
2.29157e+18
2.87849e+18
3.06203e+18
3.73787e+18
3.81416e+18
4.79335e+18
4.81833e+18
6.32199e+18
6.55242e+18
8.94499e+18
9.7459e+18
1.38448e+19
1.55266e+19
1.94324e+19
2.15747e+19
7.42722e+17
7.29302e+17
3.16584e+17
2.93498e+17
1.54965e+17
1.4107e+17
1.16101e+17
8.95389e+16
7.99922e+16
6.42029e+16
4.46434e+16
3.95202e+16
2.85498e+16
2.75894e+16
6.35572e+16
6.92286e+16
4.08236e+16
3.58276e+16
2.36976e+16
1.83359e+16
2.58338e+16
2.33038e+16
1.07985e+16
9.81738e+15
2.29377e+16
2.07865e+16
3.18501e+16
3.02621e+16
2.18489e+16
1.64655e+16
3.57212e+16
3.02883e+16
2.12911e+16
1.76342e+16
8.52299e+15
8.68569e+15
1.54598e+16
1.04504e+16
1.19621e+16
1.53773e+16
3.68464e+16
3.5211e+16
1.84867e+16
1.26913e+16
1.24326e+16
1.01945e+16
1.82738e+16
1.60852e+16
1.49064e+16
9.04358e+15
1.11264e+16
1.20259e+16
2.06348e+16
2.19966e+16
1.2801e+16
1.18107e+16
1.18048e+16
9.45138e+15
7.72301e+15
6.58157e+15
1.03988e+16
1.17998e+16
6.4973e+15
3.51219e+15
1.65855e+15
9.58465e+14
1.61044e+14
5.06247e+14
3.97963e+14
1.76371e+14
6.91806e+14
2.53136e+14
9.69955e+14
1.26756e+15
6.96536e+14
5.70362e+14
4.16397e+15
4.17832e+15
1.71521e+15
2.00729e+15
5.07579e+15
3.07295e+15
5.34652e+15
5.24885e+15
7.03029e+15
5.81361e+15
6.96401e+15
5.55001e+15
5.78731e+15
3.1734e+15
2.37998e+15
1.96163e+15
6.92085e+15
4.7456e+15
6.54782e+15
9.22758e+15
7.59732e+15
8.73056e+15
1.27442e+16
1.58682e+16
1.21868e+16
1.64464e+16
1.45275e+16
1.61632e+16
1.64303e+16
2.14289e+16
1.26338e+16
1.33504e+16
1.95935e+16
2.14073e+16
1.94496e+16
1.90732e+16
2.48752e+16
2.16903e+16
2.28865e+16
2.14907e+16
1.42191e+16
2.10945e+16
1.70245e+16
1.87227e+16
1.92191e+16
2.18352e+16
2.17789e+16
2.8067e+16
3.21185e+16
2.51246e+16
3.62509e+16
4.5845e+16
5.97549e+16
4.59596e+16
5.53665e+16
4.84342e+16
7.73024e+16
8.25964e+16
1.12755e+17
9.49878e+16
1.20767e+17
1.43096e+17
2.23015e+17
2.03931e+17
3.24778e+17
3.93025e+17
8.79156e+17
8.40846e+17
8.45749e+17
7.96094e+17
8.5328e+17
7.47649e+17
8.61849e+17
6.57661e+17
8.04099e+17
6.49656e+17
7.77009e+17
5.9354e+17
8.28675e+17
5.99949e+17
7.98351e+17
6.6174e+17
8.16508e+17
6.36146e+17
7.91097e+17
6.55172e+17
8.8019e+17
7.89597e+17
1.14833e+18
9.91725e+17
1.33556e+18
1.18262e+18
1.58043e+18
1.50133e+18
1.778e+18
1.84329e+18
1.87742e+18
1.95258e+18
2.65199e+18
2.47833e+18
3.01831e+18
3.04098e+18
4.00775e+18
3.83935e+18
4.71069e+18
4.72014e+18
5.85858e+18
5.99514e+18
7.48801e+18
7.76802e+18
1.02996e+19
1.13138e+19
1.53991e+19
1.68371e+19
1.96145e+19
2.19519e+19
5.06591e+17
4.78275e+17
2.99971e+17
2.00632e+17
1.00744e+17
1.51785e+17
9.16616e+16
1.21221e+17
8.4609e+16
1.03836e+17
4.76142e+16
2.2773e+16
3.51847e+16
4.84161e+16
4.01225e+16
5.99901e+16
3.14229e+16
2.92087e+16
2.28144e+16
2.92543e+16
3.92513e+16
1.72686e+16
2.51807e+16
2.72827e+16
3.61017e+16
2.77819e+16
5.06458e+16
4.48116e+16
2.40844e+16
2.63711e+16
4.867e+16
4.56092e+16
1.59581e+16
1.14141e+16
2.30522e+16
2.51095e+16
1.63313e+16
1.46842e+16
3.45975e+16
3.19827e+16
7.00524e+16
4.0719e+16
2.00623e+16
1.72628e+16
2.31876e+16
1.80183e+16
1.44429e+16
1.70588e+16
2.05291e+16
1.42818e+16
2.08044e+16
1.8742e+16
2.21871e+16
2.15614e+16
1.66397e+16
1.4381e+16
1.99308e+16
1.51796e+16
1.21538e+16
1.06806e+16
9.99663e+15
1.40284e+16
9.30973e+15
6.43465e+15
5.15919e+15
1.96511e+15
3.26223e+14
5.22938e+14
5.37305e+14
1.94492e+14
1.07737e+15
6.19965e+14
1.4657e+15
1.29089e+15
1.4324e+15
1.8282e+15
8.9829e+14
4.4802e+15
4.83255e+15
2.16604e+15
7.41175e+15
8.13926e+15
1.42238e+16
9.80662e+15
9.10304e+15
8.40229e+15
1.12016e+16
1.17368e+16
9.05811e+15
5.4806e+15
4.99399e+15
3.6473e+15
7.60779e+15
6.44384e+15
1.07027e+16
1.08349e+16
8.11879e+15
9.49387e+15
1.46382e+16
1.7793e+16
2.11436e+16
1.94295e+16
1.78662e+16
1.76184e+16
1.82883e+16
2.36868e+16
1.27663e+16
1.69362e+16
2.2861e+16
2.14252e+16
2.04346e+16
2.55143e+16
2.85505e+16
2.28853e+16
2.58821e+16
2.21995e+16
2.21755e+16
2.14886e+16
1.83873e+16
1.99816e+16
2.58156e+16
2.31324e+16
2.77401e+16
3.10891e+16
3.76787e+16
2.79038e+16
6.04536e+16
5.84637e+16
1.02436e+17
6.72735e+16
7.93675e+16
7.32577e+16
1.12743e+17
1.11077e+17
1.35992e+17
1.34308e+17
2.00672e+17
1.91107e+17
2.80873e+17
2.74613e+17
3.74123e+17
4.6403e+17
1.0018e+18
1.23129e+18
1.40164e+18
1.17059e+18
1.42369e+18
1.14283e+18
1.28974e+18
1.15483e+18
1.20166e+18
1.154e+18
1.36951e+18
1.14773e+18
1.35028e+18
1.16545e+18
1.34403e+18
1.21866e+18
1.33065e+18
1.21969e+18
1.55708e+18
1.22952e+18
1.50119e+18
1.34725e+18
1.82826e+18
1.59454e+18
2.09011e+18
1.97379e+18
2.3687e+18
2.10008e+18
2.53157e+18
2.53368e+18
2.86915e+18
2.58592e+18
3.45646e+18
3.47702e+18
3.88082e+18
3.81428e+18
4.72916e+18
4.77325e+18
6.04227e+18
5.89102e+18
7.42841e+18
7.02349e+18
8.83605e+18
9.00866e+18
1.16189e+19
1.29345e+19
1.67508e+19
1.8052e+19
2.01099e+19
2.18458e+19
1.75543e+17
1.69956e+16
9.7763e+15
1.14952e+16
9.89376e+15
2.69068e+15
4.85445e+14
3.3306e+14
3.36708e+14
1.82612e+15
8.9503e+15
1.27041e+17
1.583e+16
2.00197e+16
1.13018e+17
6.71478e+15
4.89497e+15
5.78069e+15
7.70519e+16
1.09552e+14
2.48165e+16
6.68067e+16
3.63983e+16
3.3736e+16
1.06533e+16
1.21134e+16
1.09513e+16
3.20114e+16
2.02159e+16
1.87007e+16
9.65446e+15
2.51962e+16
3.63128e+16
2.17826e+16
3.0866e+16
1.39618e+16
1.46085e+16
8.01556e+15
2.54193e+16
6.34874e+15
1.24262e+16
7.53026e+15
6.86378e+15
1.75079e+15
7.31976e+15
2.89242e+15
6.62632e+15
5.83198e+15
9.28204e+15
