2.36765
1.79371
2.37428
2.77331
1.83688
1.82183
1.92251
5.33505
2.21009
4.35664
4.50284
1.65934
2.37181
2.06108
2.00393
1.95518
2.32166
4.18093
2.31623
2.39632
1.97001
1.91767
1.99157
3.54752
5.2457
5.37593
2.02211
2.09965
2.04795
2.6275
2.28399
5.72837
5.45448
5.71609
1.70716
1.71024
1.68945
1.7787
1.70146
1.73456
1.87311
2.48192
1.78561
2.33036
1.77214
2.30933
1.78677
1.73592
2.3963
2.51704
1.3894
2.63143
2.64974
5.93472
2.67317
1.7014
2.60947
2.62869
2.5351
2.72163
3.63985
3.73008
3.76143
2.36967
4.07399
3.45315
1.723
3.02619
4.03514
3.47926
2.20071
4.43045
3.37976
3.04303
4.42549
1.72186
3.29273
4.64174
3.0934
4.69301
1.70634
6.07961
4.98378
3.06251
4.43046
1.77776
4.33319
3.0236
1.60292
1.71489
1.60724
1.58331
1.69022
1.66438
1.52526
4.46107
1.73966
1.6426
1.50915
2.62826
1.73524
1.75978
1.77167
1.68919
2.83253
4.55764
1.48196
1.76116
1.77079
1.71863
1.70349
1.70825
1.71375
1.71482
4.76662
1.7449
1.68624
2.80673
4.7728
1.69564
1.78184
4.7116
1.8289
2.57933
3.98546
1.70509
5.80327
1.70137
2.34297
4.02326
2.58056
2.58032
2.69116
2.60431
1.87553
2.529
1.68655
2.44235
3.60757
3.99318
3.51449
2.51746
1.93842
2.27757
1.65699
2.10602
3.76916
2.24924
3.28505
9.08531
1.7055
1.71198
1.69815
2.29634
1.65886
3.87543
1.74739
2.96646
4.20425
1.98666
1.67035
2.22004
3.14947
1.74366
4.41862
9.91537
1.69605
4.8958
1.64045
1.75004
1.62785
1.65538
1.66455
2.80304
1.72233
1.45951
1.60278
4.62446
2.57904
1.63355
2.52644
2.55612
1.74919
1.72594
3.30172
3.09838
3.44553
1.66421
2.55989
1.76597
4.27122
1.70231
3.59548
1.67109
3.20681
3.09092
3.16937
2.65064
1.78774
3.75844
4.15563
2.3646
1.66922
1.75932
5.96603
5.73409
3.99169
4.26698
1.81146
1.7492
1.76874
3.24766
1.60976
1.6707
1.9584
2.08554
1.92072
1.77906
4.22048
1.72208
1.79209
1.74254
1.73038
1.73444
1.70362
1.74674
1.73145
1.7415
5.75297
2.87688
1.57926
1.51718
3.97812
5.2565
1.74092
1.59741
1.62782
1.7114
2.01813
1.89431
1.78458
2.87258
4.06451
1.68297
1.5271
2.59186
2.36009
2.49778
2.49166
4.07168
4.36032
1.58111
12.1482
8.59637
3.18174
6.97101
1.64467
4.12959
3.50683
1.64337
1.68207
1.72917
2.03892
2.8765
1.66526
2.88608
1.93526
1.9247
1.95299
9.30072
2.74235
1.6252
3.73631
2.56456
1.66625
2.31714
3.19122
3.11152
3.22087
3.36918
3.41318
3.07975
3.54612
3.17378
1.69339
1.66336
4.19491
1.70224
3.40394
1.76983
8.91063
2.65355
1.76826
7.08429
2.49015
2.76528
1.78807
1.77761
1.70067
1.77525
5.71282
5.17134
3.63378
3.43896
4.87782
5.14377
2.60874
2.31852
2.59425
2.89471
2.64203
2.02235
2.30123
2.51402
2.80312
2.52933
2.97612
2.02561
2.28219
2.08909
2.52835
1.82567
2.87796
8.9774
2.60837
2.29636
3.64891
1.73949
4.11019
2.89741
5.41091
4.74692
2.7768
2.61444
3.72569
2.35265
2.90793
2.92812
3.71253
3.61289
2.55859
2.59739
2.59338
3.49011
2.76625
3.97962
3.23512
5.06206
3.28948
3.09661
2.9406
2.90319
3.7722
3.62039
3.47215
4.39177
4.20561
3.75365
4.3919
4.01474
4.19134
4.61305
5.21537
5.21096
3.44566
3.41346
3.8425
4.59245
3.6386
3.52203
3.77851
4.41936
4.80121
4.49101
4.04291
5.11553
5.06724
2.84443
3.07668
5.867
5.62407
4.80317
5.24791
5.45493
3.7771
2.26474
2.17885
1.4881
4.40517
1.35115
1.22767
1.55671
1.18475
1.16542
2.44485
1.70357
1.39939
1.54494
1.32637
1.39029
4.35737
3.39395
2.33475
1.53836
4.48563
4.0296
3.90828
4.34003
3.80167
7.12546
7.10968
2.48903
4.81986
3.69728
6.58755
4.88868
12.1214
2.89449
3.00467
2.91408
3.03415
3.36423
3.75399
4.25157
5.31073
4.19635
21.4581
22.0711
21.7064
4.13253
3.85125
2.79092
2.74825
2.58029
3.50584
3.60183
29.8982
39.0087
41.939
5.1996
2.52595
23.179
4.49827
4.59341
4.34169
6.95125
8.37895
6.49376
3.16127
3.23659
4.44075
3.44801
3.33537
1.88652
2.31516
2.91298
5.02955
2.98841
2.7853
2.40735
4.18085
1.93003
1.87177
1.96985
1.76104
1.78826
1.84307
1.74642
5.11205
3.38866
3.54075
2.52246
3.72878
4.93129
4.67306
2.42021
2.6967
2.7775
2.87692
1.72554
5.63883
2.93317
2.52198
4.04917
3.80041
3.59023
1.99487
2.47251
2.34711
2.29269
3.01884
2.69146
4.50665
3.32065
1.46648
1.89839
1.97723
2.40691
2.2403
2.39711
2.55483
4.09752
5.78386
3.47982
2.80426
2.94779
3.39122
3.83961
5.22752
5.05084
2.37026
5.32758
4.48576
6.82021
7.12369
7.57451
6.83609
7.94718
6.10782
6.70496
7.90611
4.71959
4.54945
4.31181
4.97185
2.71793
2.51994
2.61505
2.22136
2.45397
2.77551
2.56339
4.418
2.21906
2.38256
4.93017
2.27695
2.29116
2.27054
2.3742
4.47226
5.18736
5.09039
5.9846
4.98437
5.72893
2.28461
2.21819
2.16844
2.08161
1.96985
4.48538
4.079
2.06548
2.58584
2.35478
2.92298
4.30272
3.65035
6.43649
3.63843
4.73593
5.48424
4.06038
2.4841
4.96369
7.80814
2.33611
2.2111
2.81787
2.56265
9.86744
13.8566
3.93597
5.8928
3.24193
3.60799
4.26225
5.47865
3.95827
28.8525
25.4789
24.5451
27.4871
24.9559
28.0789
4.15208
1.11376
1.68541
4.84854
2.95532
2.85992
1.65452
1.50599
1.35411
1.66319
4.09568
4.47994
4.00525
7.66361
3.72364
3.90418
3.11646
4.51934
5.18605
4.45899
4.51826
5.60262
5.7707
4.88815
4.38271
1.80284
1.59401
25.0491
33.2157
2.43175
21.7022
30.1091
5.39014
3.11401
3.39528
2.76085
2.75612
2.75849
3.02436
7.43959
4.67169
5.02275
1.76599
3.02093
3.48178
3.49453
3.40292
4.62521
5.32408
2.80416
2.37443
2.85969
1.75443
2.5079
2.22671
2.27122
2.42357
2.87061
2.47878
2.73508
2.63173
2.53798
2.1723
2.431
3.06117
1.70079
3.83149
1.91278
3.20774
6.09058
3.89962
4.52406
2.44712
2.47586
2.56959
2.76545
26.9804
29.3466
2.14349
3.21777
4.1911
4.64711
4.70992
5.45631
3.58344
3.43103
2.99155
4.87271
3.50813
3.61831
3.82475
3.62547
3.0561
5.37378
4.96442
6.0402
5.53828
5.8177
3.9953
3.85899
3.41932
3.30143
3.42435
3.86774
3.26112
3.12069
2.81559
3.9551
4.51018
3.62853
4.75217
4.99711
4.93863
4.97717
6.64948
5.12455
5.60077
21.5156
8.75691
9.77216
5.47778
7.96999
6.42204
5.0116
29.3774
3.52076
2.29206
3.74942
1.81022
2.00286
21.972
26.9493
31.9028
20.4987
3.43278
2.73085
3.14447
3.20499
2.7712
3.52759
4.12503
1.57063
1.72956
8.97664
4.61856
5.92344
5.97992
5.48548
4.59433
4.77786
3.74681
5.99869
3.61587
4.49767
2.5451
3.16985
4.68363
1.87717
3.81921
4.72322
4.40292
4.04672
4.36688
3.87353
6.32301
3.96255
6.17461
4.87962
7.13994
4.99217
4.07745
3.65585
3.39814
5.00788
4.28732
5.30705
5.80592
7.57825
6.00442
5.20084
6.35459
2.80229
2.11926
2.10642
2.2681
2.77278
3.40457
3.74641
3.06229
2.28087
2.57138
2.81473
2.37597
2.25495
3.23958
3.78836
2.55056
3.79543
4.66877
4.51979
4.52052
2.75537
1.71358
1.70107
2.04987
1.68414
1.94189
2.25003
1.78172
1.31984
1.34174
1.73555
1.40693
1.43014
1.71294
1.60711
2.30995
2.40004
4.46459
8.2621
4.60739
8.50295
3.27369
3.04617
2.75427
1.38738
2.77835
3.4454
3.34641
4.28836
5.51653
3.75586
4.32093
3.90855
3.492
3.36883
3.54339
3.35161
3.12312
3.60132
2.9532
3.06323
3.57621
3.83794
3.3682
3.70067
3.53834
4.80387
6.3599
3.97934
3.49025
3.21203
3.28749
4.34502
3.29638
3.4219
3.86672
4.41916
4.79913
5.03609
6.01911
7.89904
4.00317
3.70741
2.74267
2.81348
2.85269
2.58692
2.7147
2.56668
2.86959
2.66656
4.37405
5.3618
3.33644
4.62639
2.67086
3.32405
3.06712
4.27253
2.82935
2.74513
2.41248
3.03595
2.43536
2.81031
3.16613
3.32361
3.39356
2.87963
2.78432
3.29762
3.70024
2.87914
3.66027
5.7824
4.02865
3.52954
2.12983
2.18645
3.70954
3.41745
2.38684
2.97313
2.602
2.8032
3.63716
4.10243
4.073
4.38916
7.83068
4.41533
4.41672
5.43829
2.72785
3.97745
2.87394
2.76193
6.73661
14.5265
27.157
2.1851
2.35653
2.1245
2.79552
8.03351
24.488
3.3647
3.93029
3.08954
3.59454
4.03865
3.29657
5.13537
4.37818
4.52136
3.38334
5.48159
4.18508
4.28453
5.00501
4.89908
4.09464
4.23829
4.04826
5.07182
29.5698
3.6567
2.36357
2.09371
2.30338
1.9585
1.52188
2.00212
2.14085
1.352
4.70774
4.88702
4.61875
11.587
2.52182
1.96635
2.13987
1.71697
3.01127
2.64501
36.2938
32.9924
36.8004
3.88277
13.5779
17.5109
1.68259
1.67568
1.49418
1.32272
1.7724
2.82027
27.4351
2.12023
2.58816
3.45197
1.89316
2.06079
1.93324
3.42684
5.62471
3.49088
3.79354
3.48545
5.98528
3.3895
4.41291
3.59887
3.91402
2.28838
2.7496
2.4886
2.48679
5.25033
7.22026
4.53116
5.91525
2.11109
2.51314
2.89708
3.01006
4.07506
1.73813
2.02329
2.38092
1.91964
3.98816
2.70159
2.2954
2.54011
2.85961
3.11588
3.5895
19.2934
3.95308
5.82044
6.05887
4.35086
6.34734
1.68643
5.29181
3.9622
3.25247
6.15642
8.29876
24.7007
3.87048
3.31339
6.82684
2.04385
2.72325
3.37829
3.1768
3.08896
2.81552
2.48391
3.73222
2.09763
3.04399
2.11968
3.04624
2.50326
3.05356
3.39984
2.49627
2.67239
2.466
3.56686
3.02047
3.94795
2.91483
3.61737
4.78631
6.37305
5.37837
5.12889
3.44111
2.29714
2.04295
1.61412
1.70852
1.69025
1.6869
1.72248
1.72278
1.77643
1.74386
1.77151
1.7764
1.79819
1.8339
1.80823
1.72409
1.8174
1.85623
1.79613
1.77343
1.79723
1.85216
1.74355
1.72681
1.78812
1.77691
1.74056
1.74293
1.76919
1.72099
1.7166
1.76831
1.78526
1.77754
1.78013
1.76979
1.77298
1.73684
1.66801
1.71672
1.6886
1.70767
1.67225
1.66322
1.70114
1.71447
1.71253
1.76599
278.848
278.506
278.667
277.012
99.0732
23.6245
133.295
81.4104
85.2616
35.6703
28.6806
73.6713
29.0865
41.743
21.105
135.64
263.7
244.855
268.469
257.394
252.165
242.254
265.828
254.978
278.991
256.719
269.481
273.236
274.981
255.64
285.285
284.043
290.848
253.899
283.526
280.167
290.501
256.629
268.86
255.526
276.867
263.42
261.398
224.216
265.673
255.527
57.8628
52.8916
161.052
131.637
147.596
137.467
56.5189
108.191
108.391
121.677
175.352
122.905
136.359
140.889
114.632
153.587
94.7306
97.1017
75.4856
47.2905
196.412
155.953
139.224
119.829
127.174
148.125
152.763
107.062
136.957
139.085
119.231
165.018
78.5337
85.6773
42.7698
43.8187
134.493
143.929
112.325
92.0953
135.204
152.621
63.2473
32.2081
273.566
257.684
280.067
279.321
240.808
249.476
1.7302
1.78842
1.81624
1.85448
1.91212
1.95201
1.99825
2.07235
2.09129
2.11638
2.21354
2.26788
2.28985
2.3908
2.75971
2.79776
2.95844
2.88703
3.11606
3.06308
3.22251
3.20567
3.43595
3.39992
3.48427
3.55586
3.31581
3.17125
3.23141
3.12727
2.86231
2.86795
2.78297
2.75908
2.77595
2.73407
2.75699
2.708
2.71701
2.81913
2.74954
2.70622
2.68623
2.57098
2.45921
2.34838
2.20639
2.14221
2.27845
2.05007
1.64994
1.64531
1.69642
1.70754
1.77438
1.7795
1.79673
1.80285
1.83952
1.83598
1.86419
1.82169
1.86031
1.81835
1.86206
1.8833
1.90646
1.82846
1.82319
1.88238
1.85224
1.81802
1.86968
1.83926
1.83431
1.82376
1.85487
1.7901
1.80695
1.77017
1.83872
1.84823
1.8306
1.82063
1.82145
1.80885
1.74954
1.74022
1.72085
1.73286
1.70694
1.70389
1.72197
1.72107
1.75362
1.73502
310.036
301.167
306.847
275.616
116.463
42.756
163.523
102.732
115.117
39.5469
65.5354
117.344
33.9942
46.3064
23.505
25.9623
279.243
275.559
279.266
288.947
282.723
278.604
288.996
282.297
270.005
286.825
274.965
290.231
274.617
283.894
290.225
297.607
302.504
296.441
304.688
299.727
305.724
287.308
300.778
300.653
287.576
284.543
286.447
83.6132
278.365
285.169
86.7743
61.853
161.729
146.911
157.873
159.757
93.9061
123.051
119.316
123.22
175.001
171.213
156.313
206.945
90.5484
152.909
118.932
114.382
49.9946
48.5896
192.707
144.789
130.552
62.2076
124.581
124.81
189.542
114.321
127.219
150.147
131.7
182.926
84.6896
104.112
72.0738
49.1413
115.716
141.067
116.822
92.4103
78.4138
126.25
49.3203
122.522
288.374
289.628
302.619
306.588
275.095
269.616
1.83666
1.80706
1.85114
1.85752
1.95343
1.97006
2.00672
2.03745
2.07891
2.08682
2.24821
2.32874
2.53135
2.50944
2.85127
2.86716
3.07846
2.96215
2.94442
3.11425
3.30009
3.39467
3.59314
3.77623
3.95765
3.6341
3.29632
3.30367
3.34128
3.06214
2.96688
2.89362
2.86447
2.80194
2.8033
2.75717
2.80711
2.81601
2.7669
2.8074
2.81861
2.75799
2.71263
2.65814
2.49094
2.37878
2.25083
2.12116
2.13533
1.97316
1.67052
1.66931
1.73583
1.76052
1.84523
1.83621
1.86506
1.85834
1.91399
1.89604
1.97741
1.91329
1.94757
1.9368
1.90781
1.95613
1.95578
1.91341
1.91748
1.90758
1.94807
1.91026
1.93282
1.92685
1.9823
1.91442
1.95277
1.88466
1.9428
1.86735
1.90883
1.93
1.95697
1.90505
1.90029
1.86375
1.87676
1.81096
1.8443
1.79834
1.80582
1.7829
1.81596
1.78124
1.84928
1.82437
310.632
297.476
304.195
295.512
125.493
47.4654
182.551
142.458
136.978
89.7998
71.7373
134.465
38.393
49.5897
23.1746
31.8162
113.074
283.907
280.089
282.953
278.974
281.706
277.841
285.056
298.21
292.14
281.069
284.918
276.375
293.859
291.205
296.301
311.358
305.964
307.151
305.3
303.353
301.161
302.005
299.109
295.566
289.788
288.461
99.9888
285.011
282.743
112.411
59.898
181.695
156.113
164.295
143.286
96.0132
142.55
119.824
147.014
139.489
94.2323
206.049
254.21
126.079
59.3233
119.931
105.639
50.3221
48.7334
113.622
140.923
175.81
183.335
242.55
125.305
201.442
132.273
112.925
151.918
139.479
154.077
102.864
80.0748
94.4034
135.378
217.139
195.979
120.477
103.351
93.3434
101.982
41.8639
97.684
295.831
294.725
305.214
306.544
307.346
270.268
1.90361
1.8634
1.94417
1.96909
1.96485
1.98065
2.07375
2.06247
2.23828
2.17087
2.3303
2.41972
2.67087
2.63459
2.83555
2.93937
3.13158
3.03587
3.0768
3.15948
3.6869
3.62032
3.62361
3.82826
4.02268
3.97166
3.61655
3.55156
3.3241
3.19283
2.95336
2.94398
3.0133
2.84085
2.93361
2.8609
2.87448
2.9001
2.81272
2.86509
2.87317
2.89274
2.72482
2.67627
2.5568
2.4171
2.28008
2.2498
2.12503
2.04581
1.69535
1.71466
1.79525
1.83013
1.91169
1.90111
1.97499
1.96126
1.98304
2.0034
2.05019
1.97925
2.04939
2.02713
1.99219
2.01938
2.03275
2.01551
2.08051
2.04552
2.03882
2.03139
2.03254
2.00359
2.08245
2.0616
2.06776
2.00963
2.05664
2.00174
2.06544
2.04389
2.06204
2.01809
2.07373
1.98764
1.98181
1.93168
1.93598
1.88709
1.91055
1.87433
1.91778
1.86736
1.92318
1.90273
297.57
308.876
307.79
297.77
162.351
59.5999
271.157
136.001
138.831
211.981
72.7443
100.701
26.529
53.7245
41.2743
77.3089
137.759
238.407
283.773
285.194
281.404
283.518
60.8114
280.748
289.245
293.832
291.409
293.668
273.79
292.894
292.803
298.202
304.429
307.421
306.611
309.239
293.159
294.546
301.397
297.308
301.992
286.154
278.772
233.715
161.201
221.264
118.934
76.2985
185.436
167.394
180.618
152.944
102.862
114.226
148.076
162.202
120.437
110.138
157.953
247.521
135.615
110.606
66.1662
110.449
55.2146
47.7033
107.522
145.259
149.405
97.2603
245.369
235.004
202.451
136.883
157.509
194.233
82.9038
181.807
105.205
87.4442
144.591
144.156
196.587
184.824
239.308
244.196
140.753
158.863
88.8061
57.0067
46.1242
302.921
292.117
304.914
307.695
304.475
1.97568
1.9859
2.0454
2.03373
2.08654
2.06603
2.23621
2.17769
2.30693
2.28538
2.43635
2.47078
2.84059
2.89246
2.95355
3.00666
3.1436
3.31639
3.51314
3.42915
3.79074
3.86647
4.10899
3.92554
3.82719
3.83123
3.98811
3.83133
3.45632
3.18269
3.06717
2.99819
3.10795
2.92633
2.89457
2.91719
3.00267
2.98324
2.98567
2.99135
2.93666
2.83929
2.79697
2.74689
2.59254
2.46316
2.30069
2.32911
2.08405
2.06804
1.7335
1.75242
1.85849
1.87712
1.97795
1.9639
2.0688
2.06425
2.07271
2.0809
2.13145
2.09532
2.13714
2.11445
2.13535
2.09561
2.19348
2.11693
2.20315
2.15086
2.19745
2.17401
2.21062
2.15721
2.22302
2.17522
2.2167
2.17171
2.20692
2.18251
2.2284
2.18587
2.17581
2.1269
2.20774
2.13173
2.10422
2.05635
2.06076
2.01199
2.04007
2.01805
2.02467
1.98973
2.03345
2.00743
293.156
297.187
308.003
305.45
186.059
73.8263
203.819
275.885
171.209
213.415
70.6906
31.6886
48.6324
40.8998
75.1867
197.896
216.181
268.291
282.099
283.407
283.084
279.008
69.8783
178.649
291.582
287.505
283.152
290.099
275.391
268.966
294.099
295.581
301.997
303.643
300.391
301.392
300.417
296.767
304.605
303.828
296.9
292.132
280.667
282.059
188.719
98.067
132.03
122.217
183.592
161.753
203.26
156.521
126.097
102.065
160.749
161.743
121.513
73.4241
148.356
194.424
172.267
110.18
50.9095
84.3522
65.8829
49.8705
77.3459
133.418
147.55
160.37
164.629
207.8
221.05
162.328
175.536
182.846
130.626
119.56
114.573
128.09
157.176
164.466
174.326
174.261
217.301
126.349
60.5526
169.58
123.577
48.7242
28.1404
233.862
293.535
299.943
293.962
304.827
2.06568
2.10806
2.12723
2.12741
2.22897
2.23124
2.3892
2.33262
2.46774
2.46315
2.63582
2.5772
2.94975
3.02568
3.24012
3.16843
3.42314
3.41361
3.42775
3.59813
4.08394
3.96454
3.91961
4.22071
4.16319
4.11398
4.54898
4.42452
3.54415
3.38553
3.20067
3.18195
3.25218
3.04459
2.99056
2.99177
3.02014
3.03159
3.11161
3.02694
3.04754
3.01098
2.82948
2.78003
2.66193
2.48484
2.338
2.39123
2.08493
2.10585
1.77753
1.79939
1.94041
1.94933
2.07392
2.05601
2.16381
2.13813
2.21939
2.20701
2.28827
2.23766
2.27708
2.2404
2.27422
2.23593
2.3549
2.27837
2.3129
2.27297
2.38057
2.33005
2.38332
2.36275
2.33022
2.30781
2.42852
2.35238
2.37427
2.34674
2.39101
2.39165
2.39014
2.30346
2.3119
2.27906
2.28123
2.21086
2.22705
2.14896
2.18564
2.1514
2.18708
2.1239
2.1731
2.12085
293.061
300.013
297.714
300.677
130.712
80.9834
166.092
162.64
147.463
221.872
141.53
50.101
186.615
22.3313
115.737
164.123
185.322
168.875
271.412
284.758
275.882
272.969
86.9351
139.049
281.426
290.551
190.003
188.807
271.978
274.962
285.147
291.93
293.605
299.41
294.327
299.53
291.526
296.998
286.052
295.846
296.009
293.665
268.634
277.097
92.2927
97.9793
131.06
128.17
189.426
195.418
192.851
223.21
129.974
95.6685
175.191
161.557
128.822
58.6758
192.96
181.518
179.977
115.909
55.4898
140.23
109.158
78.5643
60.7689
121.892
164.272
187.511
126.054
186.369
225.902
180.536
160.611
139.71
147.457
149.564
112.482
135.608
112.881
114.838
158.642
127.581
224.262
170.621
116.452
165.717
106.614
116.842
140.914
177.681
289.835
297.418
302.455
293.409
2.27202
2.19661
2.30574
2.25815
2.40783
2.3929
2.54508
2.53523
2.61354
2.65876
2.8928
2.76229
3.06895
3.20103
3.49705
3.2556
3.71075
3.58752
3.78686
3.70836
4.03585
4.13552
4.33102
3.90939
4.3967
4.44932
4.49064
4.5878
3.75622
3.47569
3.42435
3.40888
3.29889
3.25826
2.99845
3.08569
3.19054
3.17519
3.18627
3.2077
3.15965
3.06637
2.96464
2.89659
2.70623
2.5965
2.35358
2.41785
2.13842
2.10492
1.82774
1.84506
2.01451
2.02416
2.18356
2.17263
2.29386
2.27866
2.34822
2.34307
2.41851
2.36728
2.45686
2.36978
2.47821
2.4868
2.4709
2.44496
2.51296
2.44961
2.60161
2.51641
2.56785
2.5791
2.56459
2.50814
2.62587
2.54468
2.62997
2.50526
2.64996
2.55832
2.58881
2.5062
2.52442
2.45753
2.4976
2.39363
2.43504
2.33751
2.35961
2.33141
2.37032
2.2964
2.39584
2.37022
293.853
299.332
299.016
294.854
174.409
182.999
102.653
162.129
137.996
223.944
174.176
57.4191
91.8044
29.8446
24.6783
184.074
114.393
197.516
271.744
275.856
266.247
270.538
97.9671
138.476
282.872
287.134
198.969
188.772
271.701
267.503
286.009
288.188
290.524
286.267
291.297
292.962
294.121
291.362
289.007
294.998
287.39
289.65
265.891
272.83
91.6615
127.308
99.1829
129.064
195.784
187.176
178.012
196.427
119.726
112.298
145.131
181.632
147.794
56.0652
175.269
176.326
178.195
118.244
62.8521
140.787
132.075
94.4478
123.336
101.148
155.648
171.862
152.326
120.622
154.019
146.097
156.163
144.393
149.777
168.057
154.475
108.66
133.439
117.266
213.343
196.733
228.461
181.251
183.259
175.083
88.8541
109.678
164.539
293.89
291.556
298.4
295.533
296.735
2.42708
2.35724
2.50514
2.46164
2.6277
2.60843
2.77792
2.75157
2.99343
2.86803
3.08964
3.11017
3.27655
3.3486
3.85986
3.64374
4.09701
3.90628
4.36623
4.1422
4.28065
4.6343
4.52216
4.48835
4.46384
4.54524
4.30474
4.44544
3.94126
3.82062
3.75877
3.54472
3.4722
3.32425
3.2353
3.25618
3.34166
3.2348
3.29314
3.34767
3.31067
3.234
3.11172
3.00591
2.81221
2.68286
2.40123
2.44206
2.21826
2.06692
1.87334
1.90779
2.11677
2.11415
2.30921
2.30294
2.47984
2.41317
2.53253
2.48803
2.56017
2.50765
2.65911
2.53754
2.74751
2.73137
2.66766
2.62702
2.80035
2.68358
2.75077
2.79651
2.81997
2.81758
2.86738
2.72894
2.84949
2.79526
2.88594
2.80884
2.86799
2.82574
2.81183
2.70265
2.81247
2.69046
2.79446
2.66427
2.67988
2.56747
2.5681
2.5302
2.55458
2.50944
2.63644
2.54237
288.469
289.855
294.275
293.609
171.467
229.348
84.8584
81.3372
149.757
185.579
149.796
171.946
96.6822
53.0614
27.2209
28.3814
190.966
68.1944
271.871
272.157
250.645
261.688
117.188
122.886
276.989
284.383
180.865
189.733
267.275
266.648
274.89
286.006
285.223
286.087
290.547
287.527
291.358
288.809
289.628
288.204
280.608
282.128
266.872
274.954
92.798
166.054
96.2382
128.108
180.664
187.496
197.26
196.256
135.81
95.4905
148.897
189.633
166.704
109.041
181.967
168.321
169.193
123.496
114.591
122.415
111.84
80.0203
67.4889
157.843
175.887
180.013
120.3
104.318
160.356
125.005
151.895
103.129
160.582
180.147
154.602
192.421
119.839
154.78
193.06
216.45
212.895
172.299
225.909
253.204
51.1419
33.0808
207.111
208.179
292.835
288.975
265.018
291.194
2.64727
2.54986
2.80786
2.72948
2.93015
2.88187
3.09744
3.01765
3.28511
3.21022
3.4465
3.34766
3.65034
3.68803
4.24324
3.94714
4.27225
4.00467
4.45079
4.57338
4.80374
4.74824
5.01777
4.81871
4.93947
4.90365
5.16873
4.85433
3.88934
4.01579
3.68156
3.6325
3.7383
3.62545
3.37879
3.40964
3.47336
3.32992
3.42424
3.46088
3.52663
3.50142
3.34912
3.1506
2.90385
2.73403
2.43287
2.47322
2.31136
2.03691
1.93862
1.9802
2.22982
2.25584
2.4725
2.46117
2.69607
2.62301
2.68094
2.70369
2.81126
2.71917
2.87665
2.77453
2.9242
2.98342
2.94334
2.92196
3.04944
2.91355
3.02051
2.98223
3.07244
2.99918
3.21057
3.07849
3.18937
3.06329
3.16566
3.08876
3.16324
3.12196
3.13665
3.02159
3.20813
3.0162
3.14811
3.00869
2.95116
2.87217
2.90188
2.76142
2.92674
2.81578
2.91699
2.81957
288.779
285.437
281.623
286.665
198.474
167.149
58.8428
71.048
236.324
178.487
153.931
123.156
97.8385
52.9758
27.8307
36.5751
176.623
257.225
260.312
264.207
256.561
258.102
134.707
109.953
262.568
275.727
192.823
180.372
264.598
263.881
258.129
276.477
281.197
285.94
280.273
281.868
284.27
283.719
285.781
286.38
274.36
273.357
261.589
267.415
91.1978
125.015
59.0834
51.0964
176.762
161.913
196.269
192.218
142.044
102.649
134.211
161.222
145.896
107.758
192.334
148.571
192.867
132.007
114.785
127.467
105.054
87.1411
75.6338
78.0467
178.537
178.174
153.318
94.7661
120.275
129.202
149.148
96.0609
158.513
188.76
155.171
156.695
149.262
147.287
193.424
196.459
203.538
145.776
208.298
192.111
85.4669
32.0925
130.936
288.795
285.644
286.277
284.782
285.27
2.96847
2.89099
3.08051
3.0919
3.28147
3.19468
3.34093
3.27431
3.55699
3.46488
3.83754
3.7469
4.17953
4.0562
4.24051
4.38558
4.2772
3.95866
4.51065
5.06355
4.92789
5.0047
5.36435
5.0458
5.45286
5.47468
5.44996
5.46208
4.63395
3.98091
3.91561
3.76992
3.80255
3.81251
3.80302
3.60029
3.76253
3.50357
3.73111
3.68501
3.73713
3.68536
3.52692
3.34366
3.02868
2.81898
2.46683
2.49216
2.196
1.81852
2.02167
2.06703
2.39145
2.42779
2.73545
2.69165
2.91346
2.9034
3.02815
2.92874
3.00452
2.93975
3.22173
3.09174
3.21981
3.16239
3.33682
3.30493
3.33542
3.3257
3.46554
3.34316
3.48443
3.36083
3.56343
3.46806
3.46502
3.3828
3.67008
3.5247
3.47905
3.33954
3.48582
3.60539
3.56761
3.45073
3.55656
3.34859
3.32565
3.2146
3.34003
3.17344
3.28451
3.17115
3.23131
3.19286
282.514
277.508
278.075
282.273
199.17
149.912
79.6228
55.6739
128.905
174.045
150.994
149.478
96.2733
55.5256
51.0124
46.8095
114.868
110.481
257.938
262.456
252.856
252.21
154.474
100.738
261.624
270.694
191.189
185.164
260.266
258.916
268.798
275.049
278.55
279.427
272.666
275.916
278.506
282.706
276.722
278.697
271.342
266.841
253.028
233.406
105.957
195.329
48.0403
78.3372
177.301
148.294
160.431
195.571
103.948
113.133
159.49
204.357
175.242
94.1132
192.755
226.926
137.027
209.091
123.227
114.966
107.273
49.6848
75.2493
105.433
130.976
120.791
104.28
98.959
138.071
141.236
124.107
91.819
162.2
205.744
154.362
161.758
155.503
189.579
175.843
151.432
151.71
146.1
229.441
206.479
135.093
25.8782
277.069
282.529
281.931
283.781
273.024
281.442
3.4225
3.22199
3.52021
3.36001
3.821
3.53085
3.88413
3.81682
4.06264
3.81664
4.10072
4.00521
4.38575
4.08252
4.84791
4.57595
5.0812
4.31266
4.76341
5.30037
5.39976
5.08229
5.95268
5.7997
6.33444
5.93951
6.17578
5.41875
4.71041
4.40856
4.15682
4.26831
4.46117
4.15611
3.85518
3.80696
4.17772
3.7593
3.95307
3.86488
3.91434
3.84218
3.69586
3.58619
3.17409
2.95077
2.5063
2.51215
2.22228
1.85512
2.10707
2.17868
2.57893
2.62367
3.00378
2.95114
3.15798
3.1108
3.33234
3.21683
3.3298
3.21646
3.61109
3.38965
3.71037
3.50039
3.80986
3.7586
3.68491
3.59592
3.89375
3.64487
3.76261
3.63516
4.07861
3.81582
4.18723
3.93648
4.01816
3.90137
4.00502
3.75797
4.04152
4.05676
4.18861
4.06888
3.83043
3.64265
3.82812
3.61423
3.82313
3.74618
3.81733
3.54682
3.49674
3.65152
130.871
275.136
275.731
277.619
196.578
150.538
42.4722
121.211
92.699
154.228
156.141
140.6
128.355
71.4662
53.0306
58.3672
102.506
169.149
251.164
257.227
237.786
241.682
192.638
88.7383
255.267
266.659
198.616
172.487
249.172
256.584
263.06
270.964
269.769
272.153
262.24
273.844
275.394
278.356
272.12
269.788
259.617
261.402
220.38
59.9048
83.8811
101.649
33.9785
89.3756
190.967
129.125
106.457
177.203
123.259
114.336
143.79
142.793
185.202
126.259
179.153
200.564
146.506
166.295
137.078
118.45
139.386
103.065
88.1046
87.6224
135.28
94.6108
108.29
114.425
124.566
157.261
123.675
92.2954
146.545
207.708
137.535
121.682
167.647
171.728
172.491
150.046
161.485
156.745
187.045
173.047
183.093
105.068
212.133
239.059
110.965
101.33
4.32332
20.9905
3.92726
3.74846
4.13064
4.01755
4.27232
4.08328
4.22637
4.4575
4.91074
4.61739
4.6372
4.23256
4.91543
4.44145
5.41372
5.02254
5.80793
5.94657
5.47809
5.09096
5.68039
6.16461
5.78603
6.46335
6.03793
7.06327
6.75672
5.85688
5.39511
4.84579
4.31929
4.33231
4.78235
4.71028
4.4408
4.26707
4.29198
4.23635
4.29264
4.19269
4.12519
4.08351
4.05643
3.79613
3.38415
3.14122
2.59626
2.53494
2.23183
1.90564
2.2167
2.30031
2.8848
2.91691
3.39883
3.26616
3.47503
3.48663
3.70806
3.52092
3.85679
3.73484
3.90521
3.81082
4.13958
4.06032
4.17917
4.00833
4.15876
4.21943
4.29622
4.06631
4.41471
4.09318
4.48705
4.42925
4.47274
4.50082
4.55259
4.55683
4.62839
4.26151
4.72
4.5332
4.48586
4.35165
4.27825
4.16006
4.42768
4.43385
4.67013
4.41396
4.52728
4.38301
4.22058
3.94548
266.008
267.088
269.234
275.027
131.396
145.76
73.3537
61.9271
87.3677
86.1632
152.1
142.468
131.376
123.806
70.9309
64.0684
87.6332
156.126
37.5344
244.028
231.758
226.829
228.182
88.7342
244.433
257.915
188.515
174.502
242.178
242.346
259.65
265.838
264.263
267.541
258.949
271.479
266.532
266.963
212.568
259.157
246.171
243.799
197.682
78.2846
43.1887
45.7174
71.8264
41.5307
204.706
127.553
130.793
140.32
124.617
174.227
134.894
148.845
171.959
140.282
173.718
194.084
169.654
202.73
132.662
155.356
122.535
128.61
114.179
134.066
104.341
112.743
122.305
115.492
121.074
149.232
140.322
134.89
66.7054
175.429
156.929
117.974
144.399
173.796
126.218
137.549
156.626
208.038
157.069
157.669
223.17
125.361
110.486
106.969
154.94
112.142
252.415
250.077
4.39631
4.5306
5.32892
4.87321
4.66756
4.99367
4.67472
4.84192
4.86042
5.42061
5.5453
4.55847
4.99157
5.08825
6.0384
5.68851
6.12649
6.72613
6.62314
5.49815
5.34816
5.94542
6.95188
5.66806
6.57605
7.87709
7.89403
6.48363
6.03876
5.91613
4.93026
4.35815
5.08683
4.888
4.80517
4.63015
5.07295
4.39558
4.71577
4.45505
4.55666
4.28889
4.34795
4.04082
3.64216
3.35442
2.59713
2.55276
2.2473
1.95955
2.37207
2.46716
3.28685
3.29926
3.7667
3.7102
3.91495
3.9025
4.17874
4.15331
4.27216
4.19454
4.53089
4.34738
4.82826
4.56421
4.44109
4.47922
4.82606
5.02743
5.08789
4.72178
4.79246
5.03477
5.32776
5.09587
4.97909
5.35916
5.95889
5.24725
5.12975
5.21555
6.08971
5.05388
4.92174
4.81603
4.63178
4.98372
5.37891
5.11089
5.16532
5.01274
4.74488
5.09176
4.75835
4.61651
261.595
263.323
246.013
254.829
127.363
82.6996
83.0085
77.8985
99.6801
107.42
107.247
125.636
129.678
105.475
54.0445
109.713
83.7885
152.581
25.5297
169.627
222.494
213.563
227.101
86.1474
223.73
238.577
187.701
166.324
233.397
233.504
251.114
258.309
245.632
252.219
240.317
264.154
259.79
245.363
226.884
158.322
248.051
237.802
125.071
79.7703
65.9109
72.8339
136.162
77.5324
162.185
126.359
124.714
150.669
144.203
144.28
115.346
143.552
102.66
127.484
171.001
172.244
144.946
169.987
129.071
127.692
68.9753
79.3309
95.0201
139.711
102.646
129.262
94.5664
124.521
90.4024
122.021
143.52
137.781
126.48
115.256
127.21
124.728
114.936
139.167
118.6
132.349
163.072
159.42
154.098
163.388
179.364
100.525
147.404
167.712
30.5202
138.45
267.759
267.514
5.36501
5.65719
5.39521
5.91466
6.6041
5.9825
5.37909
5.48113
6.73129
5.66527
5.76244
5.61598
6.79516
6.14426
7.28545
7.46333
5.86476
7.4688
7.69727
7.38335
5.98347
5.67724
7.19681
6.87806
7.4626
7.91415
9.29372
7.25178
7.00677
6.61977
5.57974
4.87834
5.08887
5.17064
5.37048
4.95923
5.17882
4.87238
4.89531
4.60926
5.15442
4.71772
4.56931
4.46156
3.89262
3.52978
2.64469
2.54786
2.31651
2.03048
2.57774
2.67982
3.75151
3.72636
4.20695
4.13331
4.60223
4.3233
4.79007
4.5093
4.75868
4.99354
5.56935
5.02822
5.01987
5.0654
5.35833
4.94067
5.67725
5.04763
5.59931
5.2219
5.63291
4.90647
6.32768
5.79879
6.6253
6.15812
5.84813
5.3723
5.68191
5.26279
6.66488
6.52352
6.31667
6.16815
6.22771
6.471
6.45554
6.1682
6.0394
6.55338
7.21371
5.57823
6.40188
4.33988
258.995
255.154
139.506
223.127
127.794
117.859
124.823
77.4403
130.147
113.329
102.367
126.53
100.709
90.2061
56.4344
47.1548
117.275
172.947
118.221
93.142
212.753
202.281
182.418
219.184
107.14
214.777
184.818
166.576
206.228
219.036
236.12
241.297
235.697
241.878
208.201
234.664
244.865
236.651
209.496
181.389
236.794
232.507
93.699
75.0469
56.8737
140.69
162.05
88.9318
53.8374
150.986
126.728
113.555
142.71
140.152
134.957
131.525
115.683
115.838
174.437
161.238
146.655
131.575
78.091
112.253
60.1267
112.525
80.8175
86.1063
105.707
133.613
86.4024
112.481
70.899
87.9804
91.2484
80.2301
108.214
131.394
102.621
107.754
116.346
129.176
148.587
93.3983
105.312
146.887
167.118
160.754
171.141
121.405
135.479
169.616
28.4545
62.1032
247.826
254.093
6.90358
4.85201
6.10111
5.5423
6.03855
7.70462
5.9321
4.6788
8.76928
8.81543
6.2197
5.98949
8.43713
7.46312
7.16966
7.86823
8.59535
8.39386
7.80781
7.30623
8.46133
5.34581
7.17081
9.09432
8.87757
7.9967
9.28707
9.07331
6.59079
6.73064
6.4541
5.35298
5.62642
5.35817
6.04977
5.65106
5.70818
5.39553
5.31279
5.24892
5.32224
5.25297
4.90153
4.68798
4.18441
3.75738
2.65912
2.54237
2.35566
2.09991
2.84731
2.95766
4.24943
4.27774
4.53953
4.72149
5.2649
5.05069
5.4991
5.09417
5.22723
5.20804
6.34498
5.86565
5.39993
5.37649
6.27568
6.35959
5.10113
5.25821
6.43741
6.599
6.59997
6.08381
6.50109
7.15778
8.40107
7.13209
8.98177
5.9131
7.05041
6.90387
9.23051
6.87482
5.64462
6.05694
7.49289
6.46799
6.03766
7.74632
8.19249
9.21188
9.10501
6.1728
10.0488
10.2244
253.806
241.518
118.837
170.617
161.407
110.447
112.476
74.7056
115.12
102.067
135.914
136.401
99.9562
46.0916
101.481
59.7596
74.2225
170.189
167.131
195.521
184.479
189.336
145.67
92.2015
135.256
193.384
170.816
159.66
184.298
202.794
208.15
220.497
223.553
223.067
186.63
240.869
224.117
216.22
199.663
173.923
220.721
204.165
100.018
93.8185
67.8121
91.6213
88.1377
114.906
55.9904
73.4921
90.6544
112.922
130.833
104.47
102.183
74.2111
92.5809
100.3
163.827
159.714
144.188
142.157
76.5402
106.761
53.6402
84.5105
63.346
85.982
94.9559
113.217
93.1067
103.448
56.1097
76.9374
96.6006
70.699
73.2532
101.725
82.5138
104.779
100.495
108.241
79.597
97.1709
115.293
131.26
138.832
137.068
116.357
142.515
160.606
184.27
51.8654
152.834
250.416
252.44
10.304
8.24039
8.20702
8.4371
11.8838
7.87079
10.7774
5.88233
10.9249
8.66018
6.57999
7.9601
8.16157
6.83348
10.0916
9.46659
10.8941
9.87069
12.3326
7.61882
9.36854
9.10271
8.57235
8.74915
8.74198
9.00603
8.47218
8.75753
7.69137
6.77101
6.9651
6.07845
6.88214
6.12151
6.3135
6.64853
6.41921
5.64396
5.76223
5.79853
5.80751
5.44242
5.2634
5.10246
4.55714
4.10885
2.67915
2.55844
2.39587
2.17379
3.20074
3.34044
4.79793
4.82553
5.214
5.27712
5.71023
5.85435
6.03912
5.45044
5.28751
6.21659
6.82285
6.9387
5.77156
6.3491
7.35552
6.96489
5.99406
5.36623
8.81622
7.97374
8.46029
6.07248
6.53236
7.28969
10.5257
6.44678
9.35457
9.51179
8.95544
9.23584
11.0429
11.239
6.31303
6.0198
10.2141
6.57616
7.85368
8.7296
13.4894
12.5724
12.3869
5.67819
16.4443
10.8453
242.313
235.013
134.825
105.168
130.02
138.195
110.612
92.2217
106.809
97.8096
128.019
140.071
74.2634
40.4696
88.5072
90.6323
54.735
84.2974
66.5154
188.517
162.934
161.766
85.9704
62.306
162.366
171.314
153.847
158.922
100.405
122.18
140.45
192.195
209.671
207.817
122.608
213.863
24.6945
88.0151
75.8272
93.9075
87.0599
103.831
121.639
113.866
52.9992
115.521
92.5013
129.204
53.3355
61.5669
71.339
95.1091
122.039
106.136
91.5623
74.6533
76.6243
99.5429
115.393
166.623
136.812
133.088
93.4326
81.7593
104.357
71.6341
64.1988
73.2503
100.347
91.5715
86.8737
90.3758
43.9259
92.7781
79.7171
71.2727
73.4798
85.692
87.7024
96.1565
103.517
98.2276
98.7085
115.435
102.246
124.182
118.386
119.637
168.804
176.303
108.482
142.051
102.549
168.112
246.305
242.468
15.2588
8.13392
14.3439
8.97248
19.2753
15.1969
9.47658
7.59098
19.0681
14.1671
9.13864
7.4303
6.63235
7.64779
8.35929
14.6
11.5309
9.64398
12.2768
7.76336
10.4534
10.0102
10.4153
9.52894
12.1814
10.4014
11.2686
10.5026
9.37655
8.50787
7.64542
7.36088
7.71333
6.56825
7.22275
7.08347
6.98361
6.11281
6.73074
6.15776
5.95249
5.88042
5.74657
5.25082
4.94734
4.43209
2.68051
2.59707
2.51898
2.28322
3.62204
3.85214
5.46562
5.64846
5.58765
5.69975
5.70762
6.39475
6.028
5.80609
6.88596
7.73788
7.22149
7.15253
7.23202
6.51232
8.12863
7.46695
8.42531
6.80638
8.49076
9.31652
10.3452
8.23917
9.47601
9.97225
8.69086
8.53125
12.115
10.1908
10.5423
9.79997
8.97455
9.95103
6.18244
8.40037
30.8871
30.1592
8.91674
12.542
22.3644
22.124
27.9893
20.2989
28.7326
27.0508
210.653
212.897
56.975
104.944
116.538
129.227
81.4775
72.8724
64.2178
59.5932
64.7224
76.0607
60.6791
61.9797
69.8122
118.909
43.9045
107.696
68.5582
52.1945
80.9835
146.34
84.7419
103.797
129.726
148.182
113.07
117.017
44.6636
80.9419
81.2955
192.46
138.129
158.685
61.3158
151.019
38.5991
63.3105
68.784
73.361
88.1759
87.1823
53.8547
108.256
51.6785
114.502
73.7811
133.045
58.451
46.2321
47.1215
64.6094
81.0974
93.7445
73.4739
88.2771
60.6581
68.7384
86.4879
98.6696
99.5491
76.907
63.1665
72.3477
62.9777
73.2121
32.5818
68.1136
94.8731
85.1009
80.9184
60.37
43.7514
65.9187
77.4318
63.94
59.0584
80.4941
50.8447
76.9282
85.6509
76.6679
69.8123
71.4712
90.6183
78.4738
102.017
114.61
94.8043
88.2868
125.764
114.56
177.776
192.38
210.514
225.386
27.5767
23.249
27.1376
27.4548
18.1472
13.6584
31.3398
7.64092
14.5802
29.289
17.1646
8.27293
9.45995
6.78221
10.6432
12.0263
11.4026
9.78791
13.5422
14.7238
13.3293
10.3031
8.79116
11.3589
15.1349
13.9817
13.8379
12.7785
10.617
11.4048
8.83243
8.0567
8.13469
7.6032
7.85811
7.02689
7.72741
7.20098
7.28182
6.57355
6.78282
6.24663
6.34327
5.83406
5.35888
4.60877
2.66245
2.61919
2.59489
2.37821
4.21713
4.57507
6.45161
6.16959
6.74658
6.98518
6.41092
7.21959
8.76102
7.64525
8.19128
7.29381
7.91779
7.72056
9.85502
9.83119
8.57661
9.18613
10.5206
9.66918
9.4034
11.3794
13.0128
8.81515
12.0437
13.0702
17.0706
8.37968
14.7835
17.4156
16.8133
10.216
12.2456
10.6734
13.2339
7.97911
22.4607
32.5686
7.38542
16.8638
32.0265
28.2877
43.2577
38.7592
43.3728
42.2617
105.795
108.302
76.9191
75.1828
72.613
104.295
55.7284
64.6964
48.2523
59.5068
60.5151
63.0082
36.0633
45.7727
58.0352
53.7603
47.7915
53.5157
54.8873
55.8169
72.9394
95.412
56.2133
53.8835
82.1984
109.273
39.5101
78.2642
46.9687
64.7138
43.9717
65.8962
91.907
115.069
70.9641
89.7027
36.142
47.1254
85.6486
62.6578
42.8401
86.3903
55.3311
89.0655
66.2526
64.9851
66.8895
108.841
89.765
57.4641
47.8929
59.0515
37.4247
58.1202
55.5703
48.9956
44.6295
51.8307
44.24
69.1792
55.1177
60.2607
39.705
58.4822
45.3613
50.8009
27.6915
35.406
74.8554
93.024
64.6149
48.4914
40.8732
42.446
52.2057
54.2454
38.1791
55.3898
46.4863
56.4044
50.2962
60.6267
55.5407
61.8584
50.7031
77.9905
52.4021
89.2418
55.3409
67.6634
78.7878
101.147
79.4976
103.777
108.638
120.63
52.4951
31.8083
53.3441
40.6667
60.7865
22.003
29.1947
17.6521
11.2907
28.9431
31.7915
16.6646
16.7082
13.2846
17.4507
17.2943
16.7906
8.4797
15.1417
14.7487
16.6265
18.0117
9.09655
12.0969
13.4182
15.602
15.4877
16.275
13.5451
12.5853
11.2065
9.39777
10.9549
9.16434
8.57585
8.01299
10.3529
8.27799
7.49741
7.48462
7.53471
7.35071
6.84164
6.21974
5.89203
4.91435
2.65757
2.61455
2.72234
2.47276
4.80459
5.55805
7.15544
7.73716
8.17418
8.00959
7.1272
7.12349
9.73861
11.5354
7.52676
8.50455
10.839
9.73985
12.1213
9.60966
7.58713
9.54306
8.57776
11.511
15.0278
6.45678
10.962
11.2009
12.862
7.23523
13.7837
13.2262
15.3023
20.5752
11.3985
7.42027
24.7351
12.2282
21.3248
17.0397
22.1004
33.923
5.65365
20.5672
49.3093
49.8467
72.7951
57.3642
25.3192
72.3928
70.8168
61.4756
65.7052
51.929
55.8744
59.9898
32.7299
42.0136
43.7418
44.6829
43.2151
54.5965
33.2647
59.0544
16.9148
25.0331
39.2438
46.0838
62.3377
49.0471
73.5794
84.9468
74.6468
65.4656
83.4015
83.8867
13.5591
13.095
42.128
60.4111
26.2333
35.9927
91.1321
111.691
45.917
40.1668
39.6181
55.6936
42.1609
54.4893
37.6612
73.4186
43.2584
66.8955
60.6483
38.6126
68.7513
64.7624
85.6111
62.7863
49.6463
56.4281
30.9198
33.8936
36.0222
26.8684
36.0068
26.1963
37.9027
38.0391
27.1473
22.0371
27.1556
49.6532
50.436
49.5911
30.3443
32.9175
64.8949
58.8831
53.2922
51.4268
48.242
44.5052
36.2336
40.7178
24.8892
37.2609
52.5293
51.1631
42.1918
56.172
47.4494
49.9316
49.2922
39.1738
37.5166
43.0262
42.2767
51.1279
60.7908
80.3019
40.0505
21.9431
55.7378
49.5952
59.4963
47.1021
41.9495
52.0028
61.2069
53.7296
36.4571
26.6344
14.5178
28.3045
21.6878
15.403
11.0118
14.8257
11.888
17.0326
15.1552
13.7354
18.6347
16.5796
18.4048
21.4882
10.1402
11.9424
14.8013
14.4567
19.1057
17.5823
14.5452
14.0778
13.5932
11.387
11.4637
10.7891
10.7774
9.91517
10.5018
10.1889
9.10959
8.82897
8.12127
7.83791
7.95615
7.01187
6.2882
5.19175
2.61798
2.57799
2.87232
2.59151
5.29758
6.3771
9.05898
9.27596
10.6731
9.3105
10.6574
8.54906
11.554
12.487
10.7086
8.64723
14.9639
12.4094
9.50502
11.2583
12.639
9.14502
14.36
11.9981
12.2278
14.0168
13.3951
7.04686
20.6481
10.3852
23.5793
14.7502
12.9108
17.2362
28.9098
24.4229
28.2337
29.8121
20.0999
16.4951
21.6606
20.8988
4.09217
6.54538
49.4387
47.0253
52.5738
43.1685
8.56644
9.21259
59.3648
42.1676
83.2245
47.0315
51.0767
58.11
41.5064
40.4906
40.7386
48.5069
37.3208
44.3143
37.6058
45.798
22.4596
20.1737
26.2317
39.5509
55.5514
32.0957
62.9593
83.8714
74.5985
62.026
83.1361
43.8108
12.6559
12.9119
44.9256
49.7862
24.1403
35.3856
83.1453
108.016
40.9632
44.999
41.0064
53.5305
39.7208
59.2559
38.1339
70.5687
49.2245
63.9055
53.4637
37.7007
68.6905
64.1563
85.394
63.4045
46.8996
55.4289
50.4965
32.0871
30.7853
22.315
31.1034
30.9405
28.5802
32.9877
27.2505
23.4526
18.1592
41.895
20.9448
26.9164
24.499
32.462
59.5509
54.5697
50.5701
53.9166
49.8102
41.4214
30.3104
32.1609
22.585
36.5963
42.5939
45.4061
35.6162
45.0729
41.5816
43.8759
42.3581
43.8765
40.6584
41.6263
32.6422
39.7679
56.6147
71.9068
26.1678
24.312
53.8837
44.2893
16.9885
38.6314
32.8055
65.7843
71.3261
62.7734
40.0694
29.5744
23.2697
21.1584
21.6368
17.374
22.2453
15.4535
23.7287
15.2901
22.2226
19.7856
20.1579
16.8869
18.8902
16.9478
15.0763
16.344
17.9577
18.3303
18.2289
14.7733
15.3964
17.7763
13.7832
12.1551
12.1852
11.8852
10.7234
11.4859
12.5179
10.0404
10.082
10.4864
9.05353
9.4259
8.22171
7.9318
6.93665
5.40813
2.58017
2.52296
3.1382
2.76863
5.78907
7.38198
10.4932
12.0132
13.1688
11.6496
14.074
11.8371
13.9092
15.4171
16.6175
13.9503
16.9386
15.6758
15.2742
13.2808
16.941
7.8653
13.4551
15.6645
13.9798
14.8403
11.7862
17.8409
6.69215
16.7725
11.7612
22.6882
19.7132
21.9851
41.4208
22.768
45.3496
44.944
48.4752
42.726
11.9109
10.5792
57.9269
24.7048
11.9883
12.9664
11.9368
10.6125
76.6897
87.1204
43.2094
58.0339
48.4943
47.5702
47.3886
45.4461
46.5019
47.4934
38.8412
52.7492
35.9814
45.2479
27.3082
38.9428
33.4537
45.6036
29.6883
40.8466
55.6387
32.2074
36.255
74.4359
73.9334
57.5919
80.4338
49.5266
16.9244
9.90541
45.1302
51.91
24.2523
34.1638
80.6683
108.141
41.9294
34.0362
39.4446
53.6936
35.6228
62.3403
34.9497
72.0079
53.9377
64.3061
48.9224
36.2173
69.7485
63.4503
71.0826
58.3778
39.9381
50.904
46.7643
33.1404
24.055
20.4392
29.3449
33.1628
27.2166
29.4241
22.0827
21.9145
15.767
31.9625
25.6193
23.8677
24.7984
27.3319
53.0066
48.8792
45.1986
54.8486
41.4309
41.0417
31.657
30.8158
21.7304
35.6758
38.2032
41.6567
33.5605
35.8257
38.1946
40.285
35.5539
39.5164
43.5023
39.9092
32.5953
31.6557
53.2304
63.7294
28.5818
24.3763
63.8025
44.4076
17.5944
32.2654
16.5787
30.4777
61.6319
57.3718
36.967
37.5887
38.9186
49.4705
37.7977
20.1729
18.5473
12.1607
24.3862
17.5041
18.4778
20.2878
18.9772
16.2105
18.2674
15.2204
18.3743
19.8843
20.5673
17.6849
17.4652
16.0025
18.752
17.983
15.2932
12.8772
14.5613
14.2243
13.934
12.8563
13.1998
10.9582
11.7914
10.806
10.6468
10.8281
9.56947
9.34409
7.32074
5.59513
2.51959
2.51646
3.47624
3.0046
5.65789
7.02621
9.27183
10.6739
13.6976
14.591
14.4261
11.9858
10.7322
13.6291
14.8158
21.1408
20.6599
16.8926
15.571
17.0494
17.319
15.9809
14.9923
18.3412
18.2992
15.8364
8.3486
16.4699
38.3105
30.752
20.7583
18.3609
26.7304
18.0504
19.73
22.6742
13.1096
11.9443
6.02951
6.85615
11.7984
3.22879
31.1499
20.7866
12.4277
13.2077
47.5657
59.6098
76.5787
70.9765
26.3236
44.4845
41.6544
37.2071
37.6018
36.9628
31.3227
40.7323
32.4375
44.4697
29.9616
31.8141
31.1225
40.3496
24.3612
31.6897
29.9028
39.878
54.1384
31.4881
14.211
40.2689
76.742
51.0677
44.6152
54.2712
19.0938
18.4298
42.8157
48.5205
26.4048
31.7508
77.3937
104.256
44.6612
39.0835
43.3745
54.5208
51.2619
78.5663
23.5555
52.5707
40.4448
55.4744
54.4716
34.3005
70.4264
62.3248
69.035
37.0539
31.3666
50.2094
33.0619
31.6555
20.9545
18.4657
23.3115
27.5563
20.3951
27.2494
19.942
20.8695
15.7573
25.5369
29.7588
26.2825
24.9129
27.8155
51.3014
49.243
35.5165
38.1033
27.4401
35.045
28.5982
29.9031
29.7562
24.7021
25.2501
35.0059
25.4582
35.3109
29.0384
36.5895
25.3951
31.3431
31.2365
36.1973
29.6142
30.3387
39.5168
50.154
31.1783
43.6535
54.1531
54.4303
5.8492
16.2006
33.5367
25.7106
14.2864
41.8974
42.9255
4.61747
55.4916
51.7672
26.0078
29.3793
13.1653
15.1558
22.8378
19.6637
20.0974
28.7444
20.287
22.3098
12.9977
17.6311
18.659
18.9122
16.2248
20.3875
17.0645
19.3873
16.1127
14.3397
17.0297
16.9327
17.2291
16.1381
13.6847
14.9019
13.1015
12.8874
12.1457
11.2686
10.1917
11.1191
10.0157
9.97557
6.61265
5.59978
2.20295
2.16576
3.77781
3.19993
5.43801
6.50348
7.87073
9.01714
10.0691
12.1241
10.4513
11.1381
13.8079
13.2516
12.063
14.3267
16.3257
17.7813
18.529
15.9144
15.0984
18.3274
17.3456
17.7249
29.3235
19.6307
10.9659
20.5052
19.589
18.9122
12.6519
8.50477
26.8828
26.2702
12.3532
36.8332
27.7673
10.9648
15.0247
13.3468
24.7642
13.6315
15.2959
30.6929
39.1618
46.5248
54.0451
13.2404
23.9765
5.9
42.3355
35.1698
30.0647
36.8209
30.9041
30.6757
25.7998
36.2725
25.7267
36.0848
24.6702
25.0468
36.9904
36.8412
23.8255
33.255
27.8747
37.4999
53.6164
38.5604
12.0106
40.6154
68.2929
33.9171
42.5825
40.9377
20.0895
18.0861
37.6617
38.5603
19.8355
25.0425
69.0115
96.1718
38.4596
36.12
39.6328
49.9686
57.3743
80.044
26.2459
24.1657
28.1994
46.105
39.636
55.2252
69.9663
58.2386
68.7107
28.0026
31.1336
51.7234
25.7628
26.3919
21.9712
18.4836
24.8427
26.6175
18.7959
28.0118
12.2794
22.2228
16.0383
21.1825
20.8299
29.6763
17.6187
24.0288
52.2468
49.1858
37.1966
38.3701
27.6663
30.6733
29.9963
23.4727
23.7768
25.3094
20.4663
24.3938
24.5108
32.9157
21.1881
27.8293
26.3033
28.4074
31.4167
30.3352
24.1942
28.7421
29.1425
39.6071
23.7891
32.3502
48.2472
49.3276
12.1784
17.1157
29.2365
34.7362
15.6517
12.6824
42.4028
38.75
19.4872
55.3461
17.3425
25.8092
14.4174
10.9456
15.367
20.9933
18.5547
18.4492
16.4831
15.1961
14.7327
18.8153
13.4153
12.7308
15.5509
16.6804
13.2329
14.2188
11.7207
13.0309
14.0055
16.7084
11.528
13.432
10.66
13.1185
10.441
11.2706
10.0201
9.44486
8.68796
9.20209
7.44568
7.85648
5.16874
4.77577
2.21621
2.20264
4.18936
3.39653
5.22519
5.9668
6.98823
7.98222
9.20309
9.49558
10.529
11.0088
12.1825
14.0102
11.0333
12.667
12.1038
10.3802
17.5422
14.3298
15.0803
16.4349
17.0087
21.2146
21.148
27.1779
19.6088
12.1115
23.8952
30.0392
23.0223
19.8419
5.3657
13.7009
5.037
4.69858
9.63139
30.1611
39.2192
27.0101
22.445
6.27819
18.6219
24.8924
26.4768
53.946
9.66915
7.14293
8.49943
35.4245
16.5771
20.6392
25.0062
27.128
23.2799
28.1421
20.4995
25.393
24.5185
28.6201
22.4539
26.103
30.9413
33.7547
18.1339
29.9302
28.5346
33.2517
44.4696
39.6939
11.8091
42.2012
72.6502
28.2709
20.6482
44.7553
16.8701
18.9459
27.8422
26.9055
12.253
38.2644
77.8974
72.5833
34.9757
40.1955
24.0934
40.9159
48.7224
78.9436
35.3996
29.6231
25.2349
20.3793
38.5911
47.6368
61.21
50.643
66.197
43.2272
18.2626
31.4383
19.9914
19.2711
17.2456
16.4945
16.7564
20.3366
19.8525
21.1389
12.3578
16.5468
12.8959
17.2874
22.845
27.9499
16.1692
18.5925
53.0584
50.0918
30.9362
38.5743
24.5195
25.6334
21.437
26.6627
18.9053
24.5467
15.9297
18.8581
17.7053
19.4435
19.124
23.4515
18.0103
19.3167
24.9622
22.6974
14.7196
21.6882
22.7144
26.0722
19.1132
19.5256
31.6781
24.3149
16.6537
14.708
28.1262
14.1056
34.5443
33.3774
26.1353
29.8122
23.3491
46.0246
15.8001
14.5236
20.6529
13.4369
10.8601
18.457
15.0185
14.1177
10.4237
13.2521
15.4687
14.9904
10.1565
11.395
11.6342
12.9725
10.5408
10.9996
10.2229
10.2358
10.7057
11.2442
9.12882
9.42744
8.40618
9.53636
7.62409
8.58039
7.46283
7.87561
6.24622
6.6355
5.6546
5.93178
4.04245
3.92577
1.83143
1.80465
4.67755
3.6161
5.08838
5.692
6.64902
7.22768
7.53749
8.64868
9.05919
10.7262
9.94119
11.638
9.62472
14.0324
10.0518
10.8065
14.8998
16.4109
12.1979
12.4359
8.86052
14.6176
18.8601
21.4337
11.0726
11.7302
8.77091
15.82
11.7894
9.45675
9.38739
11.2221
22.9034
23.0248
17.7394
19.4704
39.4986
24.9836
34.1356
17.8454
20.4479
21.8717
19.1397
16.6219
24.8091
21.9608
16.9433
20.0798
11.939
17.0684
23.9031
20.3813
20.6878
21.9842
20.9716
21.008
15.0023
23.0082
14.6719
21.3868
26.3978
25.9617
19.3154
16.2477
26.4402
32.2137
33.7976
25.9892
12.247
43.4951
74.1433
41.3346
13.6475
32.4721
7.78573
17.4506
18.1392
27.0667
8.45141
12.3336
50.3216
62.4584
41.5864
24.2705
23.3354
25.8669
47.3493
39.0444
39.9587
27.7624
29.8325
19.6269
25.2238
34.2047
51.3353
47.4504
56.9076
34.8356
20.7406
26.7528
28.018
14.9768
11.7192
11.7284
20.5574
14.5712
21.4559
23.8093
13.1684
13.55
12.9248
14.2376
30.1114
24.4368
15.3411
18.3789
52.0085
41.0695
26.3754
22.6446
25.0405
20.1408
15.9151
15.5038
18.8387
20.6985
13.927
18.7314
17.904
18.1117
20.4
17.3828
18.695
13.8095
14.6788
17.4047
12.0502
13.3862
12.9946
17.4941
11.9956
13.8235
13.6332
21.0237
11.485
26.1567
10.8729
23.6438
14.5539
15.7962
11.6009
18.5838
13.2967
17.4699
10.4312
13.3478
14.6909
13.4139
12.8929
12.2346
9.96641
8.95571
8.35018
11.2231
10.4654
11.0871
8.89963
10.1988
8.26534
10.4651
8.50678
8.20314
7.54423
7.76609
7.64594
7.40746
6.47281
7.15149
6.10244
6.67423
6.3779
6.48427
5.75493
5.91597
5.07809
5.20753
4.52627
4.731
3.21956
3.11514
1.81758
1.77753
5.33251
3.82748
4.95247
5.2891
6.19439
6.4747
6.94161
7.59463
7.0841
7.75779
9.38198
9.524
8.31564
7.92114
8.25422
10.0331
9.08892
8.84328
9.68157
8.37334
7.66684
8.80734
14.5287
11.0437
9.12353
8.76558
8.80933
10.317
13.6006
11.4415
16.9818
13.3865
10.5367
6.17046
9.02138
10.3478
8.09756
14.454
16.8347
17.4632
12.5915
12.0199
14.7311
10.9085
14.076
9.75268
12.5184
10.0648
12.4257
20.5335
15.6854
15.8415
16.3277
17.1171
16.4345
17.4442
13.1849
16.5348
13.719
18.3866
22.5511
24.4586
20.8732
13.7027
23.4365
27.5074
24.6939
13.2888
18.2005
27.9514
30.7946
44.4507
19.6041
27.7456
7.0275
16.7973
17.1439
15.394
9.33237
18.3904
33.1537
48.3428
37.7606
21.8612
10.7643
24.6621
50.5834
23.3131
26.4784
27.4044
17.7338
29.3429
22.1329
34.6365
63.1047
50.184
57.3654
35.7041
20.8818
21.7712
18.2915
11.8746
10.181
13.0371
11.1922
13.6125
18.0896
18.9542
13.5183
13.2115
11.6707
14.336
19.4889
20.4219
15.5982
18.9593
43.0843
44.6984
26.6019
17.0022
19.2006
19.8818
17.4483
12.9952
12.3102
18.1643
12.1607
12.4211
12.0831
13.0802
16.6061
16.408
13.4733
11.3748
11.4761
13.0077
9.91861
10.6373
8.52569
9.48186
6.64581
7.76864
6.56457
8.20547
8.26098
10.5051
8.28799
11.5746
5.74575
9.0243
7.92388
9.83768
9.26452
11.0888
7.18113
9.5369
8.00206
7.36812
7.75613
8.6387
6.84493
7.29839
5.99511
7.46709
6.21571
6.77537
6.37979
7.25451
5.9555
6.83354
6.72215
6.64724
5.94505
5.64655
5.65754
5.9433
5.45636
5.7587
5.08402
5.3236
4.88859
5.14327
4.48546
4.70541
4.13462
4.31232
3.66728
3.77106
2.65429
2.57114
1.59384
1.55956
6.0266
3.93438
4.72892
5.01546
5.91648
6.08473
6.77019
7.01838
6.94406
6.92051
6.90516
8.55436
8.02666
9.0694
7.96908
8.86254
9.43264
9.60094
9.34941
7.69758
8.21079
11.6002
10.9197
9.33906
13.2857
10.9669
13.3202
13.4413
15.399
14.4023
15.8656
18.9441
13.5601
13.5135
10.1961
8.25392
12.7808
12.534
6.50317
13.6966
14.5361
13.5535
9.23939
8.25067
10.0673
14.3817
8.1591
9.12258
13.1414
15.3316
10.4355
13.3245
12.2512
11.6062
12.567
12.1192
12.2883
16.0898
13.9154
13.7072
15.3307
12.5638
15.7213
12.2659
23.1012
20.54
21.6652
14.2238
17.9817
28.9626
29.319
12.5398
18.6452
25.2011
5.15691
13.8411
17.6465
13.0435
10.5342
10.6859
22.9118
22.5693
34.1044
31.9916
9.68051
11.667
21.6226
18.8215
33.6806
26.8875
16.3233
16.8253
21.4142
35.786
52.4144
50.3619
51.5659
31.6182
17.8586
16.9868
17.0546
10.5326
9.24301
11.9417
8.9054
10.4643
15.9042
17.8744
12.6293
12.4208
11.4257
12.671
20.6261
19.7007
11.22
15.3861
33.6295
38.0675
26.6077
20.4439
13.6769
15.5299
10.447
13.4563
9.77505
10.3661
10.4112
11.355
11.289
11.2376
9.98118
12.0344
10.6507
9.81971
9.33116
10.0137
6.9951
7.69613
6.42626
6.68316
4.45718
4.50222
3.97848
4.79729
5.5913
6.50186
6.03978
6.36594
5.54445
6.16523
5.22422
6.31011
5.71003
6.33406
5.74432
6.46535
5.47854
5.3265
5.87069
5.95378
5.42121
5.92653
5.71627
5.83687
4.86676
4.98828
5.06218
5.09808
4.79709
5.15564
5.01805
5.32978
4.7489
4.81457
4.77393
4.73523
4.40932
4.48231
4.04589
4.31058
3.76549
3.9904
3.66161
3.80029
3.33689
3.49538
2.96502
3.00418
2.25866
2.17149
1.56658
1.51739
6.47761
4.17308
4.5601
4.9415
5.38823
5.81501
5.87434
6.58754
6.48222
6.508
6.17477
6.32853
6.63306
6.78683
7.54374
7.87509
6.56566
7.81007
7.74867
8.26062
8.83301
9.42663
9.22614
10.3936
8.25358
9.12649
10.8499
13.4656
9.19297
13.0949
9.56648
8.88837
8.49886
5.58918
13.392
15.495
9.26438
10.3254
8.45835
5.1478
9.78571
11.0487
7.40908
8.95491
9.40857
7.99472
8.80756
6.49995
10.4193
12.9476
9.32028
11.6859
10.016
9.6622
10.4528
11.4823
10.4159
11.3432
11.2683
13.0048
12.9587
10.6219
11.743
6.22607
20.4521
15.2801
19.0861
14.5511
15.4808
23.3486
24.0505
10.7761
17.0418
20.7118
5.3337
9.70656
14.3909
12.0091
8.29202
7.95613
16.5826
9.32042
21.817
13.0418
7.30081
9.86854
14.7067
11.6404
24.2849
21.3965
11.4858
17.6426
15.2601
39.7183
38.8036
38.9235
43.5014
31.3486
15.3761
15.9138
15.1742
9.76294
9.97165
9.16797
9.9255
9.903
17.1601
14.9567
11.3594
10.8358
10.7263
9.1929
15.0121
15.6283
10.9943
15.4215
24.9793
36.5768
26.7217
30.8202
13.8307
13.9907
10.0722
11.4417
9.77696
10.7304
8.3929
8.53418
9.48687
9.40897
8.06552
9.8479
8.25339
7.83841
7.39248
7.91455
5.67633
6.25918
4.95342
5.14307
3.52986
3.48731
2.98707
3.31993
3.89661
4.26016
4.34716
4.41193
4.23396
4.66081
4.45873
4.55768
4.45777
4.54172
4.53423
4.629
4.355
4.88327
4.44081
4.59966
4.29365
4.35399
4.51564
4.71973
4.19656
4.37844
4.25666
4.47105
3.87444
4.18309
3.83898
4.21789
3.88377
3.98771
3.72898
3.83316
3.4899
3.74906
3.32167
3.49817
3.17837
3.29279
2.98761
3.08391
2.78917
2.88142
2.50756
2.51876
2.02228
1.94783
1.48408
1.44385
7.06105
4.22601
4.5075
4.62902
4.88682
5.2193
5.25312
5.55432
6.08999
6.13817
6.09094
6.71523
6.28631
6.03193
5.96711
6.99712
6.08938
6.0273
6.72482
6.7787
8.95806
8.31422
7.3693
7.30578
6.25114
7.42778
6.7022
7.5166
6.37262
6.40688
5.67159
6.70209
7.57546
5.94547
8.44921
9.98571
7.28688
8.4302
7.05361
6.90681
10.749
10.1491
10.1306
8.97934
7.85191
8.51699
10.0955
8.17852
7.4459
8.82567
9.27723
9.89197
9.03858
8.29563
10.1601
9.96275
9.77272
10.0145
9.17
12.3096
10.7308
10.0199
8.97297
7.10933
16.8097
17.3818
11.9988
13.0939
10.6063
22.9479
21.3505
9.47962
12.0752
13.4923
5.6543
9.26802
7.59361
3.74954
6.65304
8.47474
14.6946
12.9674
20.1117
14.8303
6.17762
7.3335
9.81322
7.30763
19.4088
15.0986
8.03856
16.4106
20.1084
40.7896
32.2931
39.1008
31.1257
27.1752
15.8003
12.3182
14.6009
10.7001
8.80763
9.43096
7.26295
6.97652
15.4979
14.2858
11.357
10.34
9.87911
10.4646
15.256
11.1433
11.5554
10.9028
22.5922
32.5791
25.6524
24.2681
12.7776
10.5771
8.41123
9.81788
7.81738
8.75268
6.72178
8.03675
7.52572
7.5709
6.94312
8.24445
7.78737
7.56111
6.68738
7.30045
5.071
4.9984
4.46538
4.38016
3.11745
3.08169
2.58465
2.72876
3.06816
3.30815
3.27531
3.57227
3.40633
3.57071
3.54322
3.63996
3.50355
3.81949
3.56102
3.75207
3.62796
3.82978
3.68312
3.84575
3.5222
3.66053
3.56653
3.86039
3.37288
3.61445
3.4327
3.6257
3.36345
3.59204
3.25073
3.50176
3.14875
3.3753
3.06527
3.28733
2.94264
3.06139
2.81973
2.95657
2.72256
2.82967
2.57579
2.6437
2.42046
2.49292
2.20034
2.19339
1.86132
1.7945
1.47351
1.43322
7.1934
6.572
4.24401
4.53655
4.49506
4.62923
4.78617
5.09619
5.29514
6.19813
5.46944
6.08811
5.16942
5.35048
5.65635
5.5277
5.52293
5.99489
5.61453
6.49236
6.52037
6.98039
6.88334
6.36329
5.23193
4.6807
7.60376
6.78408
5.4803
6.14542
7.02708
7.11654
6.40974
7.81867
7.52138
9.53692
5.14758
5.92256
7.7958
9.36305
10.2501
9.69653
10.0622
9.14663
5.88132
7.68516
6.35574
8.13287
6.88524
7.26134
7.94125
8.74447
7.80806
8.76561
8.79184
8.89805
8.26217
8.85728
8.39581
10.3345
9.05669
9.09462
9.12837
10.1225
12.8536
15.7891
11.6471
8.79752
16.598
26.1609
19.6786
8.39811
11.4874
14.112
8.73115
8.21326
6.38427
4.05167
6.67697
7.24591
13.7781
10.4136
12.2019
13.768
5.33625
6.25217
5.95526
6.34227
14.1185
11.316
10.7371
13.559
17.9812
37.552
28.6932
30.8878
39.7803
27.8411
15.0621
20.4592
10.9791
9.98801
7.36334
8.30657
7.09397
6.13099
13.4526
13.285
12.0234
10.1992
17.7565
11.0668
16.1457
11.7066
8.32953
9.11826
21.9448
33.1009
25.9848
26.0522
11.8596
6.96394
8.36821
7.63656
6.79876
6.57068
6.04625
6.47937
6.45977
6.24409
6.15623
6.95206
6.68427
7.06026
5.60865
6.13371
4.90868
4.72086
3.87121
3.79877
2.88656
2.80101
2.34143
2.44141
2.53747
2.71963
2.67865
2.8881
2.81687
2.94575
2.81544
2.99101
2.88282
3.0955
3.01589
3.15251
3.01636
3.15989
3.02523
3.1662
3.01742
3.09475
2.94391
3.15556
2.92349
3.03108
2.91682
3.03201
2.87265
3.01618
2.83239
2.96679
2.72745
2.78067
2.69142
2.78518
2.59903
2.60956
2.49977
2.58754
2.42292
2.47675
2.28941
2.33206
2.15632
2.20542
2.0014
1.99391
1.75883
1.69954
1.46566
1.43541
7.04464
7.04288
4.19367
4.33585
4.05475
4.19997
4.29683
4.48409
4.82699
5.02655
4.88476
4.97898
4.93753
5.15981
4.46
4.97436
5.0316
4.94058
6.08438
6.11032
6.09118
5.61352
7.02738
6.94581
6.09344
7.36298
6.26317
5.60142
5.63811
5.6351
5.41475
6.74881
5.25081
5.64874
5.56648
6.42707
6.84883
6.15769
8.28348
9.27596
7.8604
7.94012
7.79039
7.15053
6.48301
6.3353
6.02483
6.64963
5.97455
6.37085
6.92413
7.41218
6.70773
6.98572
7.86923
7.43767
7.32258
8.05526
6.83121
9.33962
8.435
7.62589
8.98629
9.00273
7.34595
10.3053
11.7812
9.20461
14.8592
21.3955
12.736
8.6255
3.87121
14.1457
9.02109
8.86063
6.27575
5.81102
6.19405
6.86579
11.3827
10.3626
8.91222
9.90364
4.09334
5.08011
7.67049
6.18887
7.0276
9.83319
11.5279
14.4349
15.4379
27.0654
24.0881
18.3629
43.6839
30.0927
13.9754
14.3001
8.72558
7.95531
7.68243
6.67276
7.00962
6.59939
12.0473
10.1662
11.5272
11.4498
9.25002
16.2383
16.776
10.1489
7.01203
13.2343
22.7163
34.3546
23.1134
15.3114
11.4259
8.00462
6.15906
7.58569
4.84144
5.27535
5.5683
5.66045
5.50564
5.80843
5.1121
5.81133
5.40281
6.26366
5.09209
5.04356
4.43309
4.27021
3.61277
3.4081
2.63343
2.59907
2.18794
2.23439
2.20193
2.31035
2.27149
2.41954
2.39536
2.56729
2.46453
2.52466
2.49111
2.64443
2.56162
2.66571
2.54041
2.66283
2.60173
2.70687
2.56531
2.73104
2.51927
2.66656
2.59725
2.63897
2.41948
2.58864
2.47657
2.59694
2.48085
2.52215
2.41328
2.46958
2.35378
2.44288
2.34548
2.31464
2.21948
2.3078
2.17765
2.23711
2.07217
2.10021
1.99346
1.98996
1.85664
1.84949
1.66513
1.6224
1.45369
1.44161
6.62455
6.93287
3.98626
4.01153
4.12953
4.11929
4.12666
4.32668
4.41761
4.58854
4.69325
4.72619
5.35622
4.56441
5.09092
4.73986
4.7693
4.78156
6.10491
5.96853
5.87145
6.03583
5.23907
5.5768
5.34876
6.21813
5.62594
5.88792
5.51422
5.31324
5.48821
5.75425
6.80632
6.36192
6.00125
6.47277
5.86357
6.17168
7.03647
7.19206
6.49034
6.84422
5.65998
6.48284
5.01939
5.2333
5.20893
6.01766
5.90046
6.55009
5.98667
6.13474
6.22884
6.42894
6.75814
6.84937
7.07563
7.91979
6.66504
8.0517
7.00382
6.6222
7.56113
7.68506
6.27037
9.34519
9.29733
12.0273
8.69825
13.3019
6.82569
3.36719
3.63406
10.3356
9.07257
8.57179
4.07454
3.5639
5.06997
5.62238
5.27074
7.15344
5.52731
6.36742
4.47493
5.16985
6.1427
8.25613
5.9966
7.36278
9.15207
13.9706
12.6738
21.8282
23.8568
17.6746
46.91
17.8466
10.1515
9.7527
7.49682
7.02027
7.32844
7.60607
5.79117
7.19537
12.8461
9.80484
9.86338
11.0594
7.86446
8.1182
14.1447
8.08467
5.94712
13.431
20.8922
28.3532
15.9821
23.2198
7.61957
7.43213
5.29006
5.94116
4.17859
4.62972
5.15082
5.41977
4.80559
5.48643
4.92612
4.96028
4.8117
5.1528
4.26339
4.27398
3.9058
3.83417
3.25582
3.11851
2.41674
2.38411
2.06758
2.06019
2.00996
2.0832
2.01909
2.12739
2.11037
2.1796
2.20835
2.23743
2.15487
2.30435
2.24318
2.3233
2.26565
2.3048
2.21365
2.40311
2.30303
2.34536
2.26574
2.33568
2.37831
2.40027
2.26203
2.24797
2.17995
2.29989
2.28078
2.25885
2.16936
2.21011
2.13821
2.19136
2.15741
2.17395
2.04496
2.09225
2.00781
2.04535
1.93292
1.96297
1.85905
1.87556
1.75563
1.7493
1.60366
1.56125
1.45432
1.43203
6.02023
6.93264
3.60415
3.63812
3.82201
4.1908
3.94276
4.14048
4.29596
4.4796
4.13601
3.90871
4.77711
4.7733
4.7987
4.83575
4.41749
5.0778
3.88906
3.77011
4.04067
4.09595
4.20835
5.04849
4.8776
4.97794
3.94215
4.39906
5.01328
5.58052
5.5263
5.39703
6.48526
6.28475
5.58084
5.79979
5.62772
5.78817
5.45134
5.8192
5.50493
4.83225
5.69001
5.4206
5.74261
4.89248
5.2243
5.1767
5.36885
5.60559
5.25763
5.78402
5.76201
6.13326
6.40134
6.12828
6.34767
6.90907
6.51856
7.00372
6.23572
6.57903
6.00598
5.61499
6.56639
7.42433
5.52145
6.24558
4.81165
5.81017
4.60845
3.00567
2.56117
8.55327
9.51482
8.63722
4.84212
2.40775
3.93773
5.48921
3.48343
4.27972
4.5022
4.43592
3.74605
4.10023
6.72203
6.44304
5.89446
6.61293
12.9236
14.6183
12.4411
23.4973
23.5653
17.7446
36.9004
15.8607
6.00281
8.68241
6.29349
6.32066
6.82755
6.11504
5.81022
4.82053
11.7609
9.91232
9.83401
9.65409
7.67648
8.4361
10.9547
7.49904
6.76623
14.4382
16.958
25.6628
15.2714
13.5445
6.0196
4.70141
4.78685
5.70397
3.57665
4.46308
4.64603
5.02847
4.49967
4.61936
4.12468
4.53862
4.44541
4.60369
3.76091
3.91533
3.55902
3.57245
2.95821
2.91297
2.30701
2.22218
1.95173
1.93526
1.83419
1.8779
1.834
1.87186
1.89734
1.98592
1.94659
2.00994
2.00987
2.04954
2.0133
2.12459
2.06609
2.082
2.007
2.13682
2.06597
2.1366
2.04871
2.1098
2.09729
2.23596
2.08581
2.13168
2.0359
2.06591
2.04947
2.14634
2.07808
2.02515
1.94414
2.00285
1.99947
2.0184
1.95487
1.93872
1.8842
1.90223
1.83857
1.83974
1.75896
1.76693
1.68896
1.67153
1.5481
1.52511
1.44196
1.42014
5.94088
6.35198
3.57508
3.51107
3.66773
3.62308
3.68107
3.84342
4.28368
4.31962
4.32276
4.59448
4.43122
4.44616
4.86602
5.28855
5.41855
5.16765
4.27833
4.08874
3.99598
4.40312
4.23447
4.25635
4.54421
4.01991
4.37169
3.86166
4.5468
5.03655
5.32751
5.21344
4.77068
4.572
4.4599
4.85537
4.92251
5.22294
4.81938
5.37588
5.06207
5.03082
4.64642
5.05361
5.08867
5.04617
5.05474
4.99379
4.79829
4.74038
5.52836
5.27049
5.94819
6.06236
5.55004
5.50311
6.18742
6.71723
5.83219
6.45643
6.38048
6.21819
5.05251
5.20083
5.31383
5.43771
4.50516
4.86341
5.30871
4.86642
2.14042
2.01273
3.50467
3.55467
7.02873
10.6431
3.15514
3.59326
3.52198
4.54493
2.34834
4.61289
3.88273
4.573
3.66033
3.8225
6.1108
4.58351
5.54248
4.98757
15.3502
12.2669
10.6749
21.1507
21.4056
18.0243
39.4171
32.956
3.13684
4.64813
5.30329
5.05807
6.33762
5.82299
5.30634
4.66559
10.9546
9.55946
9.22038
9.64719
7.2368
9.00476
8.86019
7.58993
6.56416
13.4602
10.1453
19.0839
12.4053
9.61637
4.86366
4.3418
3.25917
5.53778
3.42804
4.22607
4.42846
4.33965
4.17418
4.16849
3.89298
4.30045
4.14861
4.24325
3.45506
3.52352
3.41129
3.32003
2.8037
2.75534
2.17716
2.10483
1.83691
1.83785
1.75393
1.73877
1.70547
1.76854
1.72283
1.84174
1.80254
1.8372
1.85988
1.91374
1.84978
1.90517
1.85664
1.94443
1.88616
1.91901
1.91196
1.92554
1.85808
1.90936
1.94017
1.97471
1.956
1.99262
1.88731
1.90331
1.86952
1.91115
1.92547
1.96123
1.81559
1.88646
1.86637
1.91776
1.83646
1.87252
1.78255
1.78588
1.74308
1.75272
1.6957
1.69237
1.62386
1.61958
1.51874
1.49166
1.43817
1.4243
5.9707
6.25215
3.44711
3.43379
3.17812
3.49778
3.45576
3.9603
3.8358
4.20004
4.52452
4.34163
4.66084
4.46257
4.06406
5.23855
7.23143
4.95894
5.21274
4.78353
4.97686
4.33234
5.15887
5.03565
5.90943
5.8462
4.89068
4.92071
4.6998
4.79873
4.97569
5.22022
4.13417
4.09032
4.62985
4.69297
4.49314
4.55035
4.65978
4.8789
4.39284
4.28408
5.09171
4.80566
4.61883
5.17849
4.1102
3.78679
4.45525
4.46345
4.99006
5.04304
5.49714
5.46547
5.21731
5.24125
5.54529
6.36335
6.23065
5.65076
5.6159
4.84964
5.44175
5.46898
4.57043
4.59672
4.18494
3.23293
3.74002
3.43626
2.28985
2.3514
2.99994
3.17792
4.87938
9.61059
3.53068
3.0973
3.46888
1.83856
2.74947
3.4857
3.39531
3.59237
3.44104
3.32403
4.88848
4.94687
4.55118
5.31249
16.0297
17.9197
5.60095
7.23158
22.051
18.518
35.3865
15.828
2.5476
2.42555
4.21794
4.53667
6.23922
5.67742
5.33947
4.47431
10.8893
8.74082
8.57405
9.31474
7.0595
8.73604
7.92974
6.8107
5.65133
9.80429
8.63624
13.1259
7.93751
5.41867
4.06848
3.71516
2.86996
4.50389
3.14719
3.59056
4.25138
3.98741
3.48219
3.97095
3.60416
3.9053
3.81589
4.06355
3.16877
3.22961
3.17498
3.13224
2.63814
2.60193
2.10521
2.00397
1.74878
1.7387
1.71079
1.6897
1.62411
1.66178
1.67169
1.70215
1.67055
1.70177
1.69121
1.78781
1.74674
1.78011
1.74395
1.77681
1.76411
1.82723
1.74969
1.80933
1.75125
1.76405
1.78409
1.85103
1.78191
1.87276
1.8299
1.84509
1.73397
1.76494
1.77935
1.83963
1.77146
1.75465
1.74249
1.79311
1.73896
1.78077
1.71356
1.71312
1.69169
1.68892
1.64353
1.64262
1.57066
1.57478
1.49933
1.46807
1.43708
1.41652
6.18356
5.93514
3.27532
3.3785
3.23765
3.22276
3.55448
3.59158
3.38806
3.98507
3.67577
4.05636
4.21865
4.48848
4.35719
4.5119
4.94047
4.92235
5.0579
4.76044
4.73155
5.02088
5.19268
5.05123
5.23503
4.95851
4.10451
4.09509
4.62509
4.69889
4.207
4.04474
4.02157
4.42091
4.42687
4.26323
4.23635
4.50298
4.27663
4.29689
4.75452
4.87051
4.8941
4.62101
4.54107
3.98167
4.24565
4.84783
4.39368
4.7539
4.81624
4.84733
5.45502
5.42318
4.88004
4.66084
5.79365
5.33671
6.28481
5.91832
4.47672
4.9822
4.36929
5.21105
3.98413
4.05459
2.68913
2.36342
3.26341
2.6043
3.90651
3.11172
1.62805
1.59088
3.97523
4.46313
1.32342
3.70844
2.77313
1.81604
2.69707
2.64437
2.65707
2.98504
3.38052
3.39492
5.11752
4.896
9.50051
3.83739
31.2402
27.0241
15.7339
14.6425
28.5304
19.7902
36.0735
21.4811
3.71271
2.34165
4.26904
4.60851
5.37967
5.39172
4.76872
4.44293
8.69184
8.48059
8.45426
9.07088
6.86964
7.77129
9.3342
7.65635
8.51675
9.71248
10.1633
11.0042
9.4393
5.02601
4.19923
3.99391
3.12658
3.7916
2.88729
3.33737
3.31219
3.81592
3.44247
3.31226
3.34409
3.39058
3.46161
3.7079
2.80049
3.01482
2.89305
2.98851
2.4659
2.4767
2.11348
2.01719
1.69145
1.65164
1.66456
1.63074
1.60557
1.6036
1.61491
1.67453
1.60353
1.59379
1.64505
1.62998
1.66549
1.7012
1.67556
1.67954
1.65456
1.73528
1.68061
1.66612
1.70223
1.69873
1.69508
1.74372
1.74493
1.73334
1.73722
1.77831
1.73949
1.71022
1.71693
1.74335
1.75611
1.69226
1.67368
1.70847
1.64471
1.69617
1.68046
1.66535
1.6143
1.63108
1.60167
1.60232
1.55214
1.53524
1.46679
1.4552
1.3821
1.39617
3.00108
5.26426
4.21137
5.01442
4.01045
3.23856
0.873413
2.39779
3.31564
4.757
5.67255
2.88019
5.23077
4.91954
3.12046
2.18418
2.86412
4.02627
3.43845
6.54018
5.36732
3.34989
4.14789
3.10505
2.79132
3.50396
2.72903
2.42802
3.03128
13.1878
6.56146
4.88905
6.90205
7.20861
9.12016
12.058
6.19204
6.47886
6.67216
3.6363
3.21104
3.83708
37.3502
21.6938
5.70832
25.5069
2.50336
4.89178
0.866429
