1.57198e+17
2.9249e+17
2.06901e+17
2.09743e+17
2.67588e+17
3.22059e+17
2.73628e+17
1.08938e+17
6.71527e+16
1.27962e+17
1.49178e+17
2.48382e+17
3.25643e+17
2.46719e+17
3.62673e+17
2.91e+17
3.04327e+17
1.0315e+17
2.65424e+17
2.82337e+17
2.61752e+17
3.93379e+17
2.87513e+17
9.44959e+16
1.16511e+17
1.05764e+17
3.46663e+17
2.59458e+17
2.6851e+17
2.3548e+17
2.78504e+17
1.03743e+17
1.15177e+17
9.38016e+16
9.1929e+18
8.05267e+18
1.06277e+19
6.49058e+18
1.24789e+19
5.96367e+18
1.43342e+19
2.7661e+17
4.91138e+18
2.06042e+19
4.63409e+18
2.39678e+17
4.00762e+18
4.00175e+18
2.83649e+17
3.07713e+17
2.81838e+19
3.10419e+18
3.52819e+18
8.77084e+16
2.83992e+18
3.45935e+18
4.51301e+18
2.50331e+18
5.2833e+18
1.88834e+18
3.71879e+17
3.20098e+17
4.40027e+17
7.76425e+18
2.73463e+17
6.34717e+17
3.22141e+18
1.4071e+18
2.4965e+17
7.77552e+17
9.19529e+18
2.28348e+17
9.86252e+17
9.4079e+17
2.25983e+17
2.79327e+18
1.09552e+18
2.14228e+17
8.5324e+17
1.59057e+17
2.57309e+18
7.11285e+16
1.05095e+17
7.46708e+17
1.31314e+17
1.97384e+18
1.31235e+17
7.51649e+17
8.84036e+18
7.54813e+18
7.69669e+18
9.919e+18
1.10132e+19
6.26872e+18
1.45786e+19
1.2668e+17
1.91912e+18
5.80857e+18
1.73779e+19
2.7584e+17
1.83971e+18
5.57713e+18
1.82556e+18
4.74201e+18
8.39717e+17
1.18784e+17
2.04452e+19
1.13761e+19
1.31979e+19
1.82281e+18
1.9865e+18
4.28542e+18
1.86512e+18
1.84658e+18
1.19722e+17
4.57523e+18
3.76231e+18
8.9375e+17
1.21097e+17
3.49287e+18
1.75181e+18
1.04556e+17
1.77632e+18
1.02398e+18
1.0244e+17
3.14973e+18
8.71844e+16
3.74343e+18
1.11442e+18
1.17923e+17
4.35039e+18
3.00146e+18
2.36528e+18
3.0518e+18
1.84516e+18
1.14385e+18
2.99667e+18
6.29621e+18
3.10236e+17
1.16615e+17
5.24818e+17
2.28842e+15
1.82704e+18
1.42833e+18
2.72853e+18
1.75558e+18
2.57412e+17
2.8355e+17
7.69366e+17
4.23417e+15
7.56685e+18
3.11461e+18
9.07569e+18
5.39504e+16
2.49203e+18
2.42275e+16
5.84406e+18
4.15688e+16
1.93755e+17
1.19309e+19
2.28995e+18
2.61289e+17
3.37318e+16
5.1173e+18
1.23416e+17
2.11325e+15
2.20072e+18
1.52336e+17
2.05344e+18
2.34575e+18
1.9917e+18
1.8261e+18
1.63649e+18
8.73499e+17
3.91066e+18
2.34374e+19
7.25839e+18
1.37578e+17
2.87175e+17
5.2846e+18
4.53629e+18
3.64358e+18
1.95985e+18
2.00196e+18
3.75294e+17
4.75092e+17
2.98038e+17
1.48426e+18
5.91521e+18
1.84741e+18
1.17751e+17
3.34597e+18
2.19846e+17
4.21657e+18
6.6989e+17
7.16975e+17
5.18995e+17
9.27903e+17
1.8101e+18
1.94027e+17
1.19534e+17
6.6218e+18
3.43657e+18
2.44925e+18
1.1638e+17
9.36446e+16
1.31588e+17
1.76644e+17
1.83423e+18
1.96472e+18
2.01472e+18
6.79529e+15
3.13077e+16
2.98206e+18
1.68294e+18
1.45173e+18
1.29231e+18
2.19768e+18
1.66563e+17
2.62885e+18
2.06626e+18
6.4661e+18
6.10738e+18
5.4348e+18
4.69011e+18
4.91353e+18
4.29854e+18
6.72676e+18
8.10801e+16
3.37203e+16
7.6979e+18
1.03413e+19
1.4124e+16
8.21574e+16
1.95757e+18
5.2304e+18
4.46406e+18
9.2237e+18
1.10455e+19
1.55706e+18
1.81795e+18
1.0761e+18
1.56731e+17
2.46896e+18
1.19237e+19
5.26105e+18
2.87362e+17
2.89937e+17
2.92843e+17
1.21575e+17
1.31883e+17
6.26674e+18
2.95225e+15
3.97013e+15
1.69699e+16
4.39437e+15
2.13253e+18
1.603e+17
1.1174e+16
3.58741e+18
1.89542e+18
7.94869e+18
9.40113e+18
1.67e+16
3.38665e+18
2.59428e+17
7.64179e+17
1.45114e+18
1.09647e+18
1.29062e+15
3.9157e+15
4.07535e+18
5.79946e+15
2.89716e+17
3.03025e+18
2.99758e+17
4.29012e+17
3.40224e+17
3.40149e+17
3.26736e+17
2.74173e+17
3.00532e+17
2.5198e+17
2.63727e+17
1.53326e+18
1.50186e+18
1.54503e+17
2.4611e+18
3.15932e+17
2.01899e+18
2.9665e+15
2.91685e+16
1.83093e+18
2.73968e+15
4.35044e+17
3.77609e+17
1.53443e+18
2.56601e+18
3.24829e+18
2.88034e+18
9.31704e+16
9.0589e+16
2.2001e+17
2.31374e+17
1.16698e+17
1.17593e+17
8.85217e+16
1.61675e+17
1.22103e+17
1.07144e+17
9.57136e+16
2.36705e+17
2.00183e+17
1.75818e+17
1.41767e+17
1.34492e+17
1.12164e+17
2.83621e+17
2.61392e+17
2.25465e+17
1.45863e+17
1.99223e+18
3.87664e+16
4.70027e+15
1.15104e+16
2.0621e+16
1.10885e+16
3.34979e+16
2.88368e+15
6.17085e+15
3.41111e+15
3.97408e+15
3.14267e+16
3.25191e+16
4.04901e+16
3.28044e+16
3.47306e+16
2.89283e+16
1.47446e+16
1.8028e+16
3.11524e+16
3.256e+16
3.3873e+16
2.88599e+16
3.2224e+16
3.63402e+16
3.12883e+16
1.78798e+16
2.37446e+16
2.52558e+16
3.25836e+16
3.21694e+16
3.49591e+16
2.06644e+16
2.97988e+16
1.35799e+16
1.63998e+16
2.12598e+16
1.32781e+16
5.9061e+16
6.20445e+16
6.59946e+16
8.07716e+16
8.5138e+16
4.41253e+16
4.70339e+16
5.5309e+16
4.24981e+16
5.44294e+16
5.4591e+16
6.52987e+16
5.44366e+16
5.9598e+16
4.9943e+16
6.07431e+16
6.42799e+16
7.21418e+16
3.12231e+17
2.56234e+17
9.61292e+16
8.6122e+16
7.85577e+16
7.72635e+16
8.74745e+16
2.31569e+17
5.24131e+16
5.44986e+16
5.52408e+16
5.03775e+16
2.72482e+16
2.7194e+16
2.68152e+16
2.69129e+16
2.69748e+16
2.59958e+16
2.59777e+16
2.64139e+16
2.75367e+16
2.66974e+16
2.66829e+16
2.41284e+16
2.57565e+16
2.58518e+16
2.86764e+16
2.11978e+16
1.6367e+17
1.77468e+17
1.45337e+17
1.86562e+17
5.29609e+15
1.81444e+16
5.5637e+16
3.26248e+16
2.59237e+16
2.13785e+16
1.8741e+16
5.5877e+15
4.36274e+16
4.78011e+16
5.19908e+16
4.08732e+16
4.07488e+16
3.39218e+16
2.7421e+16
2.60232e+16
2.38764e+16
2.32107e+15
4.42243e+15
3.13567e+15
2.6484e+16
2.85992e+16
3.96938e+16
5.66394e+16
5.3216e+16
4.15529e+16
2.85793e+16
1.6645e+15
1.49822e+15
1.49895e+15
2.20094e+16
5.30359e+16
1.83401e+15
1.19892e+17
1.38347e+17
1.43627e+17
2.76802e+15
3.97822e+15
2.54661e+15
2.17432e+17
1.97065e+17
4.78279e+16
2.05523e+17
1.18467e+16
1.13327e+16
1.39584e+16
1.30525e+16
5.31103e+15
1.84502e+17
1.67675e+17
2.61567e+17
1.10249e+16
9.78594e+17
1.14832e+18
6.80092e+17
1.76763e+18
1.65771e+18
1.28487e+18
1.3669e+18
3.90612e+15
8.61173e+15
3.79085e+15
1.36823e+16
1.24216e+16
9.39101e+16
1.05829e+17
2.9958e+17
2.79272e+17
1.68876e+17
1.47809e+17
2.23909e+18
7.7433e+15
1.33725e+17
1.2441e+17
1.48755e+17
1.68556e+17
1.86454e+17
9.57002e+17
1.15959e+17
1.06409e+17
3.33721e+17
1.08721e+16
1.44659e+16
7.21357e+15
1.99667e+16
5.79848e+16
3.41526e+16
5.10038e+16
9.9275e+16
8.83565e+16
7.8239e+16
6.43232e+16
1.06107e+16
3.80292e+15
6.57646e+15
5.9341e+16
4.53435e+16
3.54457e+16
2.96642e+16
8.25683e+16
9.24447e+16
5.30079e+17
1.86356e+16
1.51316e+16
9.9027e+15
1.04203e+16
1.52391e+16
1.46467e+16
1.97634e+16
1.85464e+16
2.63668e+16
2.72381e+16
1.08459e+17
1.05935e+17
1.01031e+17
9.86464e+16
9.78279e+16
1.03672e+17
1.53965e+17
2.05902e+17
1.80389e+17
1.24182e+17
1.15465e+17
1.11388e+17
4.67913e+17
3.81119e+17
1.29652e+17
4.30719e+17
4.52637e+17
4.94973e+17
3.72393e+17
2.50519e+16
2.49594e+16
6.4228e+16
7.90171e+16
3.06269e+16
2.99447e+16
5.52381e+17
6.98254e+17
6.11616e+17
8.51047e+17
7.03e+17
3.48602e+16
1.89613e+16
1.33271e+16
2.63083e+17
2.40708e+17
2.38742e+17
1.19695e+16
1.20311e+16
2.11155e+15
5.4142e+15
1.3538e+16
1.2792e+16
1.09542e+16
8.7023e+15
6.99364e+15
5.46226e+15
3.42435e+17
2.61227e+17
3.37786e+16
3.60451e+17
2.71291e+15
1.59325e+15
3.34953e+16
2.53336e+16
3.0195e+16
2.89289e+16
2.23995e+16
2.23964e+16
2.72373e+16
3.13591e+15
2.17095e+15
1.61695e+15
3.44289e+15
2.33329e+15
3.35915e+15
4.32195e+16
2.63489e+16
2.62208e+16
1.59186e+16
1.8658e+16
1.55508e+16
2.23933e+16
2.84418e+16
2.45207e+16
3.15142e+16
1.00867e+16
1.35961e+17
8.41987e+15
2.59032e+15
1.55126e+17
1.27784e+16
8.39359e+15
1.2872e+16
6.35043e+15
1.33459e+16
1.27886e+16
7.24199e+15
7.52973e+15
1.04418e+16
8.51821e+15
3.19048e+16
3.34363e+16
1.62336e+15
1.63007e+15
5.79566e+16
3.67593e+15
2.93618e+15
2.50973e+16
3.70849e+16
4.04331e+16
4.99549e+16
5.32495e+16
4.75542e+16
3.78972e+16
1.59514e+16
3.26123e+16
2.32027e+16
1.46744e+16
1.92878e+16
1.39803e+16
1.63572e+16
1.91387e+16
1.23126e+17
5.44448e+15
2.0286e+17
2.13781e+17
1.89365e+17
3.52592e+16
5.91054e+16
1.08112e+17
9.60528e+16
1.08702e+17
9.58644e+16
1.17045e+17
9.58003e+16
8.61336e+16
9.74214e+16
4.96099e+16
5.79593e+16
1.11889e+16
1.57167e+16
3.44186e+16
2.08984e+16
6.76882e+16
2.84335e+16
3.20428e+16
3.20913e+16
6.49861e+16
7.35631e+16
7.35858e+16
6.92627e+16
2.78937e+15
2.81321e+15
5.2442e+16
3.96993e+16
1.59928e+16
1.94567e+16
1.87029e+16
1.61287e+16
3.3131e+16
1.77293e+16
1.63353e+16
2.70797e+16
3.54515e+16
3.09653e+16
2.92587e+16
2.75768e+16
3.4524e+16
3.22906e+16
2.96363e+16
2.93207e+16
2.34023e+16
2.56071e+16
2.8491e+16
2.76498e+16
2.84088e+16
2.87297e+16
2.78415e+16
3.57664e+16
3.14725e+16
3.3518e+16
3.33802e+16
2.69563e+16
3.26672e+16
2.89104e+16
2.48331e+16
2.5774e+16
2.40128e+16
2.93133e+16
2.72448e+16
2.79008e+16
2.31132e+16
3.70728e+15
1.16624e+16
1.12826e+16
2.56997e+16
2.00143e+16
2.28166e+16
2.47725e+16
3.28507e+15
4.28471e+16
5.1235e+16
3.94764e+16
3.29593e+16
2.28912e+16
2.73767e+15
2.45799e+15
2.8974e+15
3.41737e+15
6.85483e+16
7.09952e+16
1.6768e+16
1.70025e+16
1.7753e+16
1.5481e+16
3.15056e+16
2.51364e+16
3.52279e+16
2.39255e+16
2.95008e+16
2.83986e+16
3.1119e+16
2.86914e+16
2.69665e+16
3.41916e+16
2.80786e+16
2.97218e+16
3.12719e+16
2.74178e+16
5.54252e+16
1.33289e+16
9.68452e+15
1.51016e+16
2.76175e+16
2.7375e+16
2.27204e+16
2.56986e+16
2.87051e+16
2.60966e+16
2.55482e+16
2.82127e+16
2.64373e+16
2.80523e+16
2.64747e+16
3.11544e+16
3.53937e+16
3.55717e+16
2.97925e+16
2.67671e+16
2.44494e+16
2.26188e+16
2.13784e+16
2.00466e+16
2.09109e+16
1.97023e+16
1.92336e+16
1.32579e+16
1.58115e+16
1.40889e+16
1.69007e+16
1.70108e+16
1.71783e+16
1.78605e+16
1.8111e+16
5.57887e+16
6.3415e+16
5.73007e+16
6.16745e+16
6.32311e+16
3.20192e+16
2.79691e+16
1.11999e+16
6.48388e+15
3.81214e+15
6.31294e+15
8.04801e+15
2.29608e+16
2.78663e+16
2.84751e+16
2.60755e+16
3.98982e+16
2.42503e+16
3.61396e+16
2.18167e+16
4.77008e+16
4.12171e+16
2.74882e+16
3.47319e+16
2.4322e+16
1.65812e+16
3.3783e+16
1.0797e+16
1.69279e+16
8.6775e+15
2.77488e+15
4.1175e+15
1.6322e+15
5.16485e+15
1.14237e+16
1.12649e+16
2.08495e+16
9.34032e+15
1.30609e+16
1.12166e+16
2.72376e+16
2.63775e+16
3.14404e+16
2.75463e+16
2.96299e+16
3.16099e+16
3.48851e+16
4.15066e+16
4.33004e+16
4.12334e+16
4.39649e+16
4.65511e+16
4.20882e+16
3.59646e+16
3.47387e+16
4.14725e+16
3.94819e+16
2.9622e+16
3.10104e+16
2.78701e+16
4.25646e+16
4.31173e+16
4.59722e+16
4.45523e+16
3.98647e+16
4.2854e+16
3.73944e+16
3.38686e+16
2.89112e+16
2.83062e+16
2.52012e+16
2.15972e+16
1.81257e+16
3.16305e+16
3.62758e+16
4.52427e+16
5.28049e+16
5.79114e+16
4.70829e+16
5.46523e+16
5.11534e+16
5.25236e+16
5.1891e+16
2.67477e+16
2.02642e+16
4.95249e+16
5.39537e+15
1.53368e+16
4.0059e+16
3.74452e+16
4.55106e+16
5.18209e+16
4.49373e+16
4.2744e+16
4.67162e+16
4.9588e+16
4.3731e+16
3.34955e+16
3.40632e+16
3.78766e+16
3.81016e+16
5.21161e+16
3.63207e+16
3.39285e+16
3.19444e+16
2.66202e+16
1.45519e+16
4.19831e+16
4.73032e+16
4.62002e+16
4.7314e+16
2.48588e+16
3.24124e+16
3.88515e+16
3.52341e+16
3.3149e+16
3.84906e+16
2.56197e+16
1.91337e+16
2.47046e+16
1.73932e+16
8.81776e+15
2.30956e+16
2.29703e+16
2.5097e+16
2.56283e+16
2.25014e+16
3.75179e+16
4.01932e+16
1.29411e+16
4.91747e+15
3.08874e+15
5.47467e+16
4.95184e+16
5.6838e+16
4.68485e+16
1.2635e+16
3.32398e+15
4.38143e+16
3.46647e+16
5.21787e+16
3.21109e+16
1.88237e+16
3.91708e+16
3.11407e+16
3.23016e+16
2.48733e+16
3.44136e+16
2.4302e+16
3.00178e+16
2.2624e+16
2.93438e+16
2.92223e+16
3.29792e+16
2.96747e+16
2.50681e+16
2.47641e+16
2.18118e+15
3.1636e+16
6.22435e+16
5.66196e+17
4.92298e+16
4.62976e+16
4.27785e+16
3.06812e+16
2.81133e+16
4.06959e+16
1.20913e+17
1.29557e+17
1.39082e+17
1.9522e+15
1.10566e+16
1.33938e+16
2.06655e+16
2.39312e+16
5.30061e+16
5.75577e+16
2.1361e+15
2.20813e+15
1.86738e+15
2.79972e+16
6.4574e+15
4.04301e+15
2.01731e+16
2.31683e+16
2.86651e+16
2.89905e+16
2.27956e+16
4.7744e+16
3.01386e+15
1.72508e+16
4.88927e+16
1.38218e+16
3.62127e+16
9.94807e+15
2.06376e+16
6.52495e+15
3.99349e+15
1.0296e+16
2.09991e+16
1.0781e+16
6.67871e+15
1.43566e+16
1.39368e+16
1.46326e+16
7.69793e+15
7.88498e+16
8.62234e+16
8.51396e+16
8.00744e+16
2.39202e+16
2.57286e+16
1.94315e+16
2.47407e+16
1.55878e+16
2.77637e+16
3.14805e+16
2.41023e+16
2.52365e+16
1.76822e+16
7.54931e+15
5.59815e+15
1.67099e+16
1.86323e+16
1.70589e+17
1.31924e+17
1.52732e+17
8.82722e+15
2.35335e+16
4.5133e+16
3.2816e+15
2.51884e+16
2.6172e+16
2.32898e+16
2.40719e+16
1.29846e+16
1.83924e+16
2.54031e+16
3.28229e+16
3.26941e+16
1.65025e+16
8.96318e+15
3.74722e+15
1.32777e+16
2.9739e+16
1.72875e+16
7.57546e+16
2.05872e+17
1.1163e+16
1.23486e+16
1.91202e+16
1.34655e+16
1.76744e+16
2.19701e+16
2.20756e+16
2.35594e+16
1.78213e+16
1.88468e+16
1.6451e+16
1.53843e+16
1.19316e+16
1.47558e+16
1.34052e+16
1.55124e+16
2.16398e+16
1.55063e+16
2.16302e+16
1.74028e+16
1.96748e+16
1.01082e+16
4.60511e+15
7.79694e+15
9.52518e+15
7.45173e+15
2.4234e+19
1.90489e+19
1.65663e+19
1.5464e+19
1.44909e+19
1.33217e+19
1.24354e+19
1.11226e+19
9.63609e+18
8.88319e+18
7.89363e+18
6.99328e+18
6.81513e+18
6.01648e+18
5.44144e+18
5.2979e+18
4.93174e+18
4.60141e+18
4.55685e+18
4.38387e+18
3.98999e+18
3.87665e+18
3.90475e+18
3.64116e+18
3.52028e+18
3.3136e+18
2.99992e+18
2.85182e+18
2.76241e+18
2.76065e+18
2.48469e+18
2.18922e+18
1.94308e+18
1.7558e+18
1.71843e+18
1.67655e+18
1.7914e+18
1.79339e+18
1.81e+18
1.74376e+18
1.657e+18
1.6076e+18
1.68137e+18
1.64916e+18
1.66631e+18
1.71369e+18
1.6817e+18
1.60284e+18
1.07292e+12
8.80115e+11
9.2231e+11
1.10485e+12
4.08434e+12
1.09191e+13
3.37432e+12
5.73689e+12
7.49664e+12
1.75428e+13
1.54896e+13
4.03635e+12
2.18675e+13
1.995e+13
1.94042e+13
2.30241e+12
1.05311e+12
9.01481e+11
1.19257e+12
1.04685e+12
1.07858e+12
9.10709e+11
1.15339e+12
1.05672e+12
1.05917e+12
9.17178e+11
1.17891e+12
9.34658e+11
1.21054e+12
1.00429e+12
1.12653e+12
9.98643e+11
1.02681e+12
7.22759e+11
1.1071e+12
9.89403e+11
9.15988e+11
8.44582e+11
9.21863e+11
7.71084e+11
1.0537e+12
9.78361e+11
1.37026e+12
1.57193e+12
1.11205e+12
1.03418e+12
6.10294e+12
1.18049e+13
1.58187e+13
6.85481e+12
4.86192e+12
1.31748e+13
4.49362e+13
6.09991e+13
8.32707e+13
7.3041e+13
9.55017e+13
3.23951e+13
6.80301e+13
6.34004e+13
3.96131e+13
5.26515e+13
5.86255e+13
4.54893e+13
6.03738e+13
9.50092e+13
6.0498e+13
7.82325e+13
1.09986e+14
9.12699e+13
1.81078e+13
9.91721e+12
8.52801e+13
9.34948e+13
9.71213e+13
2.14058e+14
1.02693e+14
1.17633e+14
5.73288e+13
3.74323e+13
7.84192e+13
5.10629e+13
3.17043e+13
3.6626e+13
1.21996e+13
4.12521e+13
4.49511e+13
1.31379e+13
2.95766e+13
2.36578e+13
1.01465e+12
9.37015e+11
8.43586e+11
9.26272e+11
1.3384e+12
9.29453e+11
1.71713e+18
1.59392e+18
1.69083e+18
1.77439e+18
1.74375e+18
1.80006e+18
1.91196e+18
1.75e+18
1.65883e+18
1.64033e+18
1.44241e+18
1.32694e+18
1.18808e+18
1.07964e+18
8.98922e+17
8.12336e+17
7.53787e+17
7.43713e+17
5.93059e+17
7.40485e+17
6.34288e+17
5.77693e+17
6.07245e+17
6.48711e+17
6.27802e+17
6.35847e+17
6.99939e+17
8.46409e+17
1.11791e+18
1.34484e+18
1.52532e+18
1.74322e+18
2.16738e+18
2.26659e+18
2.30427e+18
2.4381e+18
2.48903e+18
2.75191e+18
3.11899e+18
3.27398e+18
3.64267e+18
3.84138e+18
4.77873e+18
5.18223e+18
7.48888e+18
8.4174e+18
1.26292e+19
1.71032e+19
2.42707e+19
2.1531e+19
1.83478e+19
1.72209e+19
1.57072e+19
1.4401e+19
1.31339e+19
1.19581e+19
1.00311e+19
8.99967e+18
7.79956e+18
7.27771e+18
6.88082e+18
6.66585e+18
5.68228e+18
5.24079e+18
4.99662e+18
4.55671e+18
4.35164e+18
4.47678e+18
4.08006e+18
3.75353e+18
3.77556e+18
3.61855e+18
3.36608e+18
3.30509e+18
3.00222e+18
2.90165e+18
2.76806e+18
2.77099e+18
2.35124e+18
2.24357e+18
1.84404e+18
1.82651e+18
1.72498e+18
1.75504e+18
1.77766e+18
1.67347e+18
1.79413e+18
1.72173e+18
1.67613e+18
1.60287e+18
1.70228e+18
1.73421e+18
1.7431e+18
1.73296e+18
1.74383e+18
1.61289e+18
9.3727e+11
1.07442e+12
1.20156e+12
9.9255e+11
3.94224e+12
1.11313e+13
3.85337e+12
5.69743e+12
8.3875e+12
1.73456e+13
2.07541e+13
4.20799e+12
2.15368e+13
2.05361e+13
2.08472e+13
1.83578e+13
1.38368e+12
1.16057e+12
1.48118e+12
1.48488e+12
1.5136e+12
1.20949e+12
1.49858e+12
1.41314e+12
1.09715e+12
1.16844e+12
1.47663e+12
1.27284e+12
1.35763e+12
1.25575e+12
1.49448e+12
1.2284e+12
1.34393e+12
1.20934e+12
1.30872e+12
1.05678e+12
1.52256e+12
1.23356e+12
1.26484e+12
1.14035e+12
1.40372e+12
1.29433e+12
1.60356e+12
7.30926e+12
1.47625e+12
1.39887e+12
6.22225e+12
1.06515e+13
1.70402e+13
7.0238e+12
5.02796e+12
8.06999e+12
4.98727e+13
9.87211e+13
8.66868e+13
7.44053e+13
9.68979e+13
4.15253e+13
7.23207e+13
9.84263e+13
3.54784e+13
5.20967e+13
6.37361e+13
5.06108e+13
6.86791e+13
9.65167e+13
6.10504e+13
7.56037e+13
1.71751e+14
1.18886e+14
1.80605e+13
2.07451e+13
8.97424e+13
1.0784e+14
8.91383e+13
1.94579e+14
1.31076e+14
1.04144e+14
8.21914e+13
4.68632e+13
8.08155e+13
5.04123e+13
2.93332e+13
4.01826e+13
1.44402e+13
4.34623e+13
3.95744e+13
1.75908e+13
3.40193e+13
3.86126e+13
1.39214e+12
1.12427e+12
1.42297e+12
1.12809e+12
1.66338e+12
1.40221e+12
1.67275e+18
1.66188e+18
1.59793e+18
1.69452e+18
1.76557e+18
1.83309e+18
1.89652e+18
1.80673e+18
1.59705e+18
1.5772e+18
1.29471e+18
1.23052e+18
1.13525e+18
1.03831e+18
7.59733e+17
8.09728e+17
6.60615e+17
6.39182e+17
6.42356e+17
5.79962e+17
5.81712e+17
5.78528e+17
5.59102e+17
5.98278e+17
5.5856e+17
6.06031e+17
6.35002e+17
6.85723e+17
9.29352e+17
1.27346e+18
1.53859e+18
1.74638e+18
2.16317e+18
2.31069e+18
2.30937e+18
2.31971e+18
2.68346e+18
2.85461e+18
3.07365e+18
3.42529e+18
3.86478e+18
3.98253e+18
4.7471e+18
5.16106e+18
8.19889e+18
9.35077e+18
1.35717e+19
2.24668e+19
2.38392e+19
2.24661e+19
2.05837e+19
1.8676e+19
1.68629e+19
1.53018e+19
1.316e+19
1.2379e+19
1.02458e+19
9.54788e+18
8.38398e+18
7.7357e+18
6.73735e+18
6.60362e+18
5.28598e+18
5.06477e+18
4.94522e+18
4.75852e+18
4.43465e+18
4.15458e+18
3.95375e+18
3.8406e+18
3.62692e+18
3.53251e+18
3.25124e+18
3.16618e+18
2.81056e+18
2.68243e+18
2.71486e+18
2.61144e+18
2.43775e+18
2.19112e+18
1.81483e+18
1.77134e+18
1.72394e+18
1.82434e+18
1.68341e+18
1.70106e+18
1.59418e+18
1.63704e+18
1.60419e+18
1.61632e+18
1.55851e+18
1.58474e+18
1.57019e+18
1.74455e+18
1.66834e+18
1.65268e+18
1.28941e+12
1.06527e+12
1.28168e+12
1.29387e+12
3.83396e+12
1.09568e+13
4.31713e+12
6.14838e+12
9.65379e+12
1.88213e+13
2.10292e+13
6.56363e+12
2.29364e+13
2.10478e+13
2.22533e+13
1.7344e+13
9.41751e+12
1.34378e+12
1.43027e+12
1.45983e+12
1.59311e+12
1.21413e+12
1.47e+12
1.50761e+12
1.43934e+12
1.27717e+12
1.66965e+12
1.35678e+12
1.46131e+12
1.3968e+12
1.59966e+12
1.56435e+12
1.55014e+12
1.33002e+12
1.64914e+12
1.43397e+12
1.53147e+12
1.50211e+12
1.33588e+12
1.3117e+12
1.49959e+12
1.51475e+12
1.6685e+12
7.60067e+12
1.72694e+12
1.64961e+12
6.44117e+12
1.0292e+13
1.06515e+13
7.25985e+12
5.27026e+12
6.39117e+12
4.96477e+13
1.43153e+14
8.84226e+13
9.4368e+13
1.02723e+14
1.09093e+14
8.43674e+13
1.50202e+14
3.70128e+13
5.75862e+13
6.44532e+13
6.37823e+13
6.85918e+13
9.61458e+13
1.07885e+14
8.08314e+13
2.46363e+14
2.71826e+14
3.85478e+13
2.51627e+13
7.91608e+13
1.34963e+14
9.46394e+13
1.95984e+14
1.93231e+14
1.01253e+14
9.14517e+13
5.58626e+13
7.99354e+13
7.47137e+13
6.00141e+13
2.03659e+13
5.85319e+13
4.39515e+13
3.36645e+13
2.41222e+13
4.06113e+13
3.51639e+13
1.39962e+12
1.40707e+12
1.38423e+12
1.57312e+12
1.17759e+12
1.7015e+12
1.52361e+18
1.56668e+18
1.5291e+18
1.63744e+18
1.63336e+18
1.75087e+18
1.65385e+18
1.68246e+18
1.41423e+18
1.45783e+18
1.21702e+18
1.19129e+18
9.72614e+17
9.95636e+17
7.8368e+17
6.49418e+17
5.87553e+17
5.77088e+17
5.12454e+17
5.84806e+17
5.07539e+17
4.46342e+17
4.7776e+17
4.75061e+17
4.31965e+17
5.80898e+17
6.70723e+17
6.28047e+17
9.19602e+17
1.21706e+18
1.5713e+18
1.83406e+18
2.08467e+18
2.11812e+18
2.31417e+18
2.2979e+18
2.61516e+18
2.90118e+18
3.01931e+18
3.37505e+18
3.72038e+18
3.89871e+18
4.84705e+18
5.57279e+18
8.24192e+18
1.0175e+19
1.45547e+19
2.51212e+19
2.65142e+19
2.51422e+19
2.22358e+19
2.08955e+19
1.69218e+19
1.51166e+19
1.30967e+19
1.21259e+19
9.98895e+18
9.42421e+18
8.0218e+18
7.35443e+18
6.50297e+18
6.26283e+18
5.42438e+18
4.96862e+18
4.8312e+18
4.84825e+18
4.32786e+18
4.26334e+18
3.76017e+18
3.80608e+18
3.48718e+18
3.41659e+18
3.1447e+18
3.14322e+18
2.72837e+18
2.72957e+18
2.3563e+18
2.51385e+18
2.10087e+18
1.97122e+18
1.84205e+18
1.72729e+18
1.55194e+18
1.52663e+18
1.56331e+18
1.54621e+18
1.4533e+18
1.4976e+18
1.41586e+18
1.43543e+18
1.42783e+18
1.40748e+18
1.39983e+18
1.60501e+18
1.47018e+18
1.59278e+18
1.60441e+12
1.68647e+12
1.38165e+12
1.37877e+12
4.08434e+12
1.09228e+13
7.91498e+12
5.87008e+12
1.11461e+13
2.99747e+13
2.48908e+13
1.08164e+13
4.69034e+13
2.1765e+13
2.56551e+13
3.82874e+13
1.5363e+13
3.01336e+12
1.4518e+12
1.56517e+12
1.64517e+12
1.39911e+12
1.27741e+13
1.45116e+12
1.5353e+12
1.46365e+12
2.01805e+12
1.69427e+12
1.88921e+12
1.39065e+12
1.72059e+12
1.71765e+12
1.49452e+12
1.61676e+12
1.82452e+12
1.85383e+12
1.61368e+12
1.44625e+12
1.7156e+12
1.23537e+12
1.78861e+12
1.79205e+12
1.67717e+12
2.59941e+12
1.34789e+13
7.15539e+12
6.43798e+12
1.05671e+13
2.16749e+13
3.31692e+13
5.78325e+12
6.81361e+12
4.75398e+13
1.13479e+14
1.15123e+14
1.06954e+14
9.4675e+13
1.53652e+14
9.80879e+13
1.67803e+14
3.80388e+13
8.85823e+13
1.18019e+14
6.91304e+13
7.06428e+13
9.77616e+13
1.12068e+14
8.12572e+13
1.97852e+14
1.68906e+14
4.037e+13
5.01556e+13
9.85132e+13
1.46567e+14
1.24038e+14
2.5942e+14
1.10761e+14
1.76313e+14
9.42833e+13
6.15089e+13
1.41551e+14
8.59937e+13
3.14107e+13
2.73836e+13
6.73814e+13
7.5536e+13
3.58503e+13
5.02012e+13
1.55618e+13
3.27536e+13
1.9368e+13
1.63259e+12
1.43247e+12
1.57135e+12
1.83328e+12
1.94546e+12
1.40929e+18
1.47196e+18
1.38965e+18
1.44114e+18
1.43512e+18
1.5637e+18
1.4192e+18
1.52185e+18
1.24511e+18
1.24403e+18
1.12479e+18
1.11264e+18
8.49417e+17
7.87373e+17
7.18075e+17
6.92604e+17
5.58562e+17
5.47489e+17
4.65373e+17
4.86456e+17
4.27388e+17
4.14355e+17
3.10839e+17
4.37063e+17
4.9674e+17
5.28495e+17
5.69081e+17
6.29367e+17
9.46187e+17
1.15661e+18
1.53461e+18
1.76008e+18
1.97821e+18
2.06187e+18
2.1087e+18
2.31098e+18
2.44796e+18
2.83445e+18
3.09501e+18
3.20318e+18
3.63954e+18
4.04696e+18
4.85329e+18
5.4096e+18
8.48978e+18
1.0585e+19
1.58302e+19
2.49795e+19
2.79859e+19
2.77855e+19
2.33893e+19
2.19339e+19
1.81806e+19
1.6205e+19
1.35004e+19
1.22039e+19
9.58911e+18
9.07016e+18
7.48227e+18
7.0723e+18
6.3068e+18
6.05279e+18
5.27629e+18
4.91884e+18
4.7952e+18
4.57818e+18
3.85684e+18
3.98759e+18
3.49404e+18
3.56114e+18
3.29068e+18
3.23525e+18
3.1067e+18
2.89592e+18
2.57131e+18
2.52237e+18
2.14112e+18
2.16721e+18
1.9209e+18
1.8105e+18
1.49309e+18
1.54247e+18
1.3028e+18
1.37061e+18
1.26964e+18
1.32765e+18
1.31501e+18
1.33711e+18
1.24059e+18
1.23117e+18
1.20924e+18
1.30678e+18
1.35008e+18
1.42714e+18
1.40449e+18
1.46236e+18
1.47442e+12
1.38596e+12
1.68748e+12
1.75258e+12
4.51249e+12
1.10164e+13
9.87764e+12
1.28328e+13
1.5253e+13
2.869e+13
2.50922e+13
4.32739e+13
2.29383e+13
3.24188e+13
3.06285e+13
5.50737e+13
1.49293e+13
3.0256e+12
1.5577e+12
1.61851e+12
1.82043e+12
1.65346e+12
1.16257e+13
4.04105e+12
1.89297e+12
1.7264e+12
1.90752e+12
1.8541e+12
2.11205e+12
1.8844e+12
1.94541e+12
1.64765e+12
1.81069e+12
1.76381e+12
1.7744e+12
1.5423e+12
2.04013e+12
1.83113e+12
1.99244e+12
1.80429e+12
2.06626e+12
1.79226e+12
1.86109e+12
2.04601e+12
2.32432e+13
1.25486e+13
6.5501e+12
1.1372e+13
2.85556e+13
3.41061e+13
7.0898e+12
7.11413e+12
4.80679e+13
1.20422e+14
1.08445e+14
1.08928e+14
9.14432e+13
1.38259e+14
8.90719e+13
2.22959e+14
5.61259e+13
8.7108e+13
1.2671e+14
7.64804e+13
8.6642e+13
9.82487e+13
1.43035e+14
8.55515e+13
2.2264e+14
1.97045e+14
7.01906e+13
6.75298e+13
8.06095e+13
1.73348e+14
1.3692e+14
2.20937e+14
1.63312e+14
8.36704e+13
1.37009e+14
1.03363e+14
1.93038e+14
1.31973e+14
4.43445e+13
3.04626e+13
6.11141e+13
6.68586e+13
6.24495e+13
6.39363e+13
6.3992e+12
2.00758e+13
2.97084e+13
2.92671e+12
1.52371e+12
1.8275e+12
1.80435e+12
1.63244e+12
1.34775e+18
1.32512e+18
1.25632e+18
1.28106e+18
1.30766e+18
1.3912e+18
1.23517e+18
1.27113e+18
1.1571e+18
1.12467e+18
9.53855e+17
9.99187e+17
8.07806e+17
7.81941e+17
6.07454e+17
6.21882e+17
4.56959e+17
4.84794e+17
3.47123e+17
3.82457e+17
3.17734e+17
3.56981e+17
2.91974e+17
3.1197e+17
4.23105e+17
4.85959e+17
5.53531e+17
5.47085e+17
8.77766e+17
1.11429e+18
1.45533e+18
1.684e+18
1.88608e+18
1.96779e+18
2.00484e+18
2.16819e+18
2.31071e+18
2.63844e+18
3.03847e+18
3.20912e+18
3.61894e+18
3.9787e+18
4.93271e+18
5.5895e+18
8.4643e+18
1.06955e+19
1.75227e+19
2.55642e+19
3.06962e+19
2.97843e+19
2.525e+19
2.2452e+19
1.87829e+19
1.61817e+19
1.30062e+19
1.18086e+19
9.25938e+18
8.52938e+18
6.87848e+18
6.32253e+18
5.46442e+18
5.64974e+18
5.02794e+18
4.642e+18
3.88396e+18
4.13278e+18
3.68004e+18
3.54797e+18
3.13939e+18
3.1394e+18
2.92105e+18
2.94405e+18
2.53983e+18
2.51248e+18
2.09254e+18
2.23139e+18
1.97224e+18
1.93647e+18
1.69551e+18
1.47736e+18
1.22468e+18
1.22787e+18
1.12369e+18
1.23352e+18
1.13768e+18
1.16904e+18
1.10347e+18
1.09032e+18
1.1153e+18
1.15604e+18
1.06423e+18
1.03278e+18
1.11732e+18
1.20924e+18
1.11576e+18
1.19944e+18
1.68716e+12
1.25289e+12
1.93354e+12
1.86438e+12
3.74215e+13
1.11295e+13
8.4667e+12
7.52887e+12
5.35879e+13
6.44953e+13
3.32572e+13
4.46171e+13
5.17311e+13
7.43104e+13
3.79564e+13
6.93122e+13
9.13565e+12
6.4551e+12
1.73495e+12
1.92072e+12
1.97143e+12
1.77227e+12
1.06124e+13
5.12404e+12
1.99675e+12
1.80836e+12
3.51627e+12
3.55408e+12
2.10247e+12
2.16395e+12
1.76805e+12
1.78533e+12
2.10605e+12
1.94721e+12
1.53518e+12
1.56478e+12
1.72217e+12
2.20014e+12
1.96492e+12
1.60881e+12
2.01494e+12
2.10852e+12
2.06473e+12
2.16984e+12
1.86773e+13
1.36147e+13
8.05379e+12
1.16047e+13
2.84645e+13
4.49682e+13
1.99646e+13
4.47704e+13
4.71997e+13
1.51024e+14
8.02287e+13
1.07934e+14
8.9951e+13
1.42624e+14
1.18476e+14
1.73862e+14
7.65225e+13
9.25453e+13
1.27349e+14
9.45285e+13
1.16861e+14
1.11339e+14
1.59489e+14
1.03163e+14
2.54687e+14
2.20479e+14
1.1138e+14
1.47429e+14
8.68358e+13
1.47899e+14
1.89924e+14
1.91882e+14
2.18815e+14
1.18113e+14
1.38378e+14
9.76084e+13
2.1188e+14
1.05823e+14
8.73836e+13
7.01258e+13
8.61175e+13
1.26301e+14
8.95331e+13
1.26984e+14
2.5539e+13
5.71294e+13
4.32273e+13
5.25357e+12
1.68084e+12
1.86095e+12
2.3293e+12
1.69829e+12
1.12634e+18
1.10879e+18
1.04843e+18
1.15904e+18
1.11569e+18
1.13471e+18
1.05226e+18
1.07319e+18
9.68662e+17
1.00463e+18
8.18643e+17
8.03843e+17
6.54361e+17
6.69058e+17
5.32931e+17
5.28843e+17
4.03081e+17
4.31647e+17
3.34841e+17
3.4375e+17
2.7789e+17
2.98284e+17
3.12644e+17
3.12052e+17
3.53796e+17
3.97172e+17
4.78176e+17
5.07649e+17
8.56313e+17
9.84851e+17
1.34815e+18
1.59187e+18
1.76189e+18
1.79822e+18
1.84064e+18
2.02512e+18
2.24731e+18
2.60204e+18
2.74052e+18
3.04545e+18
3.3625e+18
3.76277e+18
4.88697e+18
5.64755e+18
8.47765e+18
1.09204e+19
1.83706e+19
2.72893e+19
3.3664e+19
3.2351e+19
2.72948e+19
2.39685e+19
1.92305e+19
1.63968e+19
1.26662e+19
1.13427e+19
8.43824e+18
7.85223e+18
6.14958e+18
5.99618e+18
5.05049e+18
4.84334e+18
4.25066e+18
4.08128e+18
3.78482e+18
3.60144e+18
3.39241e+18
3.16855e+18
2.63481e+18
2.78401e+18
2.56528e+18
2.48865e+18
2.15005e+18
2.05461e+18
1.75971e+18
1.87652e+18
1.62099e+18
1.62638e+18
1.34909e+18
1.21152e+18
1.05703e+18
1.05964e+18
8.61624e+17
1.04563e+18
8.93218e+17
9.84464e+17
8.8994e+17
9.42863e+17
8.86553e+17
9.98183e+17
9.01376e+17
8.89492e+17
9.85656e+17
9.97832e+17
8.79969e+17
9.85253e+17
2.5084e+12
1.85359e+12
1.80517e+12
1.58529e+12
1.0329e+13
1.9834e+13
1.57606e+13
7.53063e+12
6.20251e+13
5.90399e+13
4.07207e+13
4.75013e+13
3.63282e+13
7.82624e+13
4.09122e+13
7.81684e+13
3.69255e+13
5.55196e+12
2.11814e+12
2.00237e+12
2.22754e+12
2.07802e+12
9.56002e+12
6.7068e+12
2.25493e+12
1.85956e+12
3.77571e+12
3.7294e+12
2.54359e+12
2.09619e+12
2.14992e+12
1.77682e+12
1.99628e+12
1.97326e+12
1.80489e+12
1.56095e+12
1.78138e+12
2.23883e+12
1.93896e+12
1.7287e+12
2.02696e+12
2.07561e+12
2.51063e+12
2.31919e+12
1.94545e+13
4.66435e+12
1.45304e+13
1.1833e+13
2.89632e+13
4.50242e+13
1.89862e+13
4.18643e+13
6.33132e+13
1.4085e+14
1.34869e+14
9.55501e+13
1.25985e+14
1.45218e+14
1.44209e+14
1.94079e+14
1.92319e+14
1.05144e+14
1.35536e+14
1.40158e+14
1.27533e+14
1.2737e+14
2.13864e+14
1.35115e+14
4.24474e+14
3.22904e+14
1.68928e+14
2.15131e+14
7.2659e+13
1.18174e+14
2.93844e+14
2.62101e+14
2.29367e+14
1.50114e+14
1.74594e+14
8.94218e+13
2.80384e+14
1.14492e+14
1.33605e+14
1.26211e+14
1.36922e+14
1.24176e+14
1.17185e+14
7.08075e+13
1.45946e+14
8.7013e+13
2.71511e+13
1.92182e+12
1.76834e+12
1.79653e+12
1.80758e+12
2.03879e+12
9.6601e+17
9.8282e+17
8.25759e+17
9.07574e+17
8.41732e+17
9.36433e+17
8.03357e+17
8.71901e+17
7.5342e+17
7.76534e+17
5.69482e+17
6.88843e+17
5.4502e+17
5.48925e+17
4.48985e+17
4.81548e+17
3.49198e+17
3.29308e+17
3.28125e+17
3.1288e+17
2.61105e+17
2.3705e+17
2.40262e+17
2.61128e+17
3.11553e+17
3.28494e+17
3.61736e+17
4.3107e+17
7.4547e+17
9.35837e+17
1.21417e+18
1.35881e+18
1.6314e+18
1.68136e+18
1.71071e+18
1.8657e+18
2.09286e+18
2.21367e+18
2.41572e+18
2.73068e+18
3.14166e+18
3.42653e+18
4.48459e+18
5.43908e+18
8.50488e+18
1.13954e+19
1.99619e+19
2.92094e+19
3.67305e+19
3.4e+19
2.85824e+19
2.49493e+19
1.80675e+19
1.5681e+19
1.12487e+19
1.01322e+19
7.45137e+18
6.92158e+18
5.35133e+18
5.11943e+18
4.20867e+18
4.15585e+18
3.61881e+18
3.72775e+18
3.30933e+18
3.26373e+18
2.79154e+18
2.7989e+18
2.27706e+18
2.46491e+18
1.97911e+18
2.00992e+18
1.75997e+18
1.73394e+18
1.37103e+18
1.49078e+18
1.23049e+18
1.35487e+18
1.08376e+18
9.75847e+17
8.02008e+17
8.77448e+17
6.43676e+17
7.00366e+17
6.98898e+17
7.72323e+17
6.66989e+17
7.28816e+17
7.24074e+17
7.5098e+17
6.8878e+17
7.77191e+17
6.68739e+17
8.34726e+17
7.00886e+17
7.86346e+17
2.04123e+12
2.03129e+12
1.58628e+12
1.93009e+12
9.00066e+12
2.9034e+13
1.61069e+13
1.76669e+13
7.73556e+13
7.47733e+13
7.14406e+13
1.46512e+14
4.38417e+13
1.10778e+14
4.32014e+13
4.98423e+13
2.65541e+13
3.05711e+13
2.15281e+12
1.86049e+12
2.05404e+12
2.07045e+12
8.5915e+12
8.10768e+12
2.26027e+12
2.06799e+12
3.47418e+12
4.16786e+12
2.33839e+12
2.2805e+12
2.39468e+12
1.95351e+12
1.97903e+12
1.98935e+12
2.03473e+12
2.01638e+12
1.93075e+12
2.02408e+12
2.23356e+12
1.76509e+12
2.14744e+12
1.95652e+12
2.86887e+12
2.17947e+12
2.07211e+13
4.60703e+12
1.67543e+13
1.28376e+13
3.31827e+13
3.91722e+13
2.42159e+13
4.30122e+13
8.02654e+13
1.14985e+14
1.7457e+14
1.02414e+14
1.5624e+14
2.04144e+14
1.76086e+14
2.03314e+14
2.03094e+14
3.10242e+14
1.94902e+14
1.21305e+14
1.12597e+14
1.30213e+14
1.89877e+14
2.80423e+14
3.48893e+14
2.96686e+14
1.28791e+14
1.91488e+14
1.03399e+14
1.09986e+14
3.015e+14
3.08751e+14
2.60242e+14
1.81863e+14
2.24333e+14
1.69195e+14
3.01579e+14
1.81183e+14
1.33168e+14
1.40659e+14
1.53729e+14
1.86017e+14
1.50695e+14
1.23953e+14
2.32037e+13
5.16763e+13
1.22643e+13
6.62822e+12
2.31035e+12
1.97549e+12
2.14261e+12
1.20471e+12
6.95562e+17
8.13507e+17
6.34376e+17
6.47325e+17
6.73175e+17
7.35505e+17
6.03108e+17
6.55817e+17
5.78496e+17
6.34291e+17
4.56167e+17
4.68065e+17
4.48816e+17
4.345e+17
3.10411e+17
3.27708e+17
2.75573e+17
2.70877e+17
2.2218e+17
2.44627e+17
2.01694e+17
2.0237e+17
1.9741e+17
2.2658e+17
2.35406e+17
2.70524e+17
3.11451e+17
3.78439e+17
5.74205e+17
7.58365e+17
1.01443e+18
1.16777e+18
1.39394e+18
1.51136e+18
1.49859e+18
1.63777e+18
1.82439e+18
1.99233e+18
2.2117e+18
2.45901e+18
2.79171e+18
3.25553e+18
4.08234e+18
4.99884e+18
8.70168e+18
1.14729e+19
2.19747e+19
3.21e+19
4.11847e+19
3.65234e+19
2.95298e+19
2.52051e+19
1.68986e+19
1.43587e+19
9.5237e+18
8.46096e+18
6.17185e+18
5.70099e+18
4.25196e+18
4.33686e+18
3.58882e+18
3.43917e+18
2.86172e+18
3.05285e+18
2.71797e+18
2.69227e+18
2.29192e+18
2.28394e+18
1.78368e+18
1.88716e+18
1.54729e+18
1.54547e+18
1.25418e+18
1.25834e+18
1.09482e+18
1.16695e+18
9.83352e+17
1.01568e+18
7.07181e+17
7.30681e+17
5.72827e+17
6.33647e+17
5.06685e+17
5.34354e+17
4.84008e+17
5.59678e+17
4.63438e+17
5.33146e+17
4.79328e+17
5.16778e+17
5.32424e+17
5.8e+17
4.81137e+17
5.726e+17
4.94931e+17
5.09927e+17
1.47443e+12
1.62978e+12
1.80715e+12
1.92533e+12
8.68576e+12
2.55866e+13
2.63218e+13
2.35055e+13
1.14475e+14
7.32351e+13
1.15875e+14
8.18583e+13
5.38359e+13
1.04366e+14
4.55575e+13
5.02362e+13
2.49196e+13
6.38311e+12
2.14394e+12
1.96818e+12
2.46694e+12
2.43811e+12
7.28918e+12
9.47969e+12
2.10527e+12
1.94406e+12
4.00365e+12
4.03808e+12
2.53565e+12
2.5215e+12
2.14295e+12
2.22055e+12
2.3989e+12
2.07245e+12
2.28395e+12
2.0501e+12
2.18116e+12
2.08418e+12
1.88337e+12
1.94421e+12
2.2276e+12
2.07194e+12
2.7778e+12
2.18455e+12
2.14217e+13
1.07561e+13
4.20478e+13
5.89832e+13
3.55659e+13
2.61061e+13
5.59434e+13
4.7771e+13
8.96757e+13
1.2945e+14
1.51438e+14
2.21032e+14
1.73714e+14
2.19537e+14
2.03935e+14
3.46349e+14
2.81597e+14
3.11113e+14
2.24936e+14
1.62293e+14
1.37357e+14
1.77868e+14
2.10955e+14
2.45785e+14
2.76761e+14
2.65856e+14
2.10894e+14
1.84577e+14
1.53552e+14
1.39886e+14
2.85292e+14
3.2993e+14
2.83677e+14
2.03787e+14
1.91297e+14
1.16536e+14
4.30677e+14
2.78415e+14
1.75856e+14
1.22518e+14
2.09782e+14
2.08921e+14
1.52739e+14
1.11372e+14
2.77164e+13
5.75358e+13
6.22837e+12
2.38058e+12
2.3683e+12
1.86798e+12
1.52211e+12
1.73714e+12
4.36791e+17
5.21551e+17
4.47342e+17
5.26813e+17
4.07974e+17
4.74521e+17
3.54924e+17
4.09786e+17
3.89878e+17
4.36883e+17
3.34052e+17
3.53909e+17
3.17919e+17
3.40331e+17
2.04855e+17
2.21291e+17
1.94953e+17
1.89635e+17
1.72106e+17
1.81663e+17
1.85127e+17
1.72888e+17
1.55497e+17
1.73254e+17
1.87361e+17
2.11311e+17
2.25497e+17
3.39922e+17
5.28908e+17
6.1184e+17
8.72069e+17
1.03495e+18
1.1034e+18
1.18992e+18
1.42292e+18
1.4402e+18
1.64243e+18
1.80626e+18
1.9513e+18
2.21777e+18
2.41782e+18
2.80038e+18
3.70759e+18
4.57314e+18
8.12892e+18
1.16357e+19
2.35479e+19
3.55424e+19
4.34068e+19
3.74076e+19
3.02973e+19
2.49245e+19
1.51881e+19
1.2952e+19
8.05416e+18
7.06032e+18
5.2006e+18
4.92785e+18
3.46244e+18
3.58323e+18
2.82521e+18
2.69872e+18
2.32611e+18
2.3124e+18
2.05372e+18
2.07442e+18
1.61523e+18
1.73237e+18
1.36351e+18
1.47609e+18
1.16003e+18
1.15497e+18
9.61182e+17
9.83461e+17
7.38308e+17
8.12598e+17
6.1555e+17
7.26593e+17
4.94903e+17
5.29956e+17
3.83992e+17
4.20789e+17
3.12268e+17
3.76889e+17
3.07672e+17
3.50346e+17
3.15186e+17
3.74241e+17
2.68657e+17
3.18522e+17
3.18772e+17
3.8201e+17
2.81904e+17
3.25956e+17
2.71202e+17
3.20665e+17
1.68931e+12
1.45971e+12
1.9665e+12
2.14811e+12
9.13626e+12
2.94022e+13
6.86605e+13
3.93056e+13
6.58795e+13
5.88041e+13
2.04301e+14
1.60096e+14
6.49594e+13
1.00972e+14
5.48519e+13
5.24574e+13
5.06573e+13
2.98942e+13
2.54631e+12
2.19449e+12
2.67803e+12
2.64947e+12
6.07316e+12
1.0872e+13
2.38769e+12
2.11958e+12
3.94309e+12
4.34364e+12
2.82806e+12
2.86866e+12
2.64406e+12
2.25147e+12
2.21962e+12
2.00288e+12
2.10991e+12
2.17907e+12
2.34727e+12
2.18043e+12
2.35339e+12
2.26928e+12
2.30698e+12
2.23669e+12
3.09312e+12
2.84437e+12
2.61404e+13
3.70451e+12
6.78986e+13
1.45824e+14
4.0948e+13
2.75754e+13
5.83245e+13
5.14876e+13
7.78116e+13
1.33219e+14
1.79969e+14
2.58908e+14
2.3299e+14
2.52284e+14
4.38751e+14
3.95293e+14
2.0734e+14
3.54638e+14
2.57349e+14
1.57149e+14
1.54229e+14
1.66216e+14
2.47164e+14
2.5109e+14
2.50818e+14
3.12035e+14
2.33682e+14
2.30872e+14
2.02327e+14
1.99076e+14
3.35739e+14
3.02007e+14
3.22428e+14
2.4143e+14
2.00671e+14
2.16409e+14
4.22114e+14
4.82463e+14
1.93596e+14
1.0785e+14
2.78123e+14
2.47737e+14
2.14503e+14
1.30434e+14
4.07673e+13
7.82992e+13
2.57685e+12
2.29741e+12
2.19777e+12
2.22634e+12
1.62248e+12
1.40821e+12
2.97088e+17
3.3347e+17
2.56861e+17
2.97442e+17
2.69675e+17
2.75967e+17
2.31577e+17
2.70978e+17
2.51789e+17
2.94471e+17
2.25946e+17
2.38633e+17
1.81173e+17
2.21504e+17
1.55575e+17
1.60716e+17
1.39428e+17
1.54028e+17
1.2934e+17
1.39195e+17
1.52724e+17
1.50753e+17
1.11995e+17
1.31597e+17
1.41227e+17
1.65144e+17
2.0651e+17
2.5381e+17
4.29925e+17
5.70489e+17
6.70718e+17
8.60712e+17
9.85885e+17
1.00906e+18
1.11618e+18
1.22809e+18
1.38046e+18
1.57088e+18
1.63133e+18
1.84211e+18
2.11473e+18
2.3628e+18
3.24002e+18
4.22323e+18
7.28593e+18
1.07357e+19
2.60476e+19
3.85792e+19
4.71796e+19
4.03234e+19
3.01944e+19
2.40816e+19
1.32769e+19
1.09204e+19
6.32392e+18
5.64472e+18
3.78696e+18
3.6322e+18
2.54922e+18
2.67739e+18
2.07344e+18
2.02762e+18
1.6774e+18
1.7545e+18
1.42899e+18
1.51829e+18
1.11552e+18
1.22426e+18
9.62991e+17
9.83737e+17
7.71749e+17
7.99736e+17
6.38496e+17
6.89543e+17
5.29342e+17
5.70248e+17
4.39658e+17
4.52971e+17
3.02025e+17
3.15782e+17
2.40848e+17
2.59611e+17
1.92403e+17
2.30776e+17
2.01243e+17
2.18132e+17
1.61935e+17
2.05048e+17
1.35582e+17
1.74439e+17
1.67817e+17
2.17024e+17
1.59735e+17
1.70146e+17
1.52911e+17
1.88079e+17
5.77877e+12
1.63465e+12
2.15398e+12
2.22342e+12
9.36517e+12
2.83964e+13
1.03496e+14
8.95639e+13
7.08082e+13
6.3767e+13
3.48671e+14
2.10866e+14
8.93575e+13
1.04288e+14
6.33073e+13
7.03326e+13
6.22007e+13
4.52881e+13
2.89329e+12
2.60108e+12
2.97721e+12
2.73346e+12
4.89025e+12
1.25281e+13
2.46443e+12
2.26847e+12
4.33722e+12
4.72084e+12
2.78275e+12
3.07565e+12
2.81627e+12
2.90638e+12
2.17587e+12
2.04415e+12
2.34493e+12
2.24963e+12
1.86845e+12
1.96752e+12
2.22505e+12
2.04472e+12
3.09957e+12
2.2735e+12
3.85405e+12
1.65681e+13
7.2004e+13
1.86222e+13
5.63354e+13
1.07336e+14
5.466e+13
5.66243e+13
5.61514e+13
7.02213e+13
8.79663e+13
1.33107e+14
1.71177e+14
2.03289e+14
3.88963e+14
3.01727e+14
3.96536e+14
5.42788e+14
2.46835e+14
2.90965e+14
3.45365e+14
2.49756e+14
2.08715e+14
2.21557e+14
2.7754e+14
2.33815e+14
2.77153e+14
2.78939e+14
2.35147e+14
3.67332e+14
2.94956e+14
2.3558e+14
3.69245e+14
3.50696e+14
3.91435e+14
3.60379e+14
2.93638e+14
2.16082e+14
4.39576e+14
4.2085e+14
2.71653e+14
1.23354e+14
3.52124e+14
1.8903e+14
2.61451e+14
1.14847e+14
1.05252e+14
9.79848e+13
4.18116e+12
2.61178e+12
9.12855e+12
7.92812e+12
1.38712e+14
4.59297e+13
1.58165e+17
1.83484e+17
1.41376e+17
1.59932e+17
1.30606e+17
1.56565e+17
1.25022e+17
1.64695e+17
1.48931e+17
1.81169e+17
1.52256e+17
1.53035e+17
1.23164e+17
1.4354e+17
1.27744e+17
1.15515e+17
1.11967e+17
1.3155e+17
9.48493e+16
1.21873e+17
1.13294e+17
1.24047e+17
8.07764e+16
9.93464e+16
1.02938e+17
1.36002e+17
1.62126e+17
2.07613e+17
3.35516e+17
4.31507e+17
5.2788e+17
7.01323e+17
7.80337e+17
8.91185e+17
9.88292e+17
1.03314e+18
1.13292e+18
1.38137e+18
1.38134e+18
1.62816e+18
1.76729e+18
2.0685e+18
2.76948e+18
3.51087e+18
6.57494e+18
1.02625e+19
2.99763e+19
4.44289e+19
5.26388e+19
4.45648e+19
2.94777e+19
2.27669e+19
1.01505e+19
8.49651e+18
4.5181e+18
4.06308e+18
2.53e+18
2.55187e+18
1.91811e+18
1.91278e+18
1.4498e+18
1.49393e+18
1.09752e+18
1.16972e+18
9.53659e+17
1.0256e+18
7.54992e+17
7.54841e+17
6.5345e+17
6.72368e+17
4.71014e+17
5.36382e+17
4.10101e+17
4.43591e+17
3.24769e+17
3.60435e+17
2.79604e+17
2.81841e+17
1.73283e+17
1.87204e+17
1.47619e+17
1.55007e+17
9.74167e+16
1.2126e+17
1.00408e+17
1.23998e+17
8.21729e+16
9.19798e+16
6.14951e+16
9.4381e+16
8.41558e+16
1.09337e+17
6.84282e+16
8.17921e+16
7.49551e+16
9.20504e+16
2.07467e+12
1.83282e+12
1.9081e+12
2.3185e+12
1.01839e+13
2.71066e+13
1.26393e+14
1.16421e+14
8.88309e+13
5.12352e+13
4.56935e+14
3.86103e+14
1.28355e+14
1.42557e+14
6.9102e+13
9.19344e+13
6.12434e+13
4.10762e+13
3.31748e+13
2.76033e+12
3.22927e+12
3.10417e+12
3.7373e+12
1.41051e+13
3.17935e+12
2.64192e+12
4.16825e+12
5.10734e+12
2.9683e+12
2.9271e+12
3.3185e+12
3.04174e+12
2.09333e+12
2.35782e+12
2.68664e+12
2.3913e+12
1.75762e+12
1.68753e+12
4.44711e+12
3.28548e+12
2.94752e+12
2.30841e+12
4.73283e+12
1.67361e+13
5.2566e+13
6.99078e+13
5.36021e+13
1.08624e+14
5.60642e+13
5.681e+13
1.55907e+14
1.24757e+14
9.87113e+13
1.98102e+14
1.61659e+14
1.78874e+14
4.35016e+14
4.70123e+14
5.09883e+14
3.97222e+14
4.15148e+14
3.72535e+14
4.95598e+14
4.45582e+14
3.31155e+14
3.36314e+14
3.33943e+14
2.89674e+14
2.60389e+14
2.96169e+14
2.99943e+14
3.40823e+14
3.60538e+14
2.62681e+14
4.29357e+14
5.47574e+14
3.66531e+14
4.41499e+14
4.50455e+14
3.23795e+14
5.96317e+14
4.86692e+14
3.8505e+14
3.77132e+14
3.79176e+14
3.28532e+14
2.46434e+14
1.13533e+14
1.2503e+14
1.11531e+14
3.95462e+13
3.67822e+13
3.58632e+13
7.78052e+13
2.22747e+12
2.00003e+12
5.50425e+16
8.43346e+16
5.16662e+16
7.03207e+16
5.02438e+16
8.27232e+16
6.63792e+16
7.21778e+16
6.94503e+16
9.89203e+16
8.96528e+16
1.01165e+17
6.46256e+16
8.9258e+16
7.1061e+16
8.62167e+16
7.53677e+16
9.27516e+16
7.44446e+16
8.42859e+16
8.03098e+16
8.25876e+16
6.81935e+16
6.42915e+16
8.21434e+16
1.09631e+17
1.20553e+17
1.52517e+17
2.73738e+17
3.63533e+17
4.31272e+17
5.34019e+17
5.92814e+17
6.60598e+17
7.68132e+17
8.51867e+17
9.45201e+17
1.10862e+18
1.11489e+18
1.30903e+18
1.42098e+18
1.69419e+18
2.35294e+18
2.86794e+18
5.77116e+18
9.54621e+18
3.22973e+19
4.73376e+19
5.67524e+19
4.67916e+19
2.81996e+19
2.02631e+19
7.69689e+18
6.11656e+18
2.94885e+18
2.76185e+18
1.7444e+18
1.82083e+18
1.24698e+18
1.38928e+18
9.87664e+17
1.02441e+18
7.38723e+17
7.7982e+17
5.85637e+17
6.37243e+17
4.85875e+17
5.14072e+17
4.22801e+17
4.3978e+17
2.85705e+17
3.27927e+17
2.1478e+17
2.67828e+17
1.77949e+17
1.8546e+17
1.43448e+17
1.47174e+17
9.88497e+16
1.01522e+17
6.1754e+16
7.56352e+16
5.7298e+16
5.72124e+16
4.6779e+16
5.83287e+16
2.87822e+16
3.86029e+16
2.76661e+16
3.43395e+16
3.10764e+16
3.75798e+16
1.81139e+16
2.96617e+16
2.3325e+16
4.15885e+16
2.57442e+12
3.16986e+12
3.69031e+12
2.75643e+12
1.51218e+13
2.35523e+13
1.43176e+14
2.29415e+14
1.00442e+14
6.16418e+13
4.28363e+14
3.23559e+14
1.35079e+14
1.52701e+14
6.60198e+13
1.31553e+14
6.37062e+13
3.64906e+13
5.3613e+13
7.19319e+12
3.21753e+12
3.36918e+12
2.91094e+12
1.38727e+13
4.62906e+12
2.99594e+12
4.35449e+12
5.30753e+12
3.37254e+12
3.27717e+12
2.81713e+12
2.79545e+12
2.53002e+12
2.46417e+12
2.59433e+12
2.28684e+12
2.16076e+12
2.03581e+12
5.53247e+12
5.99684e+12
3.21548e+12
2.72749e+12
8.39216e+12
1.72621e+13
7.4807e+13
9.92938e+13
6.60932e+13
1.77931e+14
1.20095e+14
4.74501e+13
1.62292e+14
2.08307e+14
1.12341e+14
1.69261e+14
2.31447e+14
3.75475e+14
3.54679e+14
4.32821e+14
4.83025e+14
3.35721e+14
5.73788e+14
4.01514e+14
3.84654e+14
4.84501e+14
3.91734e+14
4.04704e+14
3.03065e+14
3.61222e+14
2.6887e+14
3.23396e+14
3.72492e+14
3.95566e+14
5.32441e+14
4.36411e+14
5.52989e+14
8.86052e+14
6.17422e+14
4.45001e+14
7.17566e+14
3.53636e+14
6.58983e+14
5.20713e+14
5.21519e+14
5.89867e+14
5.47547e+14
5.36134e+14
2.67053e+14
1.52759e+14
1.58341e+14
1.66443e+14
1.24068e+14
4.80739e+13
3.18083e+13
4.28584e+13
1.69821e+12
1.98538e+12
2.06658e+16
3.09581e+16
1.44736e+16
2.32766e+16
2.38814e+16
3.31093e+16
2.88637e+16
3.82315e+16
3.73958e+16
4.22632e+16
4.09894e+16
5.28756e+16
3.83585e+16
5.06978e+16
4.68927e+16
5.7026e+16
5.16293e+16
6.09721e+16
4.96702e+16
6.37601e+16
5.31604e+16
4.92881e+16
5.26677e+16
5.65586e+16
5.39661e+16
8.33564e+16
9.04341e+16
1.17777e+17
2.05068e+17
2.72098e+17
3.3666e+17
4.17231e+17
4.25879e+17
5.11989e+17
5.91337e+17
6.62654e+17
6.81044e+17
8.77521e+17
8.43834e+17
9.92706e+17
1.19279e+18
1.34217e+18
1.83065e+18
2.43383e+18
4.8379e+18
8.65927e+18
3.55231e+19
5.08199e+19
6.29907e+19
5.01252e+19
2.44351e+19
1.65908e+19
5.0775e+18
4.07354e+18
1.82804e+18
1.75761e+18
1.07568e+18
1.09121e+18
7.93213e+17
8.0828e+17
6.32574e+17
6.73989e+17
4.58288e+17
5.00491e+17
3.08921e+17
3.72507e+17
3.17671e+17
3.31425e+17
2.25481e+17
2.24333e+17
1.71396e+17
1.76169e+17
1.32609e+17
1.28321e+17
9.35557e+16
9.85395e+16
7.28389e+16
7.55006e+16
4.15486e+16
4.85643e+16
2.92578e+16
2.5396e+16
2.48835e+16
2.98496e+16
2.4942e+16
2.70376e+16
1.41438e+16
1.80701e+16
1.04525e+16
1.18096e+16
8.3955e+15
1.11115e+16
7.49848e+15
1.22737e+16
6.19474e+15
9.37159e+15
2.22305e+12
2.68374e+12
8.99761e+12
6.38811e+12
2.0762e+14
8.91033e+13
1.66276e+14
3.07812e+14
1.38862e+14
9.14145e+13
4.36397e+14
3.64877e+14
1.0036e+14
1.50706e+14
6.94514e+13
9.62734e+13
8.0505e+13
4.01955e+13
5.92043e+13
1.48829e+13
3.34244e+12
3.47544e+12
5.53571e+12
2.92382e+12
1.51632e+13
3.23439e+12
5.011e+12
5.28149e+12
4.02526e+12
3.65227e+12
3.01059e+12
2.77459e+12
2.79716e+12
2.72095e+12
3.56789e+12
2.13519e+12
2.50667e+12
2.74673e+12
5.14178e+12
8.42172e+12
3.47663e+12
2.9278e+12
1.79135e+13
1.84978e+13
3.73829e+13
1.46821e+14
7.37421e+13
1.65525e+14
1.26118e+14
1.18852e+14
1.633e+14
2.58717e+14
1.64207e+14
3.24192e+14
3.42709e+14
4.86391e+14
5.51798e+14
3.89641e+14
6.38091e+14
3.58858e+14
5.82081e+14
5.15464e+14
4.23722e+14
5.02314e+14
4.36855e+14
5.77106e+14
2.57808e+14
2.74925e+14
2.97967e+14
3.62981e+14
3.873e+14
4.10481e+14
5.57205e+14
5.15127e+14
6.25416e+14
9.53581e+14
8.09414e+14
4.9854e+14
1.09539e+15
6.67957e+14
9.58764e+14
1.04658e+15
7.79794e+14
7.74717e+14
5.85766e+14
6.8957e+14
6.61901e+14
3.09924e+14
3.85016e+14
2.64843e+14
1.0992e+14
1.55613e+14
3.86717e+13
1.51271e+13
2.21987e+12
2.16501e+12
6.64493e+15
8.64223e+15
4.83284e+15
8.30986e+15
9.15213e+15
9.52376e+15
1.21342e+16
1.9242e+16
1.59371e+16
2.41367e+16
1.84175e+16
2.85868e+16
2.75519e+16
2.7655e+16
2.57178e+16
3.81729e+16
3.6581e+16
3.71009e+16
3.74325e+16
4.06579e+16
4.18846e+16
3.12816e+16
3.35862e+16
4.83078e+16
4.28998e+16
5.25703e+16
5.00299e+16
8.8295e+16
1.3586e+17
1.84704e+17
2.49553e+17
3.02334e+17
2.94776e+17
3.70669e+17
4.31441e+17
5.21387e+17
5.30837e+17
6.89674e+17
6.68577e+17
8.238e+17
8.88826e+17
1.09045e+18
1.37717e+18
1.85736e+18
3.90288e+18
7.46198e+18
3.90026e+19
5.47579e+19
6.7022e+19
5.20714e+19
2.01677e+19
1.25496e+19
3.07949e+18
2.40762e+18
1.01656e+18
1.05703e+18
6.31676e+17
6.49528e+17
4.60987e+17
5.13026e+17
3.77396e+17
3.77482e+17
2.56488e+17
2.83543e+17
1.94298e+17
2.2916e+17
1.49793e+17
1.88005e+17
1.13791e+17
1.32359e+17
7.91683e+16
9.3486e+16
7.16505e+16
8.12891e+16
4.3721e+16
5.23148e+16
3.53253e+16
3.93686e+16
2.47333e+16
2.78191e+16
1.18498e+16
1.83432e+16
9.57654e+15
1.08208e+16
6.99376e+15
8.18976e+15
6.03238e+15
5.24346e+15
2.86723e+15
3.73166e+15
1.73805e+15
2.78904e+15
7.91209e+14
4.35366e+15
8.2128e+14
2.57249e+15
1.89813e+12
2.21852e+12
7.20038e+12
5.28951e+12
1.02886e+14
1.00964e+14
1.99825e+14
2.91763e+14
3.62674e+14
2.24543e+14
4.92099e+14
4.46891e+14
1.07939e+14
1.78504e+14
9.11926e+13
1.07825e+14
1.08593e+14
5.03303e+13
1.18234e+14
6.07691e+13
4.3161e+12
4.04216e+12
1.81801e+13
1.79519e+13
2.09835e+13
4.74327e+12
5.28508e+12
5.97717e+12
4.17415e+12
4.05133e+12
3.93708e+12
3.47702e+12
3.22574e+12
2.66848e+12
2.94482e+12
2.41238e+12
2.52212e+12
2.7332e+12
4.91484e+12
8.4301e+12
4.80594e+12
4.36199e+12
2.18379e+13
2.26093e+13
4.55337e+13
6.35112e+13
1.31591e+14
1.42677e+14
2.31757e+14
1.26945e+14
1.85943e+14
2.56577e+14
2.7222e+14
4.63709e+14
7.47381e+14
6.52054e+14
5.09441e+14
3.80494e+14
7.26796e+14
4.87238e+14
7.06646e+14
7.08236e+14
6.04328e+14
5.47012e+14
5.05033e+14
5.91752e+14
2.52886e+14
2.60655e+14
3.55333e+14
3.89559e+14
4.42584e+14
4.54384e+14
5.81287e+14
6.04253e+14
9.54579e+14
1.3494e+15
8.55032e+14
6.36642e+14
1.42246e+15
1.02599e+15
1.18595e+15
1.2577e+15
8.03857e+14
9.86124e+14
8.75708e+14
8.82199e+14
7.85345e+14
5.5005e+14
3.09076e+14
2.13237e+14
1.96092e+14
1.92389e+14
2.63671e+13
8.71434e+12
1.93572e+12
1.99277e+12
1.44331e+15
1.55597e+15
1.62118e+15
2.58674e+15
2.60021e+15
3.4774e+15
6.02052e+15
1.22784e+16
7.53315e+15
1.01723e+16
1.03132e+16
1.7785e+16
1.56166e+16
1.80262e+16
1.95299e+16
2.31515e+16
2.78811e+16
3.23152e+16
2.90192e+16
2.67507e+16
2.42941e+16
2.8338e+16
1.99019e+16
2.97923e+16
3.1177e+16
3.26428e+16
3.54621e+16
6.18533e+16
8.90681e+16
1.12021e+17
1.72267e+17
2.24281e+17
2.35278e+17
2.81184e+17
2.85647e+17
3.86338e+17
3.8076e+17
4.86196e+17
4.93842e+17
6.3405e+17
6.55816e+17
8.09237e+17
1.00903e+18
1.3524e+18
3.08228e+18
6.29277e+18
4.16724e+19
6.10895e+19
7.29141e+19
5.3487e+19
1.51627e+19
8.61185e+18
1.54712e+18
1.28524e+18
5.4283e+17
5.66018e+17
3.23221e+17
3.72997e+17
2.50547e+17
2.9378e+17
1.79992e+17
2.06627e+17
1.39477e+17
1.55938e+17
1.05663e+17
1.30093e+17
7.08029e+16
9.03441e+16
4.98815e+16
6.19506e+16
4.87906e+16
5.32323e+16
3.67578e+16
4.09317e+16
2.21779e+16
2.7334e+16
1.6095e+16
1.58583e+16
1.03301e+16
1.83325e+16
3.96409e+15
8.56196e+15
5.93702e+15
6.33068e+15
2.37491e+15
4.21216e+15
2.35196e+15
1.3678e+15
1.49742e+15
1.12373e+15
2.53515e+14
4.1532e+14
5.02691e+14
9.61992e+14
1.84204e+14
2.86487e+14
2.32188e+12
2.40847e+12
7.20765e+12
8.29024e+12
1.69904e+14
1.58436e+14
3.76875e+14
7.11465e+14
6.2247e+14
4.72135e+14
6.83502e+14
8.54578e+14
2.53517e+14
2.56718e+14
1.02871e+14
1.2465e+14
1.64489e+14
6.40356e+13
1.1205e+14
7.99772e+13
6.22737e+12
8.09644e+12
3.42705e+13
3.08636e+13
4.58004e+12
4.5008e+12
6.1291e+12
7.11676e+12
1.43349e+13
2.38739e+13
8.81462e+13
6.39202e+12
3.48464e+12
3.51144e+12
8.66856e+12
2.4987e+12
5.12491e+13
1.79964e+13
1.14882e+13
1.41706e+13
9.19292e+13
1.07234e+14
2.6971e+13
3.01055e+13
5.30465e+13
9.72964e+13
1.96784e+14
2.01443e+14
2.83896e+14
1.55362e+14
2.34682e+14
3.01155e+14
3.65681e+14
6.38384e+14
1.29661e+15
1.03209e+15
8.93479e+14
5.79971e+14
1.06611e+15
6.30116e+14
1.04621e+15
8.06859e+14
1.0112e+15
1.05063e+15
5.56625e+14
5.53012e+14
3.26493e+14
2.88821e+14
4.70059e+14
4.94211e+14
5.34271e+14
5.1597e+14
8.91779e+14
7.53779e+14
1.1987e+15
1.58991e+15
1.05218e+15
8.35948e+14
2.05794e+15
1.4983e+15
2.13563e+15
1.73316e+15
1.57271e+15
1.2795e+15
1.40904e+15
1.23428e+15
9.93042e+14
1.01362e+15
4.07501e+14
3.34641e+14
2.04811e+14
1.39654e+14
9.88138e+12
4.77661e+12
2.29867e+12
1.89568e+12
1.82309e+14
3.99181e+14
2.17618e+14
6.34352e+14
8.19233e+14
1.94149e+15
2.35029e+15
5.58734e+15
7.42682e+15
5.64227e+15
5.55861e+15
6.83342e+15
9.87039e+15
1.22823e+16
1.19659e+16
1.74497e+16
1.57056e+16
1.643e+16
1.67795e+16
1.6684e+16
1.51508e+16
2.46616e+16
1.18258e+16
1.32079e+16
3.07036e+16
2.63543e+16
2.43077e+16
4.17357e+16
6.07242e+16
8.00761e+16
1.15869e+17
1.69455e+17
1.53427e+17
1.97439e+17
2.15141e+17
2.66855e+17
2.71123e+17
3.43737e+17
3.84474e+17
4.63701e+17
4.54409e+17
6.04537e+17
7.51427e+17
9.70703e+17
2.2639e+18
5.27355e+18
4.27305e+19
6.9242e+19
7.66377e+19
5.22922e+19
9.96441e+18
5.09819e+18
7.41241e+17
6.386e+17
2.77694e+17
2.87702e+17
1.72155e+17
1.78299e+17
1.30818e+17
1.57973e+17
1.01325e+17
1.04715e+17
9.83604e+16
9.56476e+16
5.23367e+16
5.10279e+16
3.56935e+16
3.61742e+16
3.67318e+16
3.24312e+16
3.16429e+16
3.19328e+16
1.58282e+16
2.86953e+16
1.21249e+16
1.03037e+16
6.70241e+15
9.16846e+15
4.1386e+15
3.88515e+15
1.81188e+15
1.97645e+15
3.22412e+15
2.62216e+15
7.94356e+14
1.10993e+15
3.20542e+14
3.0681e+14
6.9261e+14
3.45425e+14
9.86752e+13
1.20074e+14
6.02087e+13
1.28866e+14
4.83678e+13
6.66985e+13
2.9539e+12
2.82139e+12
5.00396e+13
3.56786e+13
4.6251e+14
4.18555e+14
4.69194e+14
8.58302e+14
1.10806e+15
7.90658e+14
8.81929e+14
7.05811e+14
5.23033e+14
4.12934e+14
5.34222e+14
1.7986e+14
1.64887e+14
1.03886e+14
3.22021e+14
4.35963e+13
1.80554e+13
2.3737e+13
4.69084e+13
2.14489e+13
6.779e+12
5.93514e+12
9.02445e+12
9.85364e+12
4.31406e+13
3.50364e+13
6.64882e+13
3.67401e+13
8.25322e+12
1.01409e+13
2.31658e+13
7.45647e+12
7.89398e+13
7.51625e+13
2.66596e+13
2.05494e+13
1.50205e+14
1.35296e+14
1.05003e+14
3.43031e+13
7.25118e+13
1.92387e+14
2.35937e+14
2.34297e+14
3.26548e+14
2.70809e+14
3.01773e+14
4.16738e+14
6.37356e+14
1.06412e+15
1.79362e+15
1.69028e+15
1.74951e+15
1.4981e+15
1.72573e+15
1.61217e+15
1.85658e+15
1.56007e+15
2.00535e+15
1.63021e+15
6.91605e+14
6.4884e+14
4.25954e+14
3.43171e+14
6.88008e+14
5.98875e+14
6.05118e+14
7.60137e+14
1.03112e+15
8.29051e+14
1.56318e+15
1.69454e+15
1.44861e+15
1.2869e+15
2.7846e+15
2.37114e+15
2.80601e+15
2.65926e+15
2.56198e+15
2.09282e+15
2.35868e+15
1.96446e+15
1.88553e+15
1.28686e+15
9.77803e+14
6.12156e+14
6.71772e+14
2.31873e+14
3.92162e+13
3.38015e+12
2.08413e+12
1.96423e+12
8.03799e+13
7.6487e+13
1.07284e+14
1.80881e+14
5.82331e+14
9.28729e+14
4.00329e+14
3.04576e+15
2.15536e+15
5.05957e+15
2.86505e+15
4.67112e+15
6.0277e+15
8.41172e+15
5.69204e+15
1.07594e+16
7.84198e+15
1.05996e+16
1.17395e+16
1.20265e+16
9.17206e+15
1.31566e+16
9.9784e+15
9.25419e+15
2.04173e+16
2.11039e+16
2.1102e+16
2.89991e+16
3.46516e+16
5.76867e+16
7.70042e+16
1.08512e+17
1.07474e+17
1.28632e+17
1.49719e+17
1.92107e+17
1.63658e+17
2.45941e+17
2.71044e+17
3.11821e+17
3.40439e+17
4.09965e+17
5.50304e+17
7.32296e+17
1.57704e+18
4.13182e+18
4.20188e+19
7.61946e+19
7.60827e+19
4.9209e+19
5.33671e+18
2.38851e+18
3.39146e+17
2.89787e+17
1.42181e+17
1.6807e+17
8.70995e+16
9.58094e+16
7.54722e+16
7.76702e+16
5.2949e+16
6.03689e+16
4.22199e+16
4.54363e+16
3.34154e+16
4.03755e+16
1.83761e+16
1.94815e+16
1.71446e+16
2.39491e+16
1.11066e+16
1.09054e+16
9.72908e+15
1.6295e+16
5.70301e+15
5.89609e+15
3.09795e+15
4.1425e+15
7.18484e+14
1.26569e+15
8.87253e+14
9.1544e+14
1.73809e+15
1.13689e+15
1.69756e+15
3.82727e+14
2.00531e+14
1.64916e+14
4.693e+14
1.62956e+14
5.94442e+13
5.64576e+13
3.12062e+13
4.52201e+13
2.2974e+13
2.42927e+13
1.51337e+13
1.21093e+13
2.20706e+14
2.37492e+14
8.97438e+14
9.88575e+14
1.29669e+15
9.97838e+14
2.00554e+15
1.69374e+15
2.01875e+15
1.49468e+15
1.22569e+15
9.06196e+14
7.60594e+14
3.88069e+14
5.86507e+14
3.49898e+14
2.40871e+14
5.53551e+13
3.33974e+13
4.17539e+13
6.31906e+13
3.2245e+13
1.45004e+13
8.59899e+12
3.15715e+13
1.65213e+13
5.4768e+13
3.44649e+13
1.30249e+14
3.60139e+13
1.81702e+13
3.53155e+13
9.19379e+13
1.76873e+13
1.13324e+14
6.01529e+13
6.93731e+13
4.57645e+13
1.09203e+14
2.34114e+14
1.85317e+14
1.68708e+14
2.505e+14
1.42398e+14
5.0742e+14
1.9094e+14
5.31027e+14
2.95288e+14
4.1093e+14
4.65908e+14
1.09577e+15
1.60906e+15
3.08367e+15
2.44147e+15
2.87374e+15
2.97747e+15
4.40463e+15
3.43911e+15
4.75815e+15
2.72359e+15
2.70172e+15
2.23395e+15
1.40499e+15
8.41462e+14
6.63473e+14
4.61598e+14
9.51884e+14
1.19212e+15
9.3545e+14
9.50741e+14
1.64916e+15
1.4987e+15
2.14272e+15
2.8068e+15
2.80226e+15
2.29258e+15
4.26257e+15
3.32681e+15
4.89922e+15
3.70576e+15
4.42643e+15
3.25764e+15
4.10249e+15
3.92599e+15
3.42999e+15
2.48502e+15
2.26378e+15
1.71311e+15
8.48066e+14
4.27284e+14
1.4169e+14
9.19247e+13
1.02749e+13
7.0177e+12
1.80167e+13
4.31129e+13
2.70185e+13
7.98126e+13
4.53202e+13
2.03916e+14
2.23969e+14
4.76112e+14
2.19655e+15
1.67352e+15
2.01201e+15
3.47871e+15
5.10593e+15
5.0984e+15
5.02195e+15
5.02777e+15
7.24936e+15
6.47573e+15
7.59086e+15
9.17542e+15
3.83579e+15
5.65765e+15
8.92309e+15
8.91001e+15
1.1356e+16
1.61396e+16
1.67906e+16
2.44591e+16
2.74617e+16
3.37332e+16
4.97764e+16
7.69686e+16
8.40877e+16
8.7808e+16
1.07189e+17
1.29667e+17
1.28421e+17
1.46887e+17
1.85938e+17
2.21116e+17
2.37432e+17
3.02513e+17
3.69967e+17
4.82708e+17
9.71871e+17
2.94519e+18
4.34643e+19
8.21063e+19
7.63167e+19
4.5029e+19
2.99754e+18
1.02076e+18
1.59861e+17
1.38692e+17
8.49456e+16
7.88234e+16
4.749e+16
5.10631e+16
4.05361e+16
4.78427e+16
2.79174e+16
3.54853e+16
2.20116e+16
2.28703e+16
1.63277e+16
1.80366e+16
1.13869e+16
9.5798e+15
9.57928e+15
1.12434e+16
5.38677e+15
3.42608e+15
4.26196e+15
1.04388e+16
4.63602e+15
4.28442e+15
2.34788e+15
1.4269e+15
5.46172e+14
9.94521e+14
2.18694e+14
4.12368e+14
1.00012e+14
4.0221e+14
1.0032e+14
1.25879e+14
1.92315e+14
1.54546e+14
4.33243e+14
1.21814e+14
2.86096e+13
2.39839e+13
1.02407e+13
1.60452e+13
3.62598e+13
1.2728e+13
3.16446e+13
9.18303e+13
6.14271e+14
7.36437e+14
1.52029e+15
1.52611e+15
2.20701e+15
2.41274e+15
2.60779e+15
2.75802e+15
2.2494e+15
2.38457e+15
1.78799e+15
2.08834e+15
6.29558e+14
4.57562e+14
9.39783e+14
9.62911e+14
3.08833e+14
7.72593e+13
3.51682e+13
7.6766e+13
9.15526e+13
2.7638e+13
3.04552e+13
1.81161e+13
1.00147e+14
1.23822e+14
7.33362e+13
6.3469e+13
1.66672e+14
9.49848e+13
2.14087e+13
3.60284e+13
1.39341e+14
3.32059e+13
1.46078e+14
1.04372e+14
1.44292e+14
7.12942e+13
1.26895e+14
1.57576e+14
1.95827e+14
1.17181e+14
3.69816e+14
3.9915e+14
5.12499e+14
2.88619e+14
4.77309e+14
3.31976e+14
4.92204e+14
6.14775e+14
1.4959e+15
2.65094e+15
4.45514e+15
4.39549e+15
3.81474e+15
4.51811e+15
6.88885e+15
6.98975e+15
7.09824e+15
5.54105e+15
3.38764e+15
2.77526e+15
2.47604e+15
1.73071e+15
7.12233e+14
6.74935e+14
1.0788e+15
1.31057e+15
1.68216e+15
1.72434e+15
1.95209e+15
2.44686e+15
2.65038e+15
2.87895e+15
3.70076e+15
3.7716e+15
6.27854e+15
6.4782e+15
7.03477e+15
6.87743e+15
5.81232e+15
5.58468e+15
5.60712e+15
6.01687e+15
4.59715e+15
3.80199e+15
3.5022e+15
3.54898e+15
1.07871e+15
7.91182e+14
2.38038e+14
1.40537e+14
3.45101e+13
5.33175e+13
1.29533e+13
1.53017e+13
5.4415e+13
2.91869e+13
4.44718e+13
4.47173e+13
1.71238e+14
5.11026e+14
1.5337e+15
1.16412e+15
2.62597e+15
3.38141e+15
2.53074e+15
2.85632e+15
2.35548e+15
3.20049e+15
5.32945e+15
3.95631e+15
5.58887e+15
6.51007e+15
3.48653e+15
3.77228e+15
7.77952e+15
8.10675e+15
1.01324e+16
9.56883e+15
1.35804e+16
1.87699e+16
2.19064e+16
2.46652e+16
3.48053e+16
5.34671e+16
5.70341e+16
6.00688e+16
8.00297e+16
9.39948e+16
8.15326e+16
1.02403e+17
1.37539e+17
1.6235e+17
1.8035e+17
2.03062e+17
2.69447e+17
3.16904e+17
7.26476e+17
2.21669e+18
4.47582e+19
8.65637e+19
7.2547e+19
4.1359e+19
1.81698e+18
5.30335e+17
7.73015e+16
7.75378e+16
6.10433e+16
4.71934e+16
3.49798e+16
3.32877e+16
1.76741e+16
2.27028e+16
1.67396e+16
1.8266e+16
1.25233e+16
1.41646e+16
9.04431e+15
1.524e+16
6.13948e+15
5.1172e+15
6.96484e+15
8.03756e+15
3.23166e+15
4.63453e+15
2.62632e+15
1.59492e+15
1.01462e+15
3.13778e+15
1.41624e+15
1.23009e+15
2.99747e+14
4.2592e+14
1.24466e+14
1.18149e+14
6.29752e+13
5.35412e+13
7.44462e+13
9.81679e+13
1.44247e+14
1.59854e+14
3.39703e+14
1.94095e+14
2.12326e+13
1.64777e+13
1.81393e+13
1.94092e+13
1.12582e+14
9.05145e+13
5.30668e+13
1.33287e+14
7.13003e+14
8.68003e+14
1.57551e+15
1.75686e+15
2.92555e+15
2.48249e+15
3.01808e+15
2.955e+15
2.46842e+15
2.42667e+15
2.43585e+15
2.18217e+15
6.64196e+14
4.98401e+14
8.8718e+14
9.67507e+14
3.88453e+14
1.87821e+14
3.49556e+13
7.76411e+13
9.3743e+13
6.34975e+13
3.46152e+13
6.41629e+13
9.87608e+13
1.27014e+14
7.52243e+13
6.16481e+13
1.6435e+14
9.60469e+13
2.33718e+13
3.51918e+13
1.61983e+14
5.92367e+13
1.1569e+14
1.00699e+14
1.434e+14
7.28522e+13
1.26472e+14
1.53399e+14
2.15775e+14
1.09373e+14
2.58147e+14
5.72184e+14
5.05979e+14
2.9216e+14
4.76336e+14
3.35579e+14
5.17888e+14
6.26646e+14
2.27636e+15
3.36877e+15
5.68054e+15
5.35297e+15
4.27903e+15
4.72641e+15
6.96343e+15
7.21592e+15
6.74781e+15
5.44264e+15
4.17251e+15
3.24284e+15
2.5701e+15
1.69656e+15
9.42321e+14
6.96603e+14
1.20266e+15
1.40263e+15
1.82671e+15
1.87312e+15
2.55728e+15
2.794e+15
2.87256e+15
3.44905e+15
3.74555e+15
4.02719e+15
5.97083e+15
6.61612e+15
7.3683e+15
6.7503e+15
6.52092e+15
6.13702e+15
5.57565e+15
7.13632e+15
6.31455e+15
4.59718e+15
3.6946e+15
3.43749e+15
1.47826e+15
1.012e+15
2.83207e+14
1.51485e+14
2.5762e+13
8.95248e+13
3.66297e+14
3.67683e+13
7.01152e+13
3.67421e+13
4.05743e+13
2.58184e+13
2.49898e+14
4.97063e+14
1.22105e+15
1.17615e+15
1.3309e+15
2.24247e+15
1.77762e+15
1.8457e+15
2.02351e+15
2.80497e+15
3.76428e+15
2.47467e+15
4.34223e+15
5.66081e+15
2.80906e+15
3.91373e+15
6.46217e+15
7.49726e+15
5.58023e+15
6.72356e+15
7.40047e+15
1.18521e+16
1.73673e+16
2.5045e+16
3.05757e+16
3.95278e+16
4.77826e+16
5.08422e+16
5.47785e+16
7.01766e+16
5.86012e+16
7.06236e+16
1.08603e+17
1.2991e+17
1.3399e+17
1.55016e+17
1.70748e+17
2.28074e+17
5.66238e+17
2.07456e+18
4.74981e+19
9.23232e+19
6.35721e+19
3.38357e+19
1.16858e+18
3.17304e+17
5.43439e+16
5.32906e+16
3.2502e+16
2.74272e+16
2.05487e+16
1.7114e+16
1.01153e+16
8.69043e+15
1.28311e+16
1.35125e+16
6.70116e+15
9.60348e+15
6.51395e+15
6.50786e+15
8.39328e+15
4.07323e+15
4.52993e+15
4.6856e+15
1.87988e+15
3.03409e+15
1.18294e+15
7.64097e+14
3.0954e+14
1.21196e+14
1.85449e+15
9.10104e+14
5.43385e+14
2.49723e+14
4.42333e+14
7.84976e+13
2.72246e+13
2.38088e+13
2.11743e+13
4.35704e+13
1.05245e+14
2.21587e+14
1.8679e+13
5.16242e+13
1.52187e+14
1.30737e+14
9.55572e+13
1.15649e+14
2.96069e+13
2.02887e+13
7.70673e+13
8.62652e+13
6.84043e+14
1.17104e+15
2.24453e+15
2.17599e+15
3.96371e+15
3.50251e+15
3.63214e+15
3.69557e+15
2.9896e+15
3.22324e+15
2.23447e+15
2.46246e+15
8.19488e+14
7.2051e+14
9.81522e+14
9.89247e+14
3.88703e+14
2.29812e+14
6.86152e+13
7.61197e+13
9.52085e+13
6.47729e+13
4.0601e+13
6.12431e+13
1.30132e+14
2.02882e+14
7.61485e+13
6.38912e+13
1.65051e+14
9.75629e+13
2.54836e+13
3.62169e+13
1.59596e+14
1.29085e+14
1.00557e+14
1.01731e+14
1.43342e+14
7.20226e+13
1.30107e+14
1.57893e+14
5.24448e+14
2.50968e+14
2.61567e+14
5.55419e+14
5.01818e+14
2.97427e+14
5.99725e+14
3.77217e+14
6.09085e+14
6.80428e+14
2.50693e+15
3.69824e+15
5.88268e+15
5.97794e+15
4.95962e+15
4.93503e+15
7.97966e+15
8.01108e+15
7.53499e+15
5.93415e+15
4.98282e+15
3.7356e+15
2.69143e+15
1.77045e+15
9.58004e+14
8.93237e+14
1.32535e+15
1.61961e+15
1.82407e+15
1.66451e+15
2.50228e+15
2.99561e+15
2.99528e+15
3.55709e+15
3.96283e+15
4.41394e+15
6.44022e+15
6.76174e+15
8.49362e+15
7.76639e+15
7.75334e+15
6.94696e+15
6.82398e+15
7.90019e+15
8.2016e+15
6.09433e+15
4.96003e+15
4.20249e+15
1.84604e+15
1.58918e+15
3.17387e+14
1.57647e+14
3.70565e+13
3.73238e+13
3.61028e+14
1.10984e+14
1.17987e+14
1.24736e+14
1.55645e+13
1.66171e+13
5.84739e+13
6.44304e+14
3.09383e+14
2.80883e+14
1.44859e+15
1.88223e+15
1.12844e+15
1.39892e+15
2.56751e+15
2.21288e+15
2.5005e+15
2.40703e+15
3.82853e+15
3.50522e+15
3.6296e+15
3.65381e+15
5.95483e+15
5.15761e+15
4.12547e+15
5.63412e+15
9.9135e+15
1.13154e+16
1.06411e+16
1.67916e+16
3.014e+16
3.17735e+16
3.54717e+16
4.0701e+16
4.0635e+16
4.24753e+16
5.00345e+16
6.11888e+16
7.8959e+16
9.46929e+16
1.11782e+17
1.13882e+17
1.47275e+17
1.69216e+17
4.80106e+17
1.98523e+18
5.33342e+19
9.94291e+19
5.2606e+19
2.60031e+19
1.07262e+18
2.48985e+17
6.15071e+16
4.58523e+16
4.11758e+16
2.91644e+16
1.67624e+16
1.1852e+16
1.06611e+16
7.49504e+15
6.41754e+15
6.24529e+15
9.23935e+15
8.35483e+15
6.78407e+15
5.60328e+15
5.81373e+15
5.00931e+15
4.61396e+15
3.37706e+15
1.12317e+15
1.92795e+15
1.75671e+15
4.87905e+14
2.65779e+13
4.56323e+13
5.58387e+14
2.04703e+15
3.27637e+14
2.85727e+14
3.36874e+14
5.04485e+14
1.46284e+14
1.42037e+14
2.35869e+14
2.35664e+14
8.89096e+13
4.02942e+14
1.36193e+14
9.58137e+13
1.70486e+14
1.29604e+14
7.80719e+13
6.02923e+13
2.30269e+13
2.78183e+13
2.89542e+14
1.90094e+14
1.0187e+15
1.99601e+15
2.61342e+15
2.54249e+15
4.57642e+15
3.55933e+15
4.30239e+15
3.52516e+15
3.89122e+15
4.47684e+15
2.56376e+15
2.65843e+15
7.96778e+14
7.01476e+14
1.02622e+15
1.00867e+15
3.68599e+14
2.33837e+14
3.97722e+14
1.67882e+14
7.95252e+13
6.61159e+13
5.89522e+13
6.80095e+13
1.26997e+14
3.25498e+14
8.33715e+13
7.18599e+13
2.8178e+14
2.0469e+14
2.81049e+13
3.62765e+13
1.62174e+14
1.4485e+14
1.28291e+14
1.16372e+14
2.25788e+14
1.30594e+14
2.07834e+14
2.23854e+14
2.97733e+14
1.69219e+14
2.33373e+14
5.70395e+14
4.97782e+14
3.12126e+14
6.18177e+14
6.89256e+14
6.78874e+14
6.95919e+14
3.17342e+15
4.80791e+15
7.34819e+15
6.64006e+15
6.09865e+15
5.4415e+15
9.27659e+15
8.6788e+15
9.55798e+15
6.97627e+15
5.18943e+15
3.57997e+15
3.17927e+15
1.6298e+15
1.27115e+15
1.07829e+15
1.37457e+15
1.62264e+15
1.73365e+15
1.53696e+15
2.98416e+15
3.29857e+15
3.54337e+15
3.84104e+15
4.9738e+15
5.43539e+15
7.19024e+15
7.76503e+15
9.69638e+15
8.82714e+15
9.58081e+15
8.1784e+15
8.1406e+15
8.61873e+15
8.30918e+15
7.21977e+15
6.16375e+15
5.38096e+15
2.70304e+15
2.16791e+15
5.90986e+14
2.90761e+14
8.51479e+13
4.98225e+13
2.69121e+14
1.42182e+14
1.12419e+14
1.15982e+14
1.1206e+14
2.3154e+13
2.52501e+13
3.54753e+14
2.1484e+14
4.80526e+14
1.42939e+15
1.34199e+15
1.45583e+15
1.84109e+15
1.65288e+15
1.70502e+15
2.65723e+15
4.33783e+15
4.09179e+15
3.44523e+15
4.79574e+15
4.97673e+15
6.03904e+15
4.83166e+15
5.95434e+15
3.75697e+15
1.34834e+16
1.29246e+16
1.30457e+16
1.7717e+16
2.39882e+16
2.60634e+16
3.11571e+16
2.7096e+16
3.59937e+16
3.52177e+16
4.82961e+16
5.74353e+16
8.06059e+16
8.02055e+16
1.14694e+17
1.10878e+17
1.62994e+17
1.79778e+17
6.0008e+17
2.21518e+18
6.35532e+19
1.15277e+20
4.16674e+19
2.05847e+19
1.43894e+18
4.02421e+17
1.21414e+17
7.60406e+16
6.00409e+16
3.61861e+16
2.66622e+16
1.68571e+16
1.96044e+16
1.23181e+16
1.0565e+16
8.72573e+15
1.104e+16
1.16741e+16
5.27425e+15
4.81144e+15
5.33758e+15
6.5686e+15
6.46792e+15
3.69835e+15
1.55363e+15
1.3841e+15
2.61647e+14
2.01794e+14
5.40878e+14
1.43097e+14
5.41368e+14
7.48737e+14
2.99151e+14
1.63484e+14
1.01149e+15
8.37191e+14
5.58284e+14
3.09278e+14
1.16065e+14
1.12047e+14
1.17506e+14
5.68397e+14
1.73738e+14
3.78558e+14
9.86029e+13
8.02617e+13
4.09002e+13
2.03552e+14
6.18879e+13
6.64728e+14
1.91735e+14
7.99631e+14
1.31709e+15
2.56486e+15
3.53488e+15
3.76531e+15
5.65679e+15
5.02718e+15
5.23573e+15
4.779e+15
5.98709e+15
5.44131e+15
3.354e+15
2.76244e+15
9.67321e+14
9.2199e+14
1.2544e+15
1.09401e+15
3.89824e+14
2.93868e+14
3.88869e+14
1.78796e+14
5.77297e+13
1.01323e+14
5.75929e+13
5.63349e+13
1.23935e+14
3.36725e+14
1.12256e+14
9.69795e+13
4.18778e+14
2.89592e+14
3.32104e+13
3.9794e+13
1.84791e+14
2.52912e+14
1.80392e+14
1.41495e+14
2.08237e+14
2.50558e+14
1.7309e+14
2.9847e+14
4.92818e+14
1.82182e+14
5.52459e+14
6.57014e+14
5.11149e+14
3.37766e+14
6.19723e+14
1.03706e+15
6.96829e+14
7.24501e+14
3.97242e+15
6.58894e+15
7.84131e+15
7.14754e+15
8.07552e+15
6.88904e+15
1.05007e+16
1.04234e+16
1.01577e+16
8.06315e+15
6.79199e+15
4.8396e+15
3.40559e+15
2.27863e+15
1.93038e+15
1.34097e+15
1.39058e+15
1.66464e+15
2.07343e+15
1.69335e+15
3.00377e+15
3.61495e+15
4.97307e+15
4.83468e+15
5.48098e+15
6.31356e+15
9.70797e+15
8.74183e+15
1.27868e+16
1.1827e+16
1.19459e+16
1.1006e+16
1.05461e+16
1.16292e+16
1.14999e+16
9.26015e+15
7.68024e+15
7.21674e+15
3.82653e+15
3.08514e+15
9.99378e+14
5.4777e+14
4.40354e+14
9.09959e+13
3.85238e+14
1.48828e+14
1.26505e+14
1.38973e+14
1.84946e+14
1.17806e+14
3.53347e+13
2.72907e+13
5.09402e+14
6.08471e+14
1.59963e+15
1.97739e+15
1.89362e+15
1.65918e+15
2.28497e+15
1.70271e+15
4.90348e+15
6.66081e+15
5.19041e+15
3.69737e+15
7.70573e+15
5.82548e+15
9.2865e+15
9.59915e+15
1.12364e+16
7.82045e+15
2.00714e+16
2.15148e+16
1.93168e+16
2.45636e+16
3.67473e+16
3.35513e+16
3.73794e+16
3.48774e+16
5.62195e+16
5.8628e+16
7.57514e+16
7.1835e+16
1.19569e+17
1.06898e+17
1.91317e+17
1.77477e+17
2.81507e+17
2.59146e+17
1.4412e+18
3.64771e+18
6.89144e+19
1.1639e+20
3.25579e+19
1.66571e+19
1.79665e+18
6.42629e+17
2.51475e+17
1.64598e+17
1.11429e+17
6.58439e+16
5.92007e+16
3.77568e+16
4.13163e+16
2.62265e+16
2.22345e+16
1.88298e+16
1.24487e+16
7.95445e+15
1.1365e+16
6.83009e+15
8.12045e+15
1.0776e+16
8.23811e+15
5.00577e+15
5.56678e+15
3.30107e+15
2.36423e+15
1.3838e+15
1.40396e+15
2.18438e+15
6.24691e+14
9.07698e+14
1.24419e+15
1.3524e+15
8.68417e+14
7.03947e+14
6.13556e+14
8.99671e+14
8.75446e+13
1.92604e+14
2.61051e+14
6.25255e+14
4.80269e+14
2.73796e+14
2.18455e+14
4.37043e+13
1.2784e+14
2.07808e+14
4.25165e+14
4.72797e+14
5.89604e+14
5.78648e+14
2.46367e+15
3.46931e+15
4.82166e+15
6.01176e+15
6.80537e+15
5.50363e+15
7.89583e+15
6.42359e+15
8.51105e+15
6.71474e+15
4.60088e+15
3.27088e+15
1.29033e+15
1.18532e+15
1.80342e+15
1.37288e+15
4.1993e+14
3.49415e+14
4.03484e+14
1.67464e+14
5.40547e+13
1.31835e+14
7.82022e+13
5.46648e+13
1.46292e+14
3.19483e+14
2.2113e+14
1.84425e+14
3.85746e+14
4.17523e+14
4.37314e+13
5.64892e+13
2.13713e+14
4.26806e+14
3.2516e+14
1.88973e+14
1.76234e+14
3.8713e+14
1.74305e+14
3.64206e+14
5.04553e+14
4.51489e+14
5.56039e+14
5.99514e+14
7.52256e+14
4.11876e+14
7.39551e+14
6.28536e+14
1.25499e+15
1.05906e+15
4.68615e+15
8.57424e+15
9.44468e+15
8.43436e+15
8.89123e+15
1.00308e+16
1.09873e+16
1.19538e+16
1.04167e+16
8.99763e+15
7.67154e+15
5.01809e+15
4.61146e+15
2.27614e+15
2.6781e+15
1.9283e+15
1.68405e+15
1.91959e+15
2.0873e+15
1.9691e+15
3.57077e+15
4.19302e+15
5.35267e+15
5.34227e+15
6.70186e+15
7.2606e+15
1.2121e+16
1.04709e+16
1.59778e+16
1.45465e+16
1.41302e+16
1.37246e+16
1.23402e+16
1.69117e+16
1.40759e+16
1.23303e+16
1.08899e+16
1.00129e+16
7.52893e+15
4.45102e+15
2.27185e+15
1.04836e+15
9.17753e+14
7.31813e+14
3.88617e+14
5.21862e+14
2.57941e+14
1.80828e+14
9.39219e+13
2.92323e+14
4.09228e+14
1.14763e+14
1.19063e+15
3.30531e+14
2.08494e+15
2.51465e+15
3.26867e+15
2.30283e+15
4.06436e+15
3.09086e+15
6.67106e+15
7.67931e+15
1.08322e+16
7.75272e+15
1.64892e+16
1.24079e+16
2.256e+16
1.92246e+16
2.42844e+16
1.52013e+16
3.33523e+16
3.89125e+16
4.11621e+16
4.05063e+16
6.2523e+16
5.55272e+16
8.2409e+16
6.78063e+16
1.15248e+17
9.35758e+16
1.47264e+17
1.39588e+17
2.26749e+17
2.16997e+17
3.94822e+17
3.34083e+17
7.31135e+17
7.08313e+17
4.00476e+18
7.96476e+18
8.11626e+19
1.25439e+20
2.46651e+19
1.31527e+19
2.20725e+18
1.01736e+18
4.36549e+17
2.82309e+17
1.73621e+17
1.24057e+17
9.60377e+16
7.92064e+16
5.95237e+16
4.53002e+16
3.16637e+16
2.87338e+16
2.67378e+16
2.03241e+16
1.8758e+16
1.42822e+16
1.30037e+16
1.42305e+16
6.92061e+15
5.76709e+15
1.04801e+16
5.22035e+15
3.28276e+15
3.51502e+15
4.36668e+15
2.85021e+15
2.65885e+15
1.7615e+15
2.94431e+15
1.9335e+15
2.9481e+15
1.27061e+15
1.46349e+15
1.25914e+15
1.1998e+15
3.12437e+14
9.89563e+14
1.23391e+15
9.41055e+14
3.74227e+14
1.06179e+15
7.96813e+14
6.85413e+14
9.36413e+14
1.56607e+15
8.19318e+14
1.2053e+15
9.63126e+14
4.76539e+15
5.22495e+15
6.94106e+15
7.92232e+15
9.9258e+15
8.27317e+15
1.12907e+16
9.88864e+15
1.19586e+16
9.4581e+15
5.40415e+15
3.78137e+15
1.76637e+15
1.40149e+15
2.36165e+15
1.59267e+15
4.56848e+14
4.07643e+14
4.9899e+14
1.64682e+14
5.54432e+13
7.16195e+13
1.35738e+14
4.72128e+13
3.67646e+14
3.52497e+14
2.58373e+14
2.30483e+14
3.77051e+14
2.46308e+14
8.10802e+13
9.39369e+13
2.59438e+14
4.23289e+14
4.24753e+14
4.26441e+14
4.31351e+14
5.34934e+14
2.50775e+14
3.532e+14
7.08202e+14
5.28332e+14
5.38185e+14
5.69915e+14
9.61508e+14
4.42729e+14
7.51497e+14
7.83441e+14
1.20348e+15
1.25796e+15
6.31161e+15
9.3282e+15
1.08604e+16
1.01422e+16
1.2472e+16
1.28193e+16
1.20686e+16
1.3638e+16
1.13839e+16
1.01182e+16
7.88894e+15
5.34286e+15
5.0044e+15
3.39104e+15
3.69233e+15
2.35874e+15
1.88168e+15
2.76525e+15
2.49452e+15
3.18129e+15
3.53135e+15
5.63579e+15
7.02263e+15
8.54138e+15
8.53195e+15
9.93232e+15
1.6084e+16
1.47212e+16
2.10527e+16
1.8689e+16
1.91681e+16
1.7358e+16
1.71473e+16
2.15475e+16
1.95959e+16
1.83774e+16
2.05552e+16
1.63544e+16
1.62821e+16
1.02771e+16
4.67222e+15
2.76365e+15
2.68348e+15
1.80118e+15
2.22731e+15
4.94059e+14
1.61485e+15
7.51561e+14
1.70213e+15
9.09875e+14
1.8106e+15
1.35901e+15
4.69543e+15
2.62063e+15
5.73771e+15
7.33463e+15
1.0835e+16
8.86824e+15
1.44387e+16
8.7063e+15
1.76097e+16
1.44337e+16
2.62481e+16
2.12997e+16
3.69196e+16
2.73707e+16
5.39712e+16
4.15839e+16
5.98009e+16
4.91475e+16
8.33115e+16
7.02852e+16
1.15168e+17
9.90899e+16
1.33378e+17
1.13626e+17
1.68974e+17
1.55471e+17
2.59616e+17
2.12638e+17
3.90405e+17
3.12108e+17
5.85221e+17
5.04459e+17
9.64668e+17
8.69573e+17
1.99814e+18
2.00796e+18
9.43797e+18
1.6018e+19
7.88518e+19
1.13488e+20
1.87863e+19
1.0578e+19
2.56387e+18
1.41958e+18
6.44381e+17
4.11454e+17
2.55095e+17
1.90973e+17
1.34617e+17
1.07497e+17
8.99914e+16
5.80083e+16
5.96883e+16
4.2851e+16
3.41262e+16
2.66646e+16
2.44384e+16
1.75978e+16
2.53384e+16
1.77543e+16
1.11718e+16
1.14602e+16
1.22451e+16
7.84574e+15
7.07743e+15
6.86059e+15
6.56988e+15
4.32772e+15
6.57399e+15
4.25529e+15
3.04647e+15
2.27309e+15
1.03396e+15
9.02274e+14
2.85655e+15
1.94873e+15
9.27687e+14
1.07337e+15
3.20985e+15
2.14276e+15
3.268e+15
1.3226e+15
1.67739e+15
8.46763e+14
2.87135e+15
1.83718e+15
9.33714e+14
7.86543e+14
3.22632e+15
1.96651e+15
7.89797e+15
8.36857e+15
1.08787e+16
1.16257e+16
1.45275e+16
1.21655e+16
1.45429e+16
1.38936e+16
1.32888e+16
1.15518e+16
7.84323e+15
5.28677e+15
2.79284e+15
1.67419e+15
2.46456e+15
2.0261e+15
1.20808e+15
9.29353e+14
7.35453e+14
3.75501e+14
2.25312e+14
5.05611e+13
1.64112e+14
5.72411e+13
3.92328e+14
3.68773e+14
2.91157e+14
2.52976e+14
4.19588e+14
3.57169e+14
2.22439e+14
1.54016e+14
3.35855e+14
4.44708e+14
5.20107e+14
4.73587e+14
6.63226e+14
8.58403e+14
2.55002e+14
4.67679e+14
7.86839e+14
8.04772e+14
6.07809e+14
5.77044e+14
7.08059e+14
4.67834e+14
8.00318e+14
8.48111e+14
1.68473e+15
1.48273e+15
5.66396e+15
1.09831e+16
1.29484e+16
1.21007e+16
1.43231e+16
1.3939e+16
1.37164e+16
1.44128e+16
1.23661e+16
1.1294e+16
8.10922e+15
5.56786e+15
4.24521e+15
3.59168e+15
4.27902e+15
2.37021e+15
3.07671e+15
3.13391e+15
2.50549e+15
4.12968e+15
4.54782e+15
5.38618e+15
9.79292e+15
1.194e+16
1.14393e+16
1.2925e+16
2.17473e+16
2.09101e+16
2.43008e+16
2.53844e+16
2.62571e+16
2.05303e+16
2.41893e+16
2.81901e+16
3.02892e+16
2.69451e+16
3.52786e+16
2.88991e+16
3.58541e+16
2.64311e+16
3.01043e+16
1.42146e+16
2.68528e+16
1.05588e+16
1.33479e+16
5.35792e+15
1.17882e+16
5.27444e+15
1.04057e+16
5.67374e+15
1.567e+16
1.18144e+16
2.05928e+16
1.07606e+16
2.01621e+16
2.10338e+16
3.48854e+16
2.99077e+16
3.94624e+16
3.05915e+16
6.59819e+16
4.10217e+16
6.22768e+16
5.27794e+16
7.91378e+16
7.78539e+16
1.29055e+17
9.5587e+16
1.54739e+17
1.13565e+17
2.02021e+17
1.70126e+17
2.50133e+17
2.13328e+17
3.18921e+17
2.6238e+17
4.40125e+17
3.85803e+17
6.04948e+17
5.38925e+17
9.14875e+17
7.64419e+17
1.37296e+18
1.29092e+18
2.25604e+18
2.13616e+18
4.40719e+18
4.80718e+18
1.63659e+19
2.51383e+19
7.94514e+19
1.04094e+20
1.4164e+19
8.25093e+18
2.96531e+18
1.88647e+18
8.58295e+17
5.82182e+17
3.94184e+17
2.75214e+17
2.24262e+17
1.59071e+17
1.35949e+17
1.15981e+17
8.39627e+16
6.81312e+16
6.92187e+16
5.22639e+16
4.55854e+16
4.10833e+16
3.54664e+16
2.35654e+16
2.09429e+16
1.78717e+16
2.19227e+16
1.20012e+16
1.18199e+16
9.4766e+15
9.68611e+15
8.2325e+15
7.92766e+15
7.23685e+15
3.90839e+15
3.84917e+15
3.96105e+15
3.28038e+15
8.26398e+15
4.25848e+15
4.40452e+15
3.77935e+15
3.06696e+15
3.92938e+15
4.63666e+15
3.80133e+15
3.09673e+15
3.18615e+15
3.47444e+15
2.71969e+15
2.93374e+15
3.15714e+15
5.96111e+15
4.85944e+15
1.23726e+16
1.11033e+16
1.74728e+16
1.77066e+16
2.06536e+16
1.73327e+16
1.84961e+16
1.78878e+16
1.51039e+16
1.35208e+16
8.78429e+15
6.50612e+15
4.14082e+15
5.17054e+15
4.15759e+15
2.87238e+15
1.42394e+15
9.81124e+14
7.03121e+14
3.81551e+14
2.49669e+14
2.00488e+14
1.58576e+14
7.23939e+13
6.07022e+14
4.7321e+14
2.98311e+14
2.38782e+14
7.7387e+14
3.5735e+14
2.37569e+14
2.33213e+14
3.68195e+14
7.16088e+14
6.38482e+14
5.48002e+14
6.96243e+14
8.88184e+14
5.94025e+14
6.02354e+14
7.418e+14
7.0425e+14
6.29381e+14
5.79212e+14
8.45694e+14
5.09639e+14
8.84433e+14
1.06818e+15
1.31673e+15
2.53661e+15
6.37543e+15
1.12407e+16
1.59948e+16
1.52782e+16
1.56801e+16
1.77916e+16
1.63254e+16
1.62013e+16
1.37438e+16
1.17817e+16
9.14462e+15
6.63878e+15
6.78991e+15
4.3633e+15
6.12785e+15
3.60586e+15
3.06591e+15
4.1308e+15
3.31843e+15
4.06444e+15
6.39873e+15
6.20885e+15
1.16151e+16
1.51113e+16
1.57251e+16
1.5823e+16
2.44456e+16
2.62957e+16
3.03704e+16
2.97189e+16
3.19629e+16
2.68529e+16
3.41287e+16
3.71056e+16
4.63137e+16
3.79838e+16
5.56106e+16
5.45247e+16
8.04418e+16
6.80777e+16
1.17403e+17
8.08891e+16
1.39087e+17
9.13211e+16
7.6366e+16
4.74314e+16
7.70163e+16
4.2959e+16
6.21821e+16
3.29814e+16
6.62126e+16
4.62134e+16
7.21684e+16
5.49799e+16
7.05088e+16
6.1294e+16
1.01855e+17
6.49819e+16
1.13174e+17
9.06082e+16
1.56548e+17
1.45045e+17
1.76171e+17
1.24653e+17
2.2096e+17
1.7192e+17
2.60731e+17
2.2194e+17
3.39898e+17
2.93257e+17
4.17659e+17
3.6975e+17
5.55883e+17
5.0587e+17
7.26081e+17
6.20815e+17
9.53304e+17
8.44876e+17
1.27521e+18
1.14972e+18
1.85989e+18
1.71718e+18
2.74113e+18
2.55334e+18
4.33254e+18
4.15524e+18
7.72588e+18
8.53607e+18
2.30906e+19
3.33537e+19
7.11963e+19
8.8591e+19
1.12963e+19
6.48375e+18
2.75927e+18
2.00093e+18
1.13205e+18
8.37127e+17
5.64486e+17
4.08061e+17
3.08436e+17
2.33709e+17
1.83338e+17
1.34729e+17
1.20235e+17
1.00209e+17
9.38141e+16
7.90505e+16
5.58202e+16
4.10066e+16
4.7752e+16
3.61654e+16
4.32751e+16
3.50204e+16
2.13739e+16
1.80898e+16
1.51013e+16
1.08753e+16
1.37428e+16
1.43275e+16
1.36108e+16
1.04114e+16
1.58718e+16
1.06298e+16
1.22026e+16
9.99261e+15
1.35054e+16
9.4101e+15
5.70286e+15
5.52441e+15
6.70632e+15
4.92896e+15
7.04662e+15
5.47529e+15
6.51154e+15
8.3473e+15
6.58779e+15
4.7336e+15
7.68558e+15
5.14619e+15
1.04543e+16
1.13551e+16
1.92615e+16
1.86035e+16
2.59674e+16
2.55216e+16
2.61276e+16
2.41441e+16
2.45259e+16
2.23308e+16
1.97883e+16
1.72191e+16
1.10834e+16
8.51893e+15
6.08993e+15
5.87059e+15
4.99255e+15
4.07906e+15
1.69798e+15
1.4894e+15
8.63968e+14
5.58492e+14
3.20312e+14
2.19953e+14
1.80475e+14
1.07415e+14
5.82526e+14
8.01317e+14
3.84352e+14
2.48526e+14
1.04732e+15
7.67148e+14
3.82578e+14
6.39282e+14
5.60973e+14
1.35736e+15
1.29426e+15
9.35271e+14
7.16998e+14
1.05987e+15
7.62899e+14
1.05333e+15
7.75546e+14
6.16887e+14
7.35904e+14
5.69511e+14
9.89144e+14
1.21912e+15
1.1255e+15
1.12056e+15
1.49868e+15
1.79712e+15
9.23302e+15
1.25354e+16
1.83889e+16
1.60954e+16
1.83927e+16
2.07122e+16
1.96369e+16
1.81381e+16
1.4241e+16
1.42742e+16
1.06242e+16
8.27526e+15
8.40604e+15
6.00652e+15
6.47505e+15
4.36446e+15
3.66683e+15
3.7345e+15
3.55492e+15
3.86091e+15
8.22447e+15
7.98875e+15
1.20405e+16
1.44219e+16
1.86315e+16
1.86285e+16
2.94805e+16
3.1794e+16
3.77755e+16
3.65658e+16
3.78008e+16
3.81559e+16
4.40253e+16
4.81887e+16
6.51294e+16
5.73654e+16
8.14947e+16
8.66077e+16
1.54614e+17
1.38769e+17
2.5101e+17
2.20569e+17
3.50187e+17
2.68753e+17
2.14531e+17
1.6207e+17
2.38476e+17
1.59952e+17
2.0527e+17
1.32414e+17
1.99496e+17
1.45848e+17
2.09796e+17
1.5554e+17
2.32252e+17
1.68199e+17
2.64657e+17
2.01536e+17
3.08288e+17
2.40956e+17
3.41178e+17
3.06779e+17
4.22867e+17
3.39929e+17
4.93626e+17
4.29653e+17
5.67596e+17
4.85574e+17
6.78106e+17
5.9088e+17
8.49738e+17
7.76735e+17
1.10791e+18
1.00761e+18
1.34835e+18
1.21318e+18
1.72715e+18
1.59721e+18
2.32008e+18
2.12525e+18
3.20076e+18
3.00708e+18
4.48909e+18
4.42961e+18
6.69717e+18
6.96832e+18
1.15339e+19
1.30849e+19
2.76066e+19
3.74578e+19
6.34536e+19
7.54953e+19
9.18843e+18
5.19049e+18
2.73132e+18
2.03282e+18
1.23868e+18
1.0122e+18
6.11346e+17
5.20584e+17
3.51436e+17
3.18239e+17
2.5109e+17
2.09048e+17
1.54887e+17
1.28589e+17
1.06857e+17
1.06902e+17
8.73732e+16
6.47332e+16
6.51309e+16
6.1232e+16
5.51602e+16
4.28408e+16
2.62048e+16
2.23686e+16
2.84943e+16
2.21321e+16
2.75778e+16
2.26181e+16
2.4638e+16
2.13811e+16
2.57743e+16
2.13216e+16
1.40213e+16
1.22202e+16
1.51596e+16
1.18294e+16
1.28734e+16
1.00959e+16
1.3697e+16
1.00624e+16
1.13908e+16
9.67353e+15
1.77922e+16
1.17816e+16
1.32236e+16
1.20454e+16
1.26879e+16
9.48264e+15
1.60141e+16
2.03403e+16
3.18687e+16
2.97366e+16
3.5013e+16
3.54018e+16
3.55108e+16
3.15976e+16
3.64786e+16
3.12331e+16
2.2272e+16
1.89517e+16
1.66568e+16
1.10901e+16
1.0536e+16
7.13535e+15
6.06329e+15
4.3302e+15
3.10581e+15
1.98688e+15
1.29521e+15
7.29493e+14
3.19121e+14
2.2472e+14
2.66541e+14
1.95029e+14
5.84012e+14
8.52842e+14
7.46409e+14
1.00702e+15
1.02206e+15
9.56014e+14
5.297e+14
9.46859e+14
5.06286e+14
1.31773e+15
2.80517e+15
1.57203e+15
1.03402e+15
1.20834e+15
8.90605e+14
1.67525e+15
1.09221e+15
5.55025e+14
1.01114e+15
5.99012e+14
1.00005e+15
1.33521e+15
1.60179e+15
1.24307e+15
1.57907e+15
4.37207e+15
1.14162e+16
1.58254e+16
1.98144e+16
1.94287e+16
1.72334e+16
1.99582e+16
2.05066e+16
1.94193e+16
1.47844e+16
1.50308e+16
1.13025e+16
8.26555e+15
7.00432e+15
8.00143e+15
8.02116e+15
6.20673e+15
3.2321e+15
3.47913e+15
3.42398e+15
3.66951e+15
9.56673e+15
1.08443e+16
1.46895e+16
1.65697e+16
2.15551e+16
1.98962e+16
3.55797e+16
3.72252e+16
4.73281e+16
4.79064e+16
4.66813e+16
4.48721e+16
6.13558e+16
5.9738e+16
8.51886e+16
7.49832e+16
1.05276e+17
1.21197e+17
2.44043e+17
2.22939e+17
3.93639e+17
3.70681e+17
5.73858e+17
4.9888e+17
4.51235e+17
3.89253e+17
4.73274e+17
4.12539e+17
4.782e+17
3.48453e+17
4.95053e+17
3.87165e+17
4.96501e+17
3.8576e+17
4.62338e+17
4.25488e+17
5.47676e+17
4.44754e+17
5.66221e+17
5.13527e+17
6.81988e+17
5.93352e+17
7.46822e+17
7.2008e+17
8.03298e+17
7.59336e+17
9.48517e+17
8.41908e+17
1.21254e+18
1.12485e+18
1.39875e+18
1.30224e+18
1.80728e+18
1.67799e+18
2.0814e+18
1.99427e+18
2.77757e+18
2.49673e+18
3.40772e+18
3.28222e+18
4.44063e+18
4.51363e+18
6.34102e+18
6.40781e+18
8.94231e+18
9.60261e+18
1.47789e+19
1.71941e+19
2.97695e+19
3.87596e+19
5.38203e+19
6.23433e+19
9.31889e+18
5.31155e+18
2.33987e+18
1.97026e+18
1.14163e+18
9.14582e+17
6.61878e+17
5.39131e+17
4.39068e+17
3.67107e+17
2.81702e+17
2.24324e+17
2.01075e+17
1.77106e+17
1.32201e+17
1.17853e+17
1.00555e+17
7.78244e+16
7.74512e+16
5.40379e+16
6.13872e+16
5.56323e+16
5.70002e+16
4.7015e+16
4.45753e+16
3.06785e+16
2.90466e+16
2.95924e+16
3.25512e+16
3.06459e+16
3.4695e+16
2.94286e+16
2.4575e+16
2.39572e+16
2.75632e+16
2.27e+16
1.83491e+16
1.70996e+16
1.94294e+16
1.80896e+16
3.0078e+16
2.53281e+16
3.04197e+16
1.99126e+16
2.20041e+16
1.63372e+16
2.10598e+16
2.10133e+16
2.92568e+16
3.0322e+16
4.30235e+16
4.40053e+16
4.66376e+16
4.49001e+16
4.2295e+16
3.83357e+16
4.26797e+16
3.97325e+16
2.46115e+16
2.17734e+16
2.19546e+16
1.60505e+16
1.19319e+16
8.35845e+15
6.8594e+15
4.7158e+15
3.83245e+15
3.5201e+15
9.02301e+14
6.79339e+14
3.20409e+14
2.25354e+14
2.58215e+14
2.12668e+14
9.50663e+14
1.19336e+15
1.02886e+15
9.34317e+14
1.03656e+15
9.11123e+14
7.13046e+14
9.81872e+14
1.02189e+15
1.13612e+15
4.04718e+15
2.68513e+15
1.48037e+15
1.14255e+15
1.0623e+15
2.48561e+15
9.53934e+14
7.76199e+14
1.11174e+15
6.93072e+14
9.87201e+14
1.77642e+15
1.28591e+15
1.32939e+15
1.62322e+15
1.49233e+15
1.32953e+16
1.66716e+16
2.10161e+16
2.05169e+16
1.96648e+16
2.04007e+16
2.24637e+16
2.11855e+16
1.58111e+16
1.64787e+16
1.43281e+16
9.11991e+15
7.12712e+15
6.11781e+15
7.85744e+15
7.05131e+15
3.2043e+15
3.19395e+15
3.93457e+15
3.57759e+15
1.12812e+16
1.82161e+16
1.63588e+16
1.90238e+16
3.20204e+16
2.57108e+16
4.03495e+16
4.46786e+16
5.5908e+16
5.62541e+16
5.89174e+16
5.45257e+16
7.29785e+16
7.92332e+16
1.0232e+17
9.85861e+16
1.46642e+17
1.58347e+17
2.9795e+17
2.97695e+17
5.28263e+17
5.20659e+17
7.28974e+17
7.20163e+17
7.87463e+17
6.91256e+17
7.58826e+17
6.93184e+17
8.38829e+17
7.39944e+17
8.17405e+17
6.87697e+17
7.77471e+17
6.8129e+17
7.90069e+17
7.32083e+17
8.22633e+17
7.29091e+17
9.24635e+17
8.26778e+17
1.04183e+18
9.97001e+17
1.15038e+18
1.07813e+18
1.23125e+18
1.23842e+18
1.42575e+18
1.37566e+18
1.69517e+18
1.66083e+18
2.0532e+18
1.93081e+18
2.39509e+18
2.35133e+18
2.93354e+18
2.86691e+18
3.64488e+18
3.57013e+18
4.53769e+18
4.57717e+18
5.62865e+18
5.90178e+18
7.60026e+18
7.98476e+18
1.09113e+19
1.16806e+19
1.6752e+19
1.94699e+19
3.03248e+19
3.72475e+19
4.72966e+19
5.33716e+19
7.46359e+18
5.15884e+18
2.10898e+18
1.78802e+18
1.0921e+18
9.54221e+17
7.46375e+17
5.97314e+17
5.11028e+17
4.15584e+17
3.28262e+17
2.69028e+17
2.32475e+17
1.77832e+17
1.48042e+17
1.45434e+17
1.04888e+17
9.3886e+16
1.04465e+17
7.32521e+16
7.05741e+16
6.12226e+16
7.14619e+16
5.68325e+16
5.34743e+16
4.81173e+16
5.04859e+16
4.34915e+16
4.08977e+16
3.95152e+16
3.42187e+16
3.30804e+16
2.84625e+16
2.65378e+16
2.22918e+16
2.78336e+16
2.79177e+16
1.96069e+16
3.44776e+16
3.33268e+16
3.00951e+16
3.10264e+16
3.83122e+16
3.61587e+16
4.06799e+16
3.06485e+16
3.57923e+16
3.70755e+16
4.31015e+16
4.0804e+16
5.76561e+16
5.74967e+16
5.74342e+16
5.34108e+16
5.2607e+16
4.61663e+16
5.38404e+16
4.78839e+16
2.91039e+16
2.67067e+16
2.58748e+16
2.24673e+16
1.30893e+16
9.37057e+15
1.29785e+16
7.06077e+15
4.74979e+15
3.46963e+15
9.18027e+14
5.48526e+14
4.09904e+14
2.52009e+14
1.06222e+15
2.26343e+14
9.07286e+14
1.1595e+15
1.17252e+15
8.61468e+14
1.40574e+15
9.96421e+14
1.03757e+15
2.25937e+15
1.75751e+15
2.5969e+15
4.79172e+15
3.86861e+15
1.56724e+15
1.27287e+15
1.69098e+15
3.70227e+15
1.06364e+15
7.63745e+14
1.3104e+15
9.86178e+14
1.22939e+15
2.1291e+15
1.46068e+15
1.26432e+15
1.7075e+15
2.16514e+15
1.38074e+16
1.85986e+16
2.26819e+16
2.25247e+16
2.10013e+16
2.38155e+16
2.28376e+16
2.04414e+16
1.70286e+16
1.81414e+16
1.31168e+16
1.14274e+16
8.25417e+15
6.45898e+15
8.10648e+15
4.77907e+15
3.16948e+15
3.13512e+15
4.50051e+15
6.64064e+15
1.18488e+16
1.91545e+16
2.31183e+16
2.16613e+16
3.89969e+16
3.48735e+16
4.67394e+16
5.42381e+16
6.53555e+16
6.76003e+16
7.28356e+16
6.4876e+16
8.88673e+16
8.82747e+16
1.30858e+17
1.25672e+17
1.81099e+17
1.97433e+17
3.56184e+17
3.80414e+17
6.50157e+17
6.58935e+17
8.88308e+17
9.52097e+17
1.00958e+18
9.68506e+17
1.08065e+18
9.53331e+17
1.10702e+18
1.04364e+18
1.15467e+18
1.06536e+18
1.15183e+18
1.04818e+18
1.12875e+18
1.01575e+18
1.13233e+18
1.05832e+18
1.20319e+18
1.22123e+18
1.37595e+18
1.29943e+18
1.46435e+18
1.4274e+18
1.70867e+18
1.66275e+18
2.10387e+18
1.91604e+18
2.13569e+18
2.10339e+18
2.54082e+18
2.69388e+18
3.09796e+18
3.00761e+18
3.59051e+18
3.62042e+18
4.31452e+18
4.32921e+18
5.36743e+18
5.56833e+18
6.83507e+18
7.03301e+18
8.88832e+18
9.32135e+18
1.19603e+19
1.34347e+19
1.8135e+19
2.09508e+19
2.94827e+19
3.5559e+19
4.17081e+19
4.73944e+19
6.32475e+18
4.24535e+18
1.83686e+18
1.68906e+18
1.111e+18
9.49077e+17
6.97298e+17
6.18908e+17
4.94864e+17
4.74766e+17
3.23831e+17
2.9011e+17
2.19306e+17
1.89052e+17
1.49297e+17
1.31085e+17
1.15645e+17
1.08235e+17
1.19121e+17
8.53489e+16
8.90058e+16
7.39598e+16
6.15181e+16
5.37303e+16
6.0423e+16
5.84222e+16
5.88269e+16
5.27759e+16
6.09427e+16
4.80221e+16
4.15413e+16
5.29564e+16
4.66806e+16
3.83004e+16
4.23242e+16
3.86728e+16
3.87629e+16
3.29676e+16
4.35013e+16
4.63463e+16
5.0086e+16
4.20413e+16
5.15919e+16
5.15649e+16
5.20115e+16
4.70954e+16
5.48171e+16
5.86161e+16
6.05615e+16
5.87442e+16
7.02569e+16
6.9033e+16
6.79849e+16
5.81402e+16
5.99899e+16
6.09377e+16
6.34251e+16
5.06889e+16
3.80335e+16
2.89012e+16
3.12949e+16
2.39904e+16
2.00814e+16
1.81443e+16
1.49334e+16
8.13408e+15
5.93626e+15
2.69569e+15
2.55898e+15
1.06217e+15
1.08494e+15
1.18597e+15
9.29152e+14
3.32233e+14
8.60733e+14
1.265e+15
1.99556e+15
1.55381e+15
3.24608e+15
3.84895e+15
2.82104e+15
2.40482e+15
4.89911e+15
3.99542e+15
6.97624e+15
6.71894e+15
2.42328e+15
2.7171e+15
2.04931e+15
3.95835e+15
1.23226e+15
8.02882e+14
1.71443e+15
1.34029e+15
1.20889e+15
2.35834e+15
1.29741e+15
2.29296e+15
2.5534e+15
3.22685e+15
1.60292e+16
2.29864e+16
2.32311e+16
2.66394e+16
2.21612e+16
3.21945e+16
2.25134e+16
2.19774e+16
1.83368e+16
1.82485e+16
1.50618e+16
1.28157e+16
8.6933e+15
7.2504e+15
7.83159e+15
4.60565e+15
3.71097e+15
3.60783e+15
7.53696e+15
4.63923e+15
1.77144e+16
2.37377e+16
2.99449e+16
2.79349e+16
4.30269e+16
4.70398e+16
5.89168e+16
5.5346e+16
8.08053e+16
7.72705e+16
9.06603e+16
8.14737e+16
9.92044e+16
1.05958e+17
1.54831e+17
1.53177e+17
2.06248e+17
2.28554e+17
4.18097e+17
4.50106e+17
7.30398e+17
8.01612e+17
1.05539e+18
1.14041e+18
1.26998e+18
1.17903e+18
1.30649e+18
1.24229e+18
1.44259e+18
1.34826e+18
1.27875e+18
1.31587e+18
1.472e+18
1.31247e+18
1.43475e+18
1.36386e+18
1.49814e+18
1.47972e+18
1.59512e+18
1.50213e+18
1.78947e+18
1.63145e+18
1.80254e+18
1.83535e+18
2.08348e+18
2.07596e+18
2.37223e+18
2.40808e+18
2.61633e+18
2.56686e+18
2.94109e+18
3.13597e+18
3.71316e+18
3.59747e+18
4.0969e+18
4.06331e+18
5.03285e+18
5.03311e+18
6.19979e+18
6.55259e+18
7.63822e+18
8.03773e+18
9.78109e+18
1.03721e+19
1.29626e+19
1.42647e+19
1.89218e+19
2.17786e+19
2.8782e+19
3.33186e+19
3.7944e+19
4.35842e+19
6.77594e+18
4.18485e+18
1.49417e+18
1.26801e+18
9.71389e+17
8.32296e+17
5.42066e+17
5.00719e+17
4.35682e+17
3.48219e+17
2.65568e+17
2.78896e+17
2.45885e+17
2.02695e+17
2.12447e+17
1.85838e+17
1.61218e+17
1.33726e+17
1.13903e+17
9.82419e+16
1.06596e+17
9.59453e+16
9.67473e+16
7.55731e+16
8.90143e+16
7.25058e+16
7.26423e+16
6.52241e+16
6.45288e+16
6.33186e+16
6.98037e+16
6.68503e+16
6.4328e+16
6.47899e+16
4.96619e+16
4.52682e+16
5.59037e+16
4.69299e+16
6.30265e+16
5.67937e+16
8.22151e+16
6.13213e+16
7.80733e+16
6.50216e+16
7.82739e+16
6.48523e+16
6.60293e+16
6.48753e+16
7.47171e+16
7.33298e+16
8.44862e+16
8.18975e+16
8.04459e+16
7.16782e+16
7.62321e+16
6.76474e+16
7.3016e+16
5.6848e+16
4.35788e+16
3.87278e+16
3.93922e+16
2.83419e+16
2.4029e+16
2.24651e+16
1.89567e+16
1.23408e+16
1.30983e+16
6.46901e+15
6.33863e+15
3.16317e+15
1.10477e+15
1.47484e+15
1.16864e+15
4.65018e+14
8.54448e+14
1.24676e+15
2.40972e+15
3.50577e+15
5.86036e+15
3.18401e+15
5.96291e+15
4.71291e+15
6.14119e+15
5.35021e+15
9.3875e+15
8.3449e+15
3.10759e+15
2.568e+15
3.89202e+15
4.27949e+15
9.8503e+14
7.9406e+14
1.7371e+15
1.00448e+15
1.28586e+15
2.26774e+15
1.56911e+15
2.66558e+15
4.73933e+15
3.65278e+15
1.93918e+16
2.99007e+16
2.45218e+16
2.49634e+16
2.37093e+16
3.62371e+16
2.41018e+16
2.20242e+16
1.78564e+16
1.92053e+16
1.66141e+16
1.40891e+16
9.37409e+15
7.5691e+15
7.10135e+15
4.12109e+15
4.59364e+15
4.05926e+15
7.82376e+15
9.32022e+15
2.20572e+16
3.04371e+16
3.86382e+16
3.20268e+16
4.67033e+16
5.18901e+16
7.41743e+16
6.27594e+16
9.63107e+16
8.97668e+16
9.90501e+16
9.77917e+16
1.13307e+17
1.27557e+17
1.70328e+17
1.80082e+17
2.45761e+17
2.81186e+17
4.41909e+17
5.3166e+17
8.14717e+17
9.22347e+17
1.15207e+18
1.22751e+18
1.44424e+18
1.46455e+18
1.4519e+18
1.53386e+18
1.59616e+18
1.55004e+18
1.64323e+18
1.56659e+18
1.58102e+18
1.60507e+18
1.64252e+18
1.56925e+18
1.75048e+18
1.68567e+18
1.93179e+18
1.91254e+18
2.14451e+18
2.05124e+18
2.19529e+18
2.11717e+18
2.53752e+18
2.4753e+18
2.69093e+18
2.82051e+18
3.01932e+18
3.08185e+18
3.48492e+18
3.50496e+18
3.94409e+18
4.22177e+18
4.52931e+18
4.74564e+18
5.52247e+18
5.67057e+18
6.6311e+18
6.86729e+18
8.09639e+18
8.449e+18
1.00877e+19
1.1068e+19
1.33343e+19
1.46359e+19
1.86299e+19
2.1559e+19
2.72409e+19
3.13233e+19
3.45516e+19
3.93498e+19
5.8264e+18
4.05922e+18
1.27366e+18
1.15088e+18
8.62591e+17
7.50311e+17
5.47068e+17
4.54845e+17
4.28021e+17
3.41824e+17
3.07888e+17
3.1466e+17
2.75326e+17
2.33161e+17
1.76698e+17
1.86667e+17
1.83126e+17
1.562e+17
1.22987e+17
1.13908e+17
1.0578e+17
9.42468e+16
1.05196e+17
9.22054e+16
9.73722e+16
8.74345e+16
8.85797e+16
7.07543e+16
6.89859e+16
6.24079e+16
8.63649e+16
6.27802e+16
6.86889e+16
6.32051e+16
9.11407e+16
6.81449e+16
7.56005e+16
7.688e+16
8.92953e+16
7.75352e+16
7.66147e+16
8.58633e+16
6.99237e+16
6.87632e+16
8.61442e+16
8.15984e+16
8.45621e+16
7.36171e+16
9.00571e+16
8.75246e+16
9.80606e+16
9.08949e+16
9.30538e+16
8.05115e+16
8.73561e+16
8.0557e+16
8.28512e+16
5.90593e+16
5.48153e+16
5.53757e+16
4.84139e+16
3.39611e+16
3.14745e+16
2.97965e+16
2.60195e+16
2.27968e+16
2.50739e+16
1.53608e+16
6.74044e+15
2.76084e+15
3.16346e+15
3.36531e+15
2.64021e+15
2.19036e+15
2.39825e+15
1.38476e+15
3.24536e+15
2.47916e+15
7.80382e+15
4.05602e+15
8.54066e+15
5.93117e+15
9.20253e+15
8.03697e+15
1.24417e+16
9.62801e+15
4.40407e+15
3.60411e+15
3.66934e+15
4.88789e+15
1.43214e+15
1.0749e+15
2.05891e+15
1.2672e+15
1.16375e+15
2.20569e+15
1.43999e+15
1.3611e+15
9.61901e+15
8.32349e+15
1.98549e+16
3.15188e+16
2.67831e+16
2.55282e+16
2.45423e+16
2.94914e+16
2.64701e+16
2.28183e+16
1.84867e+16
1.93408e+16
1.61944e+16
1.3776e+16
9.44701e+15
7.18662e+15
7.66214e+15
4.82933e+15
8.31493e+15
5.76293e+15
9.01316e+15
1.21228e+16
2.62345e+16
3.42304e+16
5.37044e+16
3.39395e+16
5.04378e+16
6.07761e+16
8.0619e+16
7.86458e+16
9.97e+16
9.39643e+16
1.15099e+17
1.20234e+17
1.31267e+17
1.45351e+17
1.94331e+17
1.93259e+17
2.81862e+17
3.19618e+17
4.53382e+17
5.75319e+17
8.33031e+17
9.38621e+17
1.26159e+18
1.26281e+18
1.48119e+18
1.65071e+18
1.6636e+18
1.65724e+18
1.82606e+18
1.71689e+18
1.76183e+18
1.69811e+18
1.66622e+18
1.66914e+18
1.84858e+18
1.73474e+18
1.91386e+18
1.894e+18
2.11702e+18
2.1322e+18
2.24404e+18
2.42475e+18
2.48169e+18
2.39153e+18
2.66403e+18
2.8127e+18
2.83363e+18
3.06219e+18
3.31772e+18
3.40823e+18
3.70462e+18
3.77632e+18
4.20002e+18
4.45282e+18
4.94538e+18
4.99759e+18
5.80266e+18
6.05917e+18
6.78267e+18
7.20683e+18
8.33738e+18
8.9543e+18
1.02684e+19
1.13761e+19
1.36983e+19
1.50899e+19
1.85239e+19
2.12716e+19
2.61596e+19
2.91377e+19
3.14452e+19
3.5466e+19
4.22803e+18
3.02619e+18
1.21182e+18
1.01072e+18
7.37041e+17
6.09051e+17
5.3142e+17
4.51275e+17
3.86945e+17
3.81138e+17
2.88761e+17
3.02268e+17
2.07189e+17
2.16524e+17
1.5042e+17
1.7048e+17
1.63258e+17
1.26174e+17
1.02329e+17
9.2174e+16
1.09471e+17
9.57055e+16
9.81293e+16
1.22387e+17
8.89547e+16
6.76378e+16
8.29711e+16
1.02818e+17
9.11616e+16
9.25585e+16
9.19289e+16
1.01649e+17
8.78445e+16
7.38169e+16
1.16375e+17
9.47403e+16
1.08081e+17
9.73233e+16
8.20093e+16
8.74614e+16
9.78492e+16
8.90109e+16
8.60722e+16
8.82088e+16
9.62095e+16
9.3344e+16
9.53374e+16
8.82479e+16
1.03062e+17
1.0352e+17
1.0718e+17
1.03745e+17
9.55413e+16
9.66742e+16
9.84927e+16
8.79827e+16
7.94028e+16
6.66859e+16
6.40838e+16
5.69193e+16
5.10862e+16
4.25619e+16
3.00227e+16
3.22912e+16
3.39944e+16
3.4264e+16
2.38152e+16
2.33251e+16
1.22458e+16
6.76704e+15
3.51563e+15
5.84915e+15
3.59754e+15
3.95973e+15
3.69692e+15
2.07519e+15
4.47179e+15
2.91889e+15
7.41434e+15
1.19817e+16
7.60525e+15
8.46643e+15
9.92452e+15
1.10153e+16
1.56382e+16
1.00051e+16
4.56036e+15
5.57926e+15
3.60419e+15
4.98083e+15
1.34618e+15
7.70055e+14
4.47419e+15
3.9154e+15
1.03385e+15
1.96277e+15
1.56281e+15
2.97981e+15
1.0544e+16
1.77675e+16
2.54373e+16
3.25238e+16
2.80642e+16
2.53073e+16
2.45546e+16
2.95999e+16
2.70143e+16
2.50837e+16
2.01792e+16
2.02457e+16
1.52146e+16
1.371e+16
1.09347e+16
8.64342e+15
9.10991e+15
8.169e+15
1.11597e+16
8.48626e+15
1.3717e+16
2.15287e+16
3.07769e+16
3.69151e+16
6.10118e+16
4.16469e+16
5.36436e+16
6.3049e+16
9.23743e+16
8.66296e+16
1.09211e+17
1.16207e+17
1.31576e+17
1.26321e+17
1.56478e+17
1.59714e+17
2.10587e+17
2.18633e+17
3.03103e+17
3.48691e+17
4.97891e+17
5.71706e+17
8.47432e+17
9.70918e+17
1.28078e+18
1.36892e+18
1.4618e+18
1.59182e+18
1.71497e+18
1.68632e+18
1.84062e+18
1.84315e+18
1.87659e+18
1.79717e+18
1.78564e+18
1.84873e+18
1.90454e+18
1.93302e+18
2.166e+18
2.16723e+18
2.32784e+18
2.26692e+18
2.49704e+18
2.44582e+18
2.6242e+18
2.53943e+18
2.74553e+18
2.93276e+18
3.13648e+18
3.2091e+18
3.30361e+18
3.55757e+18
3.87319e+18
3.79052e+18
4.30369e+18
4.5e+18
4.91615e+18
5.36376e+18
5.93518e+18
6.15867e+18
6.67602e+18
7.13477e+18
8.14531e+18
9.04683e+18
1.01834e+19
1.11362e+19
1.34181e+19
1.48685e+19
1.81258e+19
2.01505e+19
2.50136e+19
2.78288e+19
2.94345e+19
3.24491e+19
2.57918e+18
2.27056e+18
1.02885e+18
1.08584e+18
7.9287e+17
7.50218e+17
4.72516e+17
4.67151e+17
3.81875e+17
3.18814e+17
2.32159e+17
2.1884e+17
2.27909e+17
2.21527e+17
1.29603e+17
1.56814e+17
1.93392e+17
1.89493e+17
1.14533e+17
1.02197e+17
1.23537e+17
8.8263e+16
1.44237e+17
8.62123e+16
1.45083e+17
9.67512e+16
1.06117e+17
8.79624e+16
1.205e+17
1.17202e+17
1.15263e+17
9.62788e+16
1.09111e+17
1.00591e+17
1.37381e+17
1.27358e+17
1.07266e+17
9.33972e+16
1.00294e+17
9.99286e+16
1.01588e+17
1.06469e+17
1.04495e+17
9.98356e+16
1.11672e+17
1.2698e+17
1.10108e+17
1.13732e+17
1.14218e+17
1.32508e+17
1.16842e+17
1.16619e+17
1.03655e+17
1.05217e+17
9.42721e+16
9.97883e+16
7.33254e+16
7.32348e+16
6.68974e+16
6.31701e+16
7.25466e+16
4.68069e+16
3.71019e+16
3.36655e+16
5.83288e+16
5.45457e+16
5.03294e+16
3.4178e+16
3.66051e+16
1.66003e+16
3.95711e+15
5.49308e+15
1.88124e+15
2.1853e+15
5.89426e+15
7.25361e+15
1.7046e+16
5.91842e+15
9.34751e+15
1.34446e+16
1.17337e+16
1.03454e+16
1.20958e+16
1.1732e+16
1.16392e+16
1.17272e+16
4.16915e+15
3.87944e+15
1.73803e+15
4.8914e+15
5.0612e+14
7.32005e+14
2.20572e+15
1.87013e+15
9.43143e+14
1.8312e+15
1.79761e+15
2.31648e+15
9.02664e+15
2.07502e+16
3.12694e+16
3.40781e+16
2.6046e+16
2.58002e+16
2.65632e+16
2.92175e+16
2.60199e+16
2.57579e+16
2.20028e+16
2.07223e+16
1.38833e+16
1.31059e+16
7.38015e+15
7.86548e+15
7.12317e+15
9.89733e+15
1.14089e+16
1.1629e+16
1.08266e+16
2.24971e+16
3.3644e+16
3.38824e+16
6.26856e+16
5.11858e+16
6.82017e+16
7.24771e+16
1.03713e+17
9.42171e+16
1.34185e+17
1.32195e+17
1.52622e+17
1.43034e+17
1.88783e+17
1.75881e+17
2.66613e+17
2.3555e+17
3.76159e+17
3.8668e+17
5.17408e+17
5.77258e+17
8.41146e+17
9.55759e+17
1.22251e+18
1.37061e+18
1.37144e+18
1.60613e+18
1.5674e+18
1.70647e+18
1.78983e+18
1.82182e+18
1.96217e+18
2.03807e+18
1.84081e+18
1.89959e+18
1.96489e+18
2.09983e+18
2.09285e+18
2.2807e+18
2.26122e+18
2.38572e+18
2.54082e+18
2.60937e+18
2.72004e+18
2.93547e+18
2.9805e+18
2.97364e+18
3.11788e+18
3.26957e+18
3.61384e+18
3.50373e+18
3.86391e+18
4.04036e+18
4.40278e+18
4.60089e+18
4.83844e+18
5.24257e+18
5.88374e+18
6.14339e+18
6.78701e+18
6.94623e+18
7.96818e+18
8.71912e+18
1.01784e+19
1.10002e+19
1.30182e+19
1.46686e+19
1.7381e+19
1.92638e+19
2.32375e+19
2.63089e+19
3.05982e+19
3.12692e+19
3.16445e+17
1.09751e+17
4.33656e+15
3.00387e+15
5.65825e+15
3.23858e+16
3.20332e+15
3.21232e+16
7.48988e+15
4.33003e+16
3.41118e+16
2.46751e+17
9.51379e+16
4.73152e+16
1.86271e+17
1.56343e+16
1.11762e+16
1.38006e+16
1.16888e+17
1.19275e+15
1.04791e+17
1.22606e+17
9.43118e+16
5.60538e+16
1.49561e+16
1.80966e+16
2.0373e+16
7.08759e+16
3.84189e+16
7.66289e+15
1.8085e+16
1.06835e+16
1.39731e+16
1.56113e+16
1.68897e+16
2.99329e+16
2.20868e+16
7.20649e+16
3.178e+16
2.60044e+16
5.06804e+15
5.88536e+15
1.20677e+15
6.3865e+14
3.7399e+15
1.15282e+15
1.03554e+16
4.42474e+15
1.74403e+16
