0.177696
0.0761506
0.286494
0.570763
0.0847637
0.0387359
0.0706264
0.040694
0.043428
0.175668
0.219896
0.117147
0.0740752
0.0958065
0.10095
0.083031
0.0929167
0.0642596
0.0940823
0.137043
0.115906
0.0911826
0.0995481
0.176044
0.108248
0.24255
0.100695
0.11664
0.126538
0.120862
0.102947
0.274865
0.147391
0.217313
0.122254
0.119464
0.131092
0.116977
0.128347
0.115371
0.126276
0.133108
0.117323
0.149729
0.119208
0.134957
0.124849
0.108609
0.102408
0.10361
0.120198
0.107202
0.11157
0.158672
0.115386
0.112361
0.119079
0.0986567
0.126823
0.114323
0.339128
0.330573
0.301114
0.150019
0.283295
0.256689
0.0955802
0.0900724
0.358511
0.197549
0.180898
0.308834
0.197264
0.0878992
0.266864
0.0990982
0.189909
0.238358
0.14479
0.268367
0.0995747
0.12552
0.192245
0.145764
0.226836
0.110102
0.236876
0.149184
0.166908
0.119954
0.152921
0.167235
0.12136
0.139447
0.191075
0.183081
0.10117
0.129347
0.191054
0.157605
0.166282
0.119838
0.127482
0.121945
0.130126
0.168232
0.178505
0.123268
0.129064
0.144775
0.112264
0.123889
0.112237
0.109589
0.180176
0.117297
0.117409
0.143873
0.196263
0.109774
0.159225
0.411683
0.161037
0.140257
0.271812
0.0980664
0.159999
0.111762
0.154376
0.167576
0.11846
0.108451
0.103277
0.102424
0.133012
0.186715
0.104653
0.136142
0.257733
0.12769
0.217972
0.0837077
0.156617
0.144868
0.104531
0.13836
0.257358
0.189425
0.205119
0.0847893
0.115391
0.0948958
0.112702
0.0767257
0.101054
0.0953541
0.112723
0.080218
0.269969
0.124882
0.106458
0.117936
0.085368
0.108342
0.203341
0.0935943
0.109963
0.258152
0.125498
0.100115
0.117656
0.124872
0.13309
0.125501
0.100888
0.133486
0.149627
0.212567
0.17703
0.135137
0.109872
0.106448
0.096844
0.115921
0.186476
0.185012
0.204354
0.114816
0.127967
0.142884
0.223314
0.0953979
0.204121
0.125837
0.192656
0.168643
0.169184
0.139735
0.144958
0.206761
0.24519
0.158204
0.126003
0.105955
0.221293
0.164965
0.141414
0.202591
0.135135
0.130801
0.130189
0.094121
0.0897859
0.110256
0.1162
0.169505
0.163833
0.0939842
0.161308
0.128783
0.103805
0.111452
0.100947
0.100768
0.102204
0.0996275
0.097044
0.102846
0.136563
0.0854975
0.149762
0.159582
0.0945685
0.156202
0.107398
0.135915
0.126578
0.116264
0.119806
0.132069
0.117784
0.12847
0.325123
0.105821
0.172671
0.113185
0.100339
0.132997
0.156057
0.222608
0.188126
0.14475
0.0954751
0.081883
0.0836937
0.0991269
0.109994
0.209245
0.0857802
0.121792
0.113436
0.108636
0.109762
0.083088
0.124412
0.139605
0.166565
0.264936
0.194077
0.0955656
0.0993749
0.126723
0.0874036
0.224246
0.115906
0.156175
0.189291
0.162298
0.213863
0.200573
0.184601
0.214717
0.255726
0.274497
0.109958
0.172023
0.244661
0.108815
0.222591
0.113987
0.0901332
0.0854997
0.117914
0.0833801
0.343051
0.27907
0.173399
0.112838
0.130158
0.103782
0.222461
0.106958
0.217997
0.247512
0.249955
0.23393
0.303197
0.130528
0.160504
0.216748
0.278058
0.146658
0.196318
0.144383
0.131102
0.131666
0.193203
0.124887
0.141682
0.191134
0.129344
0.149317
0.0928416
0.0889735
0.0977865
0.0966343
0.0989723
0.0946609
0.0867981
0.0686605
0.258263
0.052959
0.127759
0.121884
0.402495
0.174654
0.169658
0.50194
0.631813
0.684634
0.198703
0.186352
0.202639
0.0611146
0.16429
0.362133
0.436602
0.588585
0.541323
0.550288
0.397894
0.399746
0.310194
0.886431
0.795952
0.453773
0.393233
0.560547
0.4057
0.306431
0.254111
0.220182
0.162757
0.172418
0.274101
0.306296
0.525398
0.165374
0.28742
0.236105
0.312387
0.340139
0.34334
0.230485
0.226894
0.202562
0.177809
0.340973
0.379309
0.110618
0.103595
0.171096
0.127057
0.130128
0.248977
0.0944384
0.0787873
0.0923562
0.126997
0.105439
0.0917936
0.0956989
0.0952419
0.29088
0.0833262
0.0899673
0.0902521
0.0968828
0.0951779
0.0996814
0.0941821
0.0868969
0.0865
0.093032
0.0941529
0.203119
0.205655
0.196237
0.244575
0.0836553
0.0977598
0.0964937
0.0958099
0.0923373
0.0936191
0.0952045
0.287677
0.135027
0.166888
0.156889
0.0978988
0.0993308
0.0986269
0.112651
0.0941335
0.0965047
0.0943351
0.0944403
0.202229
0.167548
0.15925
0.10844
0.167244
0.0967134
0.0959838
0.0922821
0.0951862
0.093706
0.0952801
0.146588
0.0925906
0.0994187
0.0609558
0.115567
0.234527
0.0893573
0.098373
0.0983511
0.372788
0.386008
0.14995
0.29847
0.0547171
0.067675
0.0762105
0.0625205
0.0903295
0.428482
0.525325
0.183787
0.52284
0.255946
0.455176
0.139627
0.144562
0.157211
0.307517
0.264034
0.0930278
0.098414
0.0943467
0.0885335
0.539501
0.193381
0.214163
0.244557
0.363906
0.506738
0.540812
0.127725
0.0866674
0.532849
0.624675
0.244667
0.269234
0.240816
0.507848
0.543928
0.420419
0.176817
0.0663458
0.0656434
0.0531245
0.0646984
0.0934262
0.0893417
0.0906123
0.358248
0.40978
0.348273
0.20233
0.0994201
0.0928986
0.0971656
0.175169
0.117368
0.0799344
0.0806751
0.358383
0.158779
0.444991
0.077009
0.0812751
0.0814182
0.0781205
0.0783322
0.0686785
0.0737541
0.0661173
0.0788288
0.0899298
0.220382
0.0884944
0.107836
0.163739
0.39158
0.403738
0.15609
0.174489
0.162387
0.205533
0.319201
0.136482
0.155615
0.125087
0.138627
0.162781
0.218016
0.316517
0.348931
0.0529529
0.0706963
0.124739
0.131666
0.0636154
0.0772874
0.433089
0.533867
0.327576
0.567256
0.441762
0.394044
0.0557852
0.0887319
0.18271
0.216677
0.274144
0.0623267
0.0783272
0.106847
0.0809392
0.0880704
0.0895913
0.0821452
0.0801956
0.0648293
0.0863483
0.192592
0.17765
0.0966848
0.355169
0.0597534
0.0562852
0.0824825
0.0977562
0.108991
0.144354
0.098022
0.0957844
0.0933104
0.0967874
0.0938338
0.0973162
0.0771962
0.0830981
0.0949873
0.288789
0.0746652
0.0903868
0.0692028
0.0839699
0.0767567
0.0778718
0.095018
0.0879764
0.0905635
0.389653
0.207967
0.19221
0.0685693
0.247175
0.0711434
0.0753515
0.366421
0.0524608
0.0927391
0.160844
0.0694355
0.0832635
0.0786405
0.0827617
0.0980424
0.0978766
0.0986547
0.0987331
0.158409
0.193948
0.0994395
0.0915667
0.0976558
0.0966846
0.0967938
0.162552
0.179818
0.172579
0.166321
0.0962394
0.0923282
0.0467234
0.0545207
0.0713343
0.0707013
0.083168
0.102172
0.0924842
0.3283
0.207804
0.356701
0.0939239
0.214699
0.326567
0.252825
0.219507
0.211605
0.355673
0.261096
0.296074
0.385729
0.131093
0.201202
0.0825541
0.0947139
0.0826654
0.0923443
0.331602
0.0722971
0.0802015
0.0893636
0.200843
0.375822
0.216149
0.272456
0.0889537
0.0928504
0.170661
0.080357
0.0609012
0.0740423
0.0777671
0.0775264
0.085927
0.0733215
0.0648167
0.0671424
0.0668195
0.0736042
0.0809611
0.193754
0.302032
0.11104
0.136539
0.0677993
0.0683322
0.0767802
0.0796916
0.0874143
0.0785981
0.0823493
0.146819
0.0827252
0.0818943
0.0916702
0.192947
0.168817
0.0752458
0.121096
0.0931579
0.0912561
0.0908984
0.0686024
0.0804927
0.0877789
0.114388
0.0831151
0.35723
0.339587
0.148549
0.0764835
0.083273
0.0943989
0.0884704
0.117705
0.187435
0.132867
0.0863698
0.0943701
0.0909474
0.0878339
0.0906233
0.0912465
0.273975
0.197976
0.0971607
0.0762064
0.0808328
0.0918507
0.318951
0.0861508
0.089603
0.0786496
0.0799689
0.093331
0.0860475
0.08928
0.0756166
0.0892158
0.0867781
0.087821
0.0885907
0.0929564
0.323835
0.0723137
0.0822905
0.0879713
0.0964141
0.0966404
0.0851781
0.0890383
0.0948565
0.0975269
0.0968307
0.0971326
0.0950429
0.0892207
0.0886574
0.0939611
0.0952545
0.090689
0.0879746
0.0859965
0.112203
0.0965413
0.0919688
0.0984528
0.0920589
0.090688
0.0958033
0.0945362
0.0943554
0.0933559
0.0863138
0.0981149
0.0859713
0.0960403
0.0817354
0.19968
0.329113
0.253025
0.188767
0.199074
0.0890772
0.0936942
0.0574732
0.062458
0.0706011
0.076124
0.0816047
0.0738198
0.0891002
0.0721041
0.0855448
0.087313
0.0692959
0.0920573
0.0953889
0.0907001
0.0793725
0.0837411
0.0814517
0.0924393
0.0849909
0.0924728
0.0724455
0.0742501
0.0886197
0.0654814
0.063864
0.0566625
0.0662981
0.0800342
0.0821085
0.0898795
0.0590296
0.0803809
0.0705201
0.117298
0.0932382
0.0951384
0.0907312
0.0914759
0.110621
0.0909763
0.0842946
0.094322
0.0898315
0.0896989
0.0896252
0.0970346
0.0892797
0.0909188
0.0834455
0.0926772
0.0868731
0.0863988
0.0906064
0.0916946
0.0940334
0.0967621
0.0953516
0.0935632
0.0927837
0.0926854
0.0905944
0.0907263
0.0915466
0.0883877
0.0806074
0.0819926
0.089985
0.0888644
0.133012
0.162387
0.179352
0.133927
0.0863578
0.0881168
0.161736
0.128814
0.0823051
0.070846
0.0966111
0.0718002
0.0821492
0.0902046
0.0959681
0.157216
0.158765
0.160002
0.212247
0.214966
0.119656
0.184159
0.16912
0.15486
0.148751
0.163088
0.245609
0.0957304
0.0910205
0.0841576
0.086711
0.075694
0.158128
0.137761
0.178566
0.273009
0.0837982
0.0868136
0.147585
0.187394
0.153735
0.222358
0.223256
0.245435
0.236077
0.267525
0.367798
0.204205
0.0899546
0.0970542
0.0914825
0.260408
0.225619
0.166519
0.400476
0.131844
0.0913157
0.206165
0.226928
0.280439
0.167374
0.343083
0.0923916
0.177762
0.0848035
0.132367
0.087779
0.0866077
0.0847659
0.0904344
0.103616
0.0991544
0.0947402
0.0979583
0.0905436
0.0943203
0.0974883
0.09432
0.0943155
0.0937247
0.0942401
0.0968845
0.0972144
0.48039
0.227644
0.260526
0.091975
0.0838053
0.085671
0.0893926
0.0957984
0.0920198
0.158946
0.119667
0.216417
0.0824399
0.0823269
0.154416
0.192156
0.0922508
0.189037
0.254347
0.0831862
0.0907637
0.0921442
0.11018
0.408424
0.110887
0.089496
0.0887554
0.080074
0.0860114
0.130982
0.164479
0.0929607
0.0894609
0.202395
0.0951949
0.0983885
0.0854552
0.0760448
0.203953
0.0664576
0.173803
0.083274
0.0869325
0.0955509
0.0852922
0.0755016
0.0543796
0.0702933
0.314916
0.462601
0.169682
0.286486
0.0913876
0.0909914
0.0974128
0.0950782
0.0734543
0.0827958
0.0914381
0.0761273
0.0932828
0.0871957
0.0647765
0.115939
0.0903468
0.0799963
0.294735
0.314504
0.296686
0.0635455
0.082254
0.0941083
0.2606
0.0981338
0.0967525
0.0977944
0.0982366
0.0874139
0.0979932
0.0847045
0.0992846
0.0909004
0.201967
0.274197
0.0915973
0.0778447
0.324959
0.0814738
0.354247
0.294124
0.0938237
0.0831405
0.0840328
0.093307
0.0898352
0.0883709
0.0805446
0.0850146
0.0774771
0.0850471
0.0750886
0.0760562
0.0846457
0.0822457
0.0728412
0.0712929
0.0825505
0.081114
0.0888194
0.0875862
0.089472
0.0961661
0.0947529
0.0960402
0.0921986
0.0949264
0.14832
0.151979
0.138066
0.133588
0.1541
0.147793
0.12058
0.120412
0.161638
0.165884
0.133217
0.13612
0.141671
0.1382
0.110896
0.104475
0.107415
0.0995007
0.138829
0.168299
0.11407
0.163604
0.147792
0.0940166
0.127123
0.10732
0.114699
0.104418
0.0866835
0.103529
0.0890305
0.0853011
0.0798106
0.115757
0.102635
0.115735
0.0904244
0.0948195
0.12196
0.0828359
0.101733
0.131492
0.182529
0.148305
0.160802
0.211986
0.247895
0.134972
0
0
0
0
-2.84217e-14
-1.89478e-14
0
0
0
0
0
0
-1.13687e-13
3.78956e-14
0
0
0
0
0
0
0
-3.78956e-14
0
0
0
0
0
0
0
0
0
0
0
0
0
0
0
0
0
0
0
0
0
0
0
0
0
0
0
0
9.4739e-15
0
3.78956e-14
0
0
0
0
0
1.89478e-14
1.89478e-14
0
0
0
0
0
0
0
0
0.66374
-3.78956e-14
0
0
0
0
0
0
0
0
0
0
-1.18424e-15
-1.18424e-15
0
0
-1.89478e-14
-1.89478e-14
0
0
0
0
0
0
0
0
0
0
0.139873
0.118928
0.172649
0.186398
0.137384
0.111368
0.137995
0.116267
0.14841
0.119404
0.131285
0.122158
0.110151
0.19884
0.136933
0.0925069
0.296425
0.20579
0.161176
0.256639
0.121676
0.0995369
0.128225
0.1296
0.111419
0.116654
0.0780492
0.0713026
0.0730041
0.0756827
0.0977095
0.105582
0.107799
0.110099
0.112248
0.114914
0.115445
0.107779
0.101885
0.112975
0.11249
0.122445
0.132603
0.141382
0.146152
0.156051
0.168074
0.172437
0.149792
0.138816
0.133642
0.15674
0.163757
0.160774
0.158662
0.149509
0.170412
0.193464
0.152312
0.124349
0.111308
0.122853
0.127244
0.0996304
0.120818
0.124663
0.108094
0.120494
0.140378
0.115236
0.144526
0.161668
0.120641
0.0962174
0.128313
0.109142
0.0860512
0.102949
0.143867
0.0951096
0.123697
0.155171
0.198642
0.162245
0.197727
0.157912
0.179777
0.119685
0.135108
0.109913
0.115845
0.119529
0.181253
0.148942
0.174686
0.164773
0
0
0
0
-1.89478e-14
-1.89478e-14
1.89478e-14
0
0
0
0
0
0
-7.57912e-14
0
-1.89478e-14
0
0
0
0
-7.57912e-14
0
0
0
0
0
0
0
0
0
0
0
0
0
0
0
0
0
0
0
0
0
0
0
0
0
0
0
0
0
4.73695e-15
0
-7.57912e-14
-7.57912e-14
0
0
0
0
23.1788
1.89478e-14
0
0
0
0
0
0
0
0
0.00950523
0.00537716
0
0
0
0
0
0
0
0
0
0
-2.36848e-15
-1.18424e-15
0
0
-3.78956e-14
-5.68434e-14
0
0
0
0
0
0
0
0
0
0
0.17863
0.240751
0.143007
0.192149
0.142739
0.167945
0.143531
0.147997
0.133477
0.130449
0.122017
0.124024
0.096871
0.227892
0.347632
0.35015
0.175586
0.147841
0.0785697
0.115185
0.206189
0.103478
0.0988078
0.0892293
0.106257
0.102432
0.0722212
0.085035
0.0726356
0.0677099
0.11255
0.110965
0.100397
0.108427
0.110013
0.0999115
0.109632
0.0979802
0.104358
0.112952
0.125004
0.10797
0.145037
0.149394
0.146837
0.155804
0.170741
0.17799
0.144072
0.138501
0.149064
0.137121
0.168478
0.167492
0.168022
0.159267
0.149324
0.160181
0.177096
0.179811
0.125855
0.106416
0.107842
0.0988746
0.14313
0.142484
0.11932
0.135366
0.141773
0.138432
0.110006
0.154732
0.10095
0.146728
0.159829
0.181331
0.191021
0.158619
0.149616
0.21437
0.155736
0.167653
0.178533
0.17633
0.248642
0.149007
0.180701
0.219303
0.169287
0.183577
0.14937
0.136446
0.166035
0.165664
0.181668
0.194072
0
0
0
0
-1.89478e-14
-1.89478e-14
9.4739e-15
9.4739e-15
0
0
0
0
0
3.78956e-14
1.89478e-14
0
0
0
0
0
0
-3.78956e-14
0
0
0
0
0
0
0
0
0
0
0
0
0
0
0
0
0
0
0
0
0
0
0
0
0
0
0
0
-4.73695e-15
4.73695e-15
3.78956e-14
0
0
0
0
0
6.42394
15.7626
0
0
0
0
0
0
0
0
0.0100909
0.0036232
0
0
0
0
0
0
0
0
0
0
-1.18424e-15
-1.18424e-15
0
0
-1.89478e-14
-5.68434e-14
0
0
0
0
0
0
0
0
0
0
0.13828
0.173493
0.102949
0.260812
0.25927
0.140133
0.127894
0.152105
0.141216
0.161548
0.110573
0.118793
0.102555
0.168108
0.342322
0.306828
0.0808292
0.0531972
0.0935296
0.105184
0.178549
0.155053
0.160096
0.142824
0.0832682
0.1116
0.0862522
0.0868783
0.0975435
0.0841318
0.112271
0.105639
0.110016
0.0906501
0.112611
0.104249
0.101871
0.099017
0.0995757
0.104109
0.114335
0.122864
0.134293
0.152662
0.14694
0.147884
0.161889
0.164383
0.168655
0.145078
0.1658
0.152057
0.163481
0.161299
0.193263
0.163691
0.162445
0.160611
0.17915
0.165726
0.170671
0.123644
0.177782
0.142412
0.130242
0.133143
0.109759
0.126334
0.140837
0.143399
0.168587
0.209311
0.230586
0.187565
0.230117
0.244976
0.16683
0.155339
0.185685
0.112179
0.139429
0.218142
0.204799
0.182243
0.383968
0.157228
0.300753
0.2035
0.260702
0.0939941
0.0756159
0.309957
0.218595
0.237066
0.215262
0.170846
0
0
0
0
-1.89478e-14
-1.89478e-14
0
0
0
0
0
0
3.78956e-14
3.78956e-14
1.89478e-14
1.89478e-14
0
0
0
0
-3.78956e-14
0
0
0
0
0
0
0
0
0
0
0
0
0
0
0
0
0
0
0
0
0
0
0
0
0
0
0
0
0
0
0
-7.57912e-14
3.78956e-14
0
0
0
0
6.88631
15.4782
0
0
0
0
0
0
-3.78956e-14
-3.78956e-14
0.00807436
0.00167289
0
0
0
0
0
0
0
0
0
0
-1.18424e-15
-2.36848e-15
0
0
-3.78956e-14
-1.89478e-14
0
0
0
0
0
0
0
0
0
0
0.186402
0.208929
0.273762
0.206283
0.338523
0.338571
0.138738
0.179125
0.185714
0.143703
0.184677
0.127578
0.0992053
0.108897
0.340993
0.240797
0.139991
0.0703911
0.217838
0.0988685
0.195539
0.215861
0.196075
0.109904
0.0703949
0.0981544
0.0896881
0.100513
0.0809344
0.0791814
0.109114
0.109493
0.114225
0.105653
0.127781
0.0948013
0.112975
0.10614
0.107007
0.0906422
0.115596
0.115497
0.134199
0.148066
0.150017
0.151789
0.156368
0.156692
0.168664
0.147345
0.179841
0.163023
0.172964
0.169429
0.216558
0.222868
0.21443
0.248358
0.214533
0.215642
0.261243
0.22766
0.219966
0.277933
0.185808
0.16554
0.136917
0.152885
0.205229
0.234934
0.286061
0.261046
0.285371
0.229155
0.163962
0.133032
0.220337
0.209857
0.117118
0.156305
0.216481
0.266479
0.206589
0.203674
0.448367
0.305776
0.26794
0.255351
0.50458
0.184994
0.0869137
0.0807277
0.15409
0.303727
0.134098
0.131845
0
0
0
0
-9.4739e-15
-1.89478e-14
1.89478e-14
1.89478e-14
-5.68434e-14
0
3.78956e-14
-7.57912e-14
-7.57912e-14
3.78956e-14
0.0807437
-1.89478e-14
0
0
0
0
0
-3.78956e-14
0
0
0
0
0
0
0
0
0
0
0
0
0
0
0
0
0
0
0
0
0
0
0
0
0
0
0
0
4.73695e-15
0
0
3.78956e-14
0
0
0
0
7.34069
15.1911
0
0
0
0
0
0
-3.78956e-14
0
0
0
0
0
0
0
0
0
0
0
0
0
-1.18424e-15
-1.18424e-15
0
0
-1.89478e-14
-1.89478e-14
0
0
0
0
0
0
0
0
0
0
0.314651
0.472712
0.294101
0.358451
0.291659
0.284946
0.455881
0.197079
0.166392
0.162745
0.201653
0.132596
0.235024
0.105606
0.284655
0.35612
0.308099
0.248374
0.778675
0.229719
0.170455
0.187192
0.185251
0.127986
0.0744903
0.1091
0.0893072
0.0992619
0.0720218
0.079665
0.111503
0.12864
0.129291
0.138977
0.119365
0.100456
0.0931841
0.120396
0.105557
0.0907197
0.111483
0.126253
0.14399
0.136022
0.164777
0.163198
0.155674
0.151039
0.176286
0.157539
0.184488
0.18974
0.192958
0.180371
0.19694
0.182508
0.207948
0.268538
0.233547
0.206769
0.169522
0.188697
0.163666
0.270809
0.224836
0.142219
0.241866
0.178832
0.230367
0.305363
0.347563
0.210462
0.245653
0.25345
0.224802
0.298235
0.415848
0.534014
0.462243
0.227341
0.267448
0.321347
0.314124
0.310221
0.42876
0.384082
1.14671
0.494953
0.481978
0.426922
0.206084
0.15021
0.310291
0.404358
0.177239
0.129941
0
0
0
0
0
-1.89478e-14
9.4739e-15
9.4739e-15
-3.78956e-14
-3.78956e-14
0
0
0
0
0.00454367
0.000561779
0
0
0
0
-3.78956e-14
3.78956e-14
0
0
0
0
0
0
3.78956e-14
0
0
0
0
0
0
0
0
0
0
0
0
0
0
0
0
0
0
0
0
0
0
0
3.78956e-14
3.78956e-14
0
0
0
0
18.8219
17.0194
0
0
0
0
0
0
-1.89478e-14
-1.89478e-14
0
-2.36848e-15
0
0
0
0
0
0
0
0
0
0
-1.18424e-15
-2.36848e-15
0
0
-1.89478e-14
-1.89478e-14
0
0
0
0
0
0
0
0
0
0
0.256157
0.483108
0.609336
0.501652
0.800779
0.306396
0.522289
0.531826
0.177752
0.222212
0.229697
0.20272
0.260166
0.191303
0.290858
0.322642
0.486138
0.30704
0.511621
0.374839
0.168491
0.591396
0.1912
0.178234
0.079882
0.11546
0.0962598
0.0794244
0.0828277
0.0947236
0.101941
0.125206
0.114072
0.124702
0.111665
0.158924
0.112187
0.0946247
0.121744
0.120131
0.118648
0.119775
0.128143
0.140011
0.163376
0.156422
0.156002
0.157018
0.172406
0.164478
0.20061
0.179698
0.181815
0.202077
0.228004
0.215837
0.199132
0.263398
0.321704
0.24008
0.194875
0.266801
0.206114
0.147216
0.211723
0.227957
0.299711
0.337012
0.33833
0.248188
0.646642
0.359578
0.27994
0.36044
0.37289
0.211383
0.448618
0.596797
0.525153
0.386801
0.469745
0.609089
0.850366
0.473689
0.588415
0.583255
0.385722
0.860955
0.950999
0.634799
0.342218
0.217653
0.482782
0.581531
0.390078
0.236918
0
0
0
0
-1.89478e-14
-9.4739e-15
1.25234
3.63151
-3.78956e-14
-5.68434e-14
0
3.78956e-14
0
0
0.00433516
0.00030276
0
0
0
0
-3.78956e-14
0
0
0
0
0
0
0
0
3.78956e-14
0
0
0
0
0
0
0
0
0
0
0
0
0
0
0
0
0
0
0
0
4.73695e-15
0
3.78956e-14
0
0
0
0
0
18.8444
25.8383
0
0
0
0
0
0
-1.89478e-14
-3.78956e-14
0
0
-4.73695e-15
-9.4739e-15
0
0
0
0
0
0
0
9.4739e-15
-1.18424e-15
-2.36848e-15
0
0
0.0844299
0.563285
0
0
0
0
0
0
0
0
0
0
0.616905
0.236093
0.965141
0.974357
1.59274
0.447724
0.6648
0.643777
0.263712
0.151392
0.292431
0.347373
0.3051
0.258005
0.51129
0.573885
0.746513
0.513735
0.0659519
0.0886212
0.106143
0.149965
0.105526
0.300916
0.152893
0.114936
0.167638
0.136537
0.141194
0.106452
0.234066
0.158787
0.138021
0.13321
0.11745
0.101254
0.102353
0.116069
0.106939
0.104206
0.117763
0.152579
0.157824
0.167627
0.156377
0.17059
0.149916
0.155527
0.16161
0.174823
0.21174
0.190055
0.245564
0.20119
0.280989
0.216854
0.25072
0.218683
0.279096
0.333921
0.30623
0.300677
0.321477
0.27904
0.520403
0.430909
0.219038
0.196658
0.109826
0.244539
0.525251
0.433051
0.285383
0.159141
0.41365
0.150903
0.161196
0.930435
0.919623
0.49038
0.711984
0.604863
0.791875
1.48081
1.45422
1.17425
0.656086
0.515948
0.80868
1.59236
0.690287
0.541687
0.333926
0.671543
0.48263
0.553471
0
0
0
0
-1.89478e-14
-1.89478e-14
2.18057
3.60776
-9.4739e-15
-4.73695e-15
0
0
-5.68434e-14
-5.68434e-14
-9.4739e-15
-9.4739e-15
0
0
0
0
-7.57912e-14
-3.78956e-14
0
0
0
0
0
0
0
3.78956e-14
3.78956e-14
0
0
0
0
0
0
0
0
0
0
0
0
0
0
0
0
0
0
0
4.73695e-15
0
0
3.78956e-14
0
0
0
0
15.4461
25.5841
0
0
0
0
0
0
0
-1.89478e-14
0
-1.18424e-15
-4.73695e-15
-9.4739e-15
0
0
0
0
1.89478e-14
0
0
0
-2.36848e-15
-1.18424e-15
0
0
0.114632
0.0232366
0
0
0
0
0
0
0
0
0
0
0.87691
0.579605
0.822738
1.45858
2.13296
1.65428
1.05833
0.32514
0.761313
0.251349
0.281058
0.343014
0.426905
0.392485
0.843946
0.705701
0.629397
0.419907
0.175944
0.081132
0.235023
0.23607
0.239975
0.225451
0.187269
0.233663
0.196488
0.169517
0.130534
0.212392
0.158311
0.142865
0.231403
0.1263
0.106261
0.0997275
0.156376
0.159855
0.115521
0.103919
0.155111
0.180931
0.165848
0.162206
0.179829
0.175932
0.151728
0.156068
0.154658
0.159786
0.222256
0.258501
0.287501
0.191495
0.353592
0.321298
0.300209
0.248574
0.446208
0.397706
0.389609
0.369027
0.465166
0.316217
0.440338
0.553908
0.367097
0.285272
0.201335
0.160189
0.491981
0.570574
0.390303
0.276543
0.50484
0.373205
0.867654
0.377562
2.12515
0.49644
0.840175
1.34387
0.946911
0.91477
2.93497
1.98612
1.96354
1.02612
1.0872
0.672282
3.53254
1.43755
0.347261
0.577802
0.640196
1.28972
0
0
0
0
-1.89478e-14
-2.84217e-14
2.65486
3.59078
-9.4739e-15
-9.4739e-15
0
0
0
0
-1.89478e-14
-9.4739e-15
0
0
-7.57912e-14
3.78956e-14
-7.57912e-14
0
0
0
0
0
0
0
0
0
0
0
0
0
0
0
0
0
0
0
1.89478e-14
0
0
0
0
0
0
0
0
0
4.73695e-15
4.73695e-15
3.78956e-14
0
0
0
0
0
15.2441
26.0396
0
0
0
0
0
0
0
0
1.18424e-15
0
0
-4.73695e-15
-4.73695e-15
0
0
0
9.4739e-15
3.78956e-14
0
0
0
-2.36848e-15
0
0
0.205591
0.0221509
0
0
0
0
0
0
0
0
0
0
1.9501
1.39455
0.898216
1.65839
2.596
1.4104
1.81686
0.668831
0.502899
0.920824
0.41599
0.492174
0.690636
0.564079
0.949102
0.633661
0.563378
0.499035
0.184162
0.156321
0.150869
0.159882
0.223655
0.208856
0.168334
0.275085
0.20764
0.141962
0.175849
0.141743
0.157485
0.13653
0.19581
0.189545
0.129594
0.115833
0.154532
0.159518
0.119259
0.189293
0.146345
0.16098
0.171888
0.144162
0.170159
0.184189
0.155327
0.155271
0.166019
0.158541
0.207501
0.277894
0.357415
0.292624
0.316828
0.276241
0.314225
0.27689
0.383308
0.402588
0.426972
0.651495
0.441515
0.483355
0.602778
0.611726
0.339008
0.320177
0.35025
0.182182
0.66148
0.94236
0.805122
0.499526
0.475095
0.701682
1.90207
0.969991
2.48903
1.00142
0.980144
1.15336
1.03519
0.649325
2.2504
1.86728
2.17109
2.5424
0.822677
0.986447
4.08736
3.32975
1.063
0.286184
0.0013312
0.425651
0
0
0
0
-1.89478e-14
0
2.93047
3.56626
-9.4739e-15
-4.73695e-15
-1.13687e-13
-1.13687e-13
0
1.89478e-14
-9.4739e-15
-9.4739e-15
0
0
0
-3.78956e-14
0
0
0
0
0
0
0
0
0
0
3.78956e-14
3.78956e-14
0
0
0
0
0
0
-4.73695e-15
-2.36848e-15
1.89478e-14
1.89478e-14
0
0
0
0
0
0
0
0
4.73695e-15
1.42109e-14
0
3.78956e-14
0
0
0
0
15.0279
25.8472
0
0
0
0
0
0
-1.89478e-14
-1.89478e-14
0
2.36848e-15
0
0
-9.4739e-15
-4.73695e-15
0
0
1.89478e-14
2.84217e-14
0
0
10.7458
2.32705
0
0
-5.68434e-14
0.0214598
0.064266
-4.73695e-15
0
0
0
0
0
0
0
0
0.0158417
0.161137
1.30095
1.21191
1.92572
2.54728
1.23271
1.32723
0.496354
1.30725
1.51505
0.896107
0.789523
0.663837
0.643125
0.903321
0.719298
0.993987
0.168712
0.541911
0.207975
0.174637
0.177485
0.22941
0.128469
0.235955
0.395942
0.323193
0.153411
0.228182
0.138145
0.153251
0.242882
0.146903
0.165938
0.161473
0.158637
0.168336
0.145755
0.125636
0.140555
0.193525
0.200527
0.167797
0.168989
0.180542
0.149841
0.156319
0.17774
0.181837
0.226759
0.255752
0.305558
0.354966
0.293302
0.339486
0.374106
0.35981
0.724129
0.883724
0.71191
0.51447
0.279965
0.373069
0.689193
0.637125
0.558713
0.780614
1.23311
0.681746
0.576956
1.15036
1.22826
0.955563
1.19878
0.704332
3.35522
1.91572
4.78874
2.05976
0.960344
2.68902
0.731508
0.729372
1.66881
0.801767
4.66622
2.41231
4.49609
3.1066
1.70672
4.12687
2.89045
0.631142
0.644001
0.390523
0
0
-4.73695e-15
-4.73695e-15
0.00029419
0.000118138
3.15738
4.26262
1.1254
-4.73695e-15
-7.57912e-14
3.78956e-14
0
-3.78956e-14
-9.4739e-15
-9.4739e-15
0
0
-3.78956e-14
-7.57912e-14
0
0
0
0
0
0
0
0
0
0
3.78956e-14
0
0
0
0
0
0
0
-2.36848e-15
-2.36848e-15
0
3.78956e-14
0
0
0
0
0
0
0
0
0
4.73695e-15
0
-7.57912e-14
0
0
0
0
14.7968
25.6577
0
0
5.92119e-16
0
0
0
-1.89478e-14
-1.89478e-14
-1.18424e-15
0
0
0
-9.4739e-15
-9.4739e-15
0
0
9.4739e-15
9.4739e-15
0
0
27.5012
2.66612
-2.84217e-14
0
-3.78956e-14
-1.89478e-14
3.01301
0.0253879
0
0
0
0
0
0
0
0
1.22116
1.22469
0.77449
1.42111
0.612899
0.920621
1.59018
2.56504
2.61211
2.31462
3.40533
1.35083
1.41388
1.37195
0.975183
0.799334
1.23185
0.717253
0.505469
0.667195
0.489886
0.104978
0.576528
0.515601
0.196332
0.302659
0.249265
0.305878
0.215252
0.22419
0.158809
0.181443
0.333627
0.192508
0.217148
0.191162
0.183674
0.141086
0.131525
0.142419
0.176646
0.243679
0.206748
0.188898
0.203118
0.186646
0.160752
0.15981
0.178769
0.190638
0.318502
0.33088
0.499388
0.371323
0.538049
0.459797
0.606968
0.57223
0.686572
1.05201
0.84142
0.634596
0.696245
0.478636
0.782926
1.03324
0.74749
0.589695
0.660626
1.15156
1.49222
2.50884
4.71331
3.03645
1.0378
1.19864
3.9753
3.77791
6.44836
3.17977
1.87404
1.29128
0.941219
1.26402
1.15504
0.298422
3.24642
3.62942
4.3072
3.85154
2.60845
5.33948
0.415868
1.7673
2.43144
0.321982
0
0
1.30439
0
0.000509016
0.00122537
3.5027
4.81558
6.87544
8.28365
27.0707
1.49718
0
1.89478e-14
-9.4739e-15
-9.4739e-15
0
0
-3.78956e-14
-3.78956e-14
-2.36848e-15
0
0
0
0
0
0
0
0
0
3.78956e-14
3.78956e-14
0
0
0
0
0
0
0
0
1.89478e-14
0
0
0
-4.73695e-15
0
0
0
0
0
12.3951
6.51868
-3.78956e-14
3.78956e-14
0
0
0
0
14.5512
25.4716
0
0
-5.92119e-16
-5.92119e-16
0
0
-1.89478e-14
-3.78956e-14
0
-1.18424e-15
0
4.73695e-15
0.63716
14.7434
0
0
9.12827
9.4739e-15
0.611286
4.25087
110.91
83.2058
9.4739e-15
-1.89478e-14
-5.68434e-14
-5.68434e-14
2.97341
1.6231
0
0
0
0
0
0
0
0
0.00172016
1.09785
0.111275
0.312194
1.21748
0.311959
1.83487
1.39143
5.81912
3.16853
2.71394
2.42363
2.35252
1.20245
2.19297
0.641019
2.15526
1.09473
0.821063
0.404207
0.796686
0.312221
0.665547
0.463749
0.348548
0.32474
0.355664
0.201301
0.284309
0.241946
0.186076
0.266029
0.579929
0.216422
0.237959
0.244679
0.210808
0.192485
0.21543
0.173714
0.269565
0.267407
0.198512
0.221518
0.252401
0.204276
0.162649
0.160403
0.173655
0.190838
0.297868
0.491817
1.01363
0.620583
0.988653
0.686055
0.910166
0.322546
0.438867
1.02495
0.544829
0.714334
0.838026
0.821983
1.21898
1.60956
1.18803
0.558232
0.887042
1.84878
0.929873
1.26711
6.36059
6.35604
7.08293
3.41131
2.11902
1.50642
6.53898
5.0134
2.51635
0.696664
1.00585
1.03507
0.921321
0.752864
0.680255
1.99662
0.000488756
4.13196
6.62107e-07
1.49364
0.00490685
3.09631
0.283372
2.64023
0
0
6.64908
0.324782
4.21183
0.0690693
4.10525
4.96877
8.41997
4.97667
26.3121
19.5508
0
-1.89478e-14
-9.4739e-15
-1.89478e-14
0
0
-7.57912e-14
3.78956e-14
-5.92119e-16
-1.77636e-15
0
0
0
0
0
0
0
0
0
0
0
0
0
0
0
0
-2.36848e-15
-4.73695e-15
0
3.78956e-14
0
0
-2.36848e-15
0
0
0
0
0
12.5527
1.18078
0
-7.57912e-14
0
0
-3.70074e-17
0
15.1523
22.6791
0.00754084
-1.18424e-15
-1.77636e-15
-1.77636e-15
0
0
-1.89478e-14
-1.89478e-14
0
-2.36848e-15
7.10543e-15
2.36848e-15
-9.4739e-15
14.9417
1.89478e-14
0
2.91332
3.1088
1.86873
5.3186
0
51.0254
-7.57912e-14
0
-5.68434e-14
-1.89478e-14
3.03176
1.47957
2.36848e-15
0
0
0
0
0
0
0
0
1.34856e-06
0.173567
0.0556793
1.31937
0.581901
0.994767
1.99033
6.74943
4.75171
1.66831
2.84816
3.2966
1.58137
3.81432
2.08533
2.62388
1.13953
0.986917
0.727359
0.450864
0.396281
0.791087
0.831372
0.478379
0.553096
0.381853
0.202014
0.320282
0.299129
0.412239
0.243525
0.753725
0.443858
0.323682
0.286665
0.257327
0.231418
0.261798
0.295074
0.340475
0.371647
0.254939
0.243666
0.273811
0.223934
0.173112
0.173895
0.185335
0.191611
0.461524
0.580009
1.23965
1.18812
0.843905
0.816874
1.1246
1.49864
1.9472
0.621316
2.05022
1.39047
1.20081
0.798559
1.95309
1.30554
2.44204
1.51122
1.2917
1.41972
1.8926
1.45855
5.67985
4.17231
6.5793
5.32608
2.94548
9.3671
8.7199
1.1612
3.53152
4.15154
0.388295
0.837876
1.93553
0.796948
0.243168
0.530441
1.77649
0.0761816
1.16083e-05
0.000420401
-1.18424e-15
-1.18424e-15
0.18693
0.53985
0
0
6.45789
0.65892
3.85217
5.50382
4.72424
4.05293
0.000553774
0.000574293
25.5183
19.8921
-5.68434e-14
0
-1.89478e-14
-9.4739e-15
0
0
0.00509614
-3.78956e-14
-2.36848e-15
-1.77636e-15
0
0
0
0
0
0
0
0
0
0
0
0
0
0
0
0
-2.36848e-15
-2.36848e-15
1.89478e-14
0
0
0
-2.36848e-15
0
0
0
0
0
12.6134
1.40381
0
3.78956e-14
0
0
0.0737617
0.0128246
15.0287
13.0815
0.0189069
0.45081
-3.70074e-17
1.85037e-17
-1.85037e-17
-1.85037e-17
-1.89478e-14
-1.89478e-14
0.000639951
0
4.73695e-15
2.36848e-15
-9.4739e-15
-4.73695e-15
0
1.89478e-14
3.17812
2.89307
31.6487
28.1774
0
0
-3.78956e-14
-3.78956e-14
-1.89478e-14
-3.78956e-14
3.65253
2.66574
0.470194
0.298272
0
0
0
0
0
0
0
0
0.228814
0.0769731
0.251746
0.80418
0.237682
1.78147
5.05615
6.86567
1.18424e-15
1.17576
2.14357
3.17825
2.92757
3.79701
2.92861
3.35842
0.548374
2.03773
0.963677
0.627146
0.860045
1.42217
0.659296
0.827791
0.627543
0.221791
0.372711
0.429733
0.827837
0.323264
1.01712
0.433076
0.560707
0.429182
0.324013
0.281804
0.357364
0.400082
0.45465
0.470071
0.349774
0.33025
0.343355
0.274371
0.18785
0.179644
0.205939
0.240094
0.653669
0.959707
1.19927
1.35004
2.44169
1.0735
1.49728
0.703533
1.80854
2.65319
1.71506
5.08461
2.22655
1.99276
3.4916
1.77087
1.93709
2.49916
1.89031
0.926225
3.03928
3.08895
4.86792
3.2346
0.76843
7.06019
3.31873
1.49201
0.0166722
4.32673
2.65962
5.35618
1.13319
1.02842
1.20098
1.74942
0.269127
0.508607
-2.36848e-15
-2.36848e-15
-2.36848e-15
0
-1.18424e-15
-3.55271e-15
-2.36848e-15
-1.18424e-15
0
0
0.00290984
0.0434142
3.54443
4.82846
5.03165
3.77526
0.000566391
0.000562828
24.7247
20.2522
0
1.89478e-14
-9.4739e-15
-9.4739e-15
-3.78956e-14
3.78956e-14
0.246741
0.106509
-1.77636e-15
-1.77636e-15
-7.57912e-14
0
0
0
0
0
0
0
-1.89478e-14
101.687
54.5797
0
0
0
0
0
-2.36848e-15
-2.36848e-15
1.89478e-14
3.78956e-14
0
0
4.09572
0
40.5394
23.0226
0
0
12.7276
2.09044
8.13001
2.57304
2.36848e-15
2.36848e-15
0.376455
0.230503
14.8971
13.1723
0.0251527
0.27843
0.00293894
-3.70074e-17
0.00676386
-3.70074e-17
5.34484
13.3879
0.00656258
0.0417331
2.67539
4.32953
2.85613
0.609361
126.853
41.3248
3.41806
2.66946
4.73353
28.9697
0
0
-7.57912e-14
-3.78956e-14
-1.89478e-14
-1.89478e-14
3.15603
3.23141
0.350539
0.289891
0
0
0
0
0
0
0
0
0.22888
0.165047
0.0012283
0.123497
0.235816
0.172069
1.59132
6.89252
0
1.18424e-15
2.47047
2.53642
2.22836
4.22092
3.11962
6.99689
1.23126
1.36578
3.87748
0.90036
1.16307
2.86997
1.46562
1.19069
1.12265
0.155549
0.562251
1.06142
1.535
0.279411
1.3115
0.726044
0.82121
0.646303
0.5836
0.325574
0.723713
0.563071
0.64872
0.580993
0.496563
0.448179
0.404701
0.393837
0.215667
0.187203
0.190087
0.28035
1.27101
1.81811
2.50011
1.33664
1.90432
2.96944
2.82763
1.98048
3.54694
2.81162
0.943406
2.20528
3.41317
3.66257
2.78703
2.91385
2.9601
8.2493
1.10068
2.95243
4.70661
4.84702
2.74493
3.09906
3.28956
1.84289
6.0858
6.11638
0.0348826
0.573492
-2.36848e-15
4.73695e-15
0.00403935
0.421472
2.01972
0.760947
15.8237
0.41243
0
0
0
0
-1.18424e-15
-1.18424e-15
0
0
-9.4739e-15
-1.42109e-14
0.0996992
0.0208761
3.29916
9.0345
5.31151
3.32163
7.00766
8.75618
0.0558328
20.6336
9.81815
14.7372
-1.89478e-14
-1.89478e-14
37.4182
-1.13687e-13
0.225708
0.10852
-1.77636e-15
-1.77636e-15
7.13909
13.379
0
0
0
0
0
0
0
9.4739e-15
17.7307
29.4252
0
0
11.1342
0
0.283635
0.0185396
1.89478e-14
1.89478e-14
0
-4.73695e-15
0.829075
0.35565
50.6936
5.67734
0.870722
0
0.683334
0.115579
0.00562191
0.146599
0.442591
0.377586
1.41095
0.409569
2.34588
7.46013
0.000230404
0.138469
0.000523042
0.000470457
0.000578325
0.000446632
0.0413365
1.65201
1.1704
0.149995
7.92301
14.5867
1.45991
1.01627
5.48805
82.7561
0.568513
0.340458
2.45419
5.17211
0
0
0.0215144
-7.57912e-14
-1.89478e-14
-1.89478e-14
3.01822
2.12592
2.46772
0.532991
-5.92119e-16
0
0
0
0
0
0
0
-1.18424e-15
0.143382
0.000573368
2.58303e-05
0.784216
1.76575
0
6.92285
2.19001
1.18424e-15
1.43239
1.43391
5.0204
6.5112
3.69412
5.98033
2.51322
1.1602
3.37826
3.74642
1.93044
8.38186
1.55671
1.23277
2.39872
0.304237
0.685325
2.3376
1.71731
0.331716
1.9339
1.3324
1.3718
1.0974
0.743444
0.672324
1.17361
0.903622
0.833701
0.690787
0.686801
0.572002
0.654988
0.570764
0.238067
0.202681
0.198325
0.308486
2.16207
2.29406
2.50733
2.95639
2.49278
3.13786
4.28433
4.43441
8.15396
5.06845
2.47701
1.31476
4.6571
3.74993
11.1302
2.72258
6.54438
7.85707
10.8821
2.21097
9.40527
5.40186
0.419406
2.0631
0.156392
2.49085
2.13999
6.16446
2.99391
0.0325292
3.81592
4.73695e-15
0.00203444
0.0218626
0.0059376
2.05488
8.27153
10.8387
0
0
0
0
-1.18424e-15
-2.36848e-15
0
0
0.0472408
0.0225046
4.53695
2.78569
3.35723
8.9033
4.97908
3.17523
3.42822
4.15112
0.0101589
0.131832
3.94405
0.130674
-9.4739e-15
-9.4739e-15
43.0272
61.1987
1.67079
0.115367
2.02855
-1.77636e-15
27.2268
8.7883
-1.85037e-17
0
-1.89478e-14
0
0
0
1.89478e-14
0
35.5105
68.43
0
0
13.8604
4.82526
0.272945
0.12236
23.0557
3.78956e-14
0
-2.36848e-15
0.8022
0.379505
20.6222
6.18801
0.897883
5.16157
0.581952
2.43222
0.00168389
6.86886e-05
0.00222633
0.000298269
0.7651
0.192492
0.0293033
0.0510646
0.0218569
0.00106756
0.000411454
0.00143674
0.00208092
0.00169124
0.003489
0.000889316
0.942617
0.249137
0.0175837
0.0350372
0.0191247
0.0528813
0.121871
2.40496
0.49351
0.256736
0.68496
12.3234
1.65319
0.140563
0.00572301
0.180653
14.4186
11.1746
3.09855
2.65393
3.2513
2.52189
0.385475
0.183391
0
0
0
0
0
0
0
0
0.000422493
1.08663e-05
0.237829
0.537045
0
0
1.5337
1.50575
0.152579
1.24449
1.43455
0.00823021
2.504
3.56659
5.95628
2.37775
2.5199
2.20286
4.67971
4.62698
4.93435
1.32002
2.35811
0.800287
2.85472
3.09427
3.93721
0.792949
2.69711
2.03169
1.70865
1.464
0.724298
0.552471
1.6574
1.53704
1.0459
0.857206
1.0979
0.894445
1.06179
0.976138
0.299362
0.22471
0.244302
0.481738
3.85222
3.17686
2.9446
3.40307
6.91339
4.18227
4.26663
4.00213
12.5375
6.31332
1.89921
4.37902
9.43836
3.72124
6.87469
8.48609
6.75544
4.52673
3.79782
7.06217
3.76238
14.6024
24.3688
0.041933
0.000127551
0.225335
3.33279
2.30421
0
-3.70074e-17
-2.36848e-15
4.73695e-15
-2.36848e-15
0.010808
0.00431393
0.014791
0.00592784
-1.42109e-14
0
-4.73695e-15
0
0
0
-1.18424e-15
0
0
8.4746
0.178216
10.7486
10.8229
12.4582
9.11344
7.16637
7.45391
3.06202
3.47814
10.5339
11.4354
12.9398
4.69961
1.46527
0.169827
0.0126049
0.00622277
7.27523
38.8083
0.00171926
0.00241002
0.00370431
0.00170292
9.73723e-05
0.00460373
0.314238
3.64675
18.4395
10.9402
0.0379754
0
14.5881
89.6351
0
0
13.4209
11.7034
0.258837
0.127895
9.20136
1.59773
0.00102529
0.0111322
0.00528264
0.0949123
2.47139
1.37669
0.549771
0.291868
0.540136
2.0786
0.00782104
0.00778591
0.0323619
0.0108958
0.0061709
0.0150543
0.0314129
0.0273175
0.0252731
0.0164183
0.0214838
0.0299673
0.0240893
0.0142244
0.00470994
0.00377653
0.572091
0.0910027
0.0146588
0.0344852
0.0202307
0.0271579
0.192559
0.0171843
0.0752366
0.87726
0.0361434
0.0267365
0.0309409
0.00459932
1.41979
0.761045
0.387797
0.0576806
4.09925
2.72939
3.64854
2.65382
1.61802
0.350507
-2.36848e-15
0
0
0
0
0
0
0
0.00025527
1.30692e-05
0.247589
0.216487
0
0
0.533357
2.033
0.165843
0.0129769
1.37544
0.60861
4.24321
6.97461
6.44364
3.24746
1.12631
1.85829
5.05583
2.86525
3.29591
2.27352
2.01935
3.13509
2.49884
1.36286
3.2768
4.11114
5.19427
7.05264
2.39502
1.59445
1.67712
1.07346
2.59012
2.16578
1.93247
1.08689
1.97152
1.28909
2.21667
1.95576
0.401259
0.254317
0.223829
0.397053
6.24453
3.45979
3.98758
3.92903
5.1546
5.97617
6.23103
4.138
3.65343
10.0555
11.7597
6.40154
16.795
20.7574
4.07635
1.32829
0.124432
7.07808
0.56807
4.22266
8.57399
8.0738
5.03238
1.64999
0.00170204
0.00255658
2.96059e-16
2.7231
-1.18424e-15
0
3.24123
9.2539
-9.4739e-15
-1.18424e-15
0.0107497
0.00406419
1.03362
0.034899
-9.4739e-15
0
0
0
0
0
0
0
10.167
4.42194
13.3924
13.708
9.40609
12.6926
4.59686
3.43451
1.89842
1.06028
6.12557
9.07103
1.48585
1.82176
0.380641
0.360137
0.0138664
0.0033734
2.90439
1.2382
0.00184029
0.00199213
0.00244517
0.00159212
0.000414974
0.00012115
0.184088
0.153913
0.11632
0.0375984
0.0176879
0.00759074
3.07761
7.82263
0
0
12.8143
12.6652
3.82556
1.75369
7.73955
0.389704
0.00195502
0.000926181
0.00639337
0.00366223
0.950094
0.0996337
0.540604
0.189102
0.471406
1.42825
0.00794195
0.0181199
0.858087
1.22711
0.0059466
0.0216258
0.0305594
0.0301377
0.0211115
0.0155107
0.0239847
0.0371482
0.0294937
0.0221674
0.0314904
0.00569114
0.39921
0.0234754
0.0249654
0.0273821
0.023794
0.0288999
0.45598
0.147714
0.0586043
0.436952
0.0514207
0.046327
0.0199877
0.0219454
0.792243
0.262076
0.339602
0.633202
1.81128
3.20703
3.97921
3.06707
1.73259
1.01948
-4.73695e-15
-2.36848e-15
0
0
0
0
-2.36848e-15
0
4.11577e-05
7.80247e-06
0.0315469
0.203225
0
0
1.25099
2.20577
0.0822769
0.0142478
0.160408
0.0107962
6.34419
7.55226
2.47072
3.04731
2.52277
1.59892
4.62734
1.7968
5.85995
2.51967
1.95918
3.36494
2.21697
1.36022
2.68075
4.23323
6.19994
6.59386
8.13344
2.93953
2.47685
1.36132
4.69239
4.15812
4.11849
2.043
4.52336
3.1473
4.46153
3.73978
0.515607
0.281288
0.232823
0.462554
8.33833
4.77092
13.1764
4.99235
11.8867
10.1015
11.3292
6.56326
11.0908
8.69255
15.1482
11.575
28.4638
13.9883
10.3944
3.05993
9.46863
6.04535
7.82656
11.9216
5.81892
8.9105
0
-2.36848e-15
0
0.0488783
12.6917
17.8707
-2.84217e-14
0
10.2288
10.6079
0
0
0
0.000630784
20.0137
0.301335
0
4.73695e-15
4.73695e-15
1.34166
0
0
-9.4739e-15
0
7.00879
8.57771
17.0529
15.6856
11.6095
18.4949
3.22644
3.01696
0.868076
0.554816
7.0261
6.5655
0.330016
1.78712
0.385534
0.245021
0.00621621
0.00392611
2.88653
1.1749
0.00188467
0.00199204
0.00259922
0.00158397
0.000442517
0.000125315
0.179385
0.143335
0.118211
0.00581864
0.0181078
0.00703854
2.68536
7.95966
0
0
19.7703
12.7966
2.88871
2.93669
6.61674
0.249197
0.0021162
0.000970252
0.0051604
0.0027667
0.0221079
0.0702971
0.0336136
0.00623802
0.450126
1.31727
0.00800781
0.0181174
0.740924
0.933365
0.0108895
0.0216073
0.0309129
0.029663
0.0288768
0.0129129
0.0244829
0.0370628
0.0370979
0.033608
0.0377128
0.026729
0.369482
0.0235813
0.0250467
0.0294172
0.0236614
0.0336136
0.0383372
0.0315664
0.0580117
0.432806
0.050833
0.0368737
0.0191162
0.0225186
0.657246
0.280192
0.183013
0.307626
1.73045
3.13691
3.94047
3.10173
1.35512
0.917463
0
-2.36848e-15
4.73695e-15
0
-2.36848e-15
-2.36848e-15
-2.36848e-15
-2.36848e-15
0
0.0319207
2.78207
3.69513
0
0
1.63694
2.22474
0.057672
0.0134833
2.25956
6.58808
2.18208
4.19711
2.35995
2.36287
5.92119e-16
2.34504
4.7294
2.11666
7.10418
4.72923
2.01337
2.1514
1.01367
2.74887
3.40152
5.13436
7.47414
9.06577
12.5016
6.9176
1.61745
2.25136
8.66048
7.13071
4.76317
5.019
5.13613
5.37954
5.63298
5.28706
0.728888
0.315754
0.230351
0.428363
5.51908
10.5983
16.8644
18.3042
16.6134
10.5138
13.3634
13.1875
10.3011
11.659
14.4128
13.3825
7.51788
1.38658
10.7276
5.76672
5.40741
6.69581
5.13544
16.4789
2.36848e-15
1.18424e-15
-4.73695e-15
-4.73695e-15
2.90691
3.56161
13.858
6.39254
4.8168
6.02231
5.58232
6.99587
1.07559
-2.84217e-14
-1.89478e-14
-1.89478e-14
30.1608
20.3673
-1.89478e-14
-2.84217e-14
-1.89478e-14
-1.89478e-14
-1.89478e-14
-1.89478e-14
-2.84217e-14
-1.89478e-14
5.87184
8.30049
16.6525
14.8072
9.12654
5.74988
2.42451
2.7161
0.716149
1.11893
4.64594
5.29658
0.33816
1.75109
0.384583
0.228947
0.00586618
0.00310521
1.38551
0.914816
0.00593182
0.003866
0.0159147
0.0016029
0.000526537
0.000186416
0.124066
0.116703
0.121471
0.00476368
0.0187199
0.00653648
6.85757
14.6088
0
-1.85037e-17
16.2163
15.7447
2.61082
2.09362
2.40116
0.18685
0.00977691
0.00301511
0.00749389
0.00715625
0.0310815
0.0214263
0.0373834
0.00153386
0.317489
0.688096
0.0103769
0.0181269
0.561293
0.528511
0.0363074
0.0325269
0.0338799
0.0307164
0.0294708
0.0143589
0.0250858
0.0388636
0.0310995
0.0786081
0.0433267
0.0266803
0.325165
0.0222237
0.0327573
0.0295873
0.0261831
0.038268
0.23814
0.214956
0.0588861
0.407646
0.04636
0.0356766
0.0190014
0.0224408
0.454153
0.270462
0.134797
0.100757
0.841642
5.42223
3.88206
3.1948
1.60733
0.804544
0
0
0
-2.36848e-15
-4.73695e-15
0
2.36848e-15
4.73695e-15
2.36848e-15
2.36848e-15
0.407363
1.27074
0
0
2.02681
2.42548
4.66166
3.17609
8.25634
8.38604
1.90211
1.55168
2.2141
2.23014
8.81127
4.06536
3.3362
2.46523
7.06856
4.13078
1.98795
1.86752
0.582702
0.976964
6.00393
6.21917
11.3453
11.2594
11.4745
13.2335
4.95236
2.67403
9.1013
7.53278
6.23544
6.0005
6.05876
6.52861
6.4453
6.37368
0.922319
0.358014
0.221119
0.428184
2.86352
5.69473
6.48781
12.8865
24.2885
29.0033
20.7798
16.8457
11.6978
11.4755
7.15538
3.45407
6.71087
14.1118
7.7039
20.7348
5.01361
16.6413
12.9915
17.252
14.4694
3.74169
4.83531
4.10657
4.80519
5.10998
12.367
6.04166
-9.4739e-15
-3.78956e-14
0
0
0
-2.36848e-15
0
0
0
-4.73695e-15
0.00513386
0
0
0
-1.89478e-14
-2.84217e-14
1.06468
1.07028
6.02318
8.27355
15.9705
14.4776
10.2163
4.0686
1.45962
1.60047
0.85697
1.1451
3.19304
3.35555
0.144385
1.03079
0.314517
0.213474
0.0247304
0.00367228
1.26571
0.277156
0.00708559
0.00545977
0.0174811
0.0126464
0.0112482
0.00762756
0.0620549
0.0792467
0.00800738
0.00382683
0.601499
0.61289
4.10808
8.11669
3.41868
0
16.6635
5.43724
1.98078
1.94975
0.0386798
0.127061
0.00953852
0.0106673
0.00772885
0.00716547
0.0312312
0.00649341
0.0425132
0.00163168
0.277141
0.408731
0.0226401
0.0199614
0.493708
0.49137
0.0422641
0.0321404
0.0393104
0.0347512
0.0345401
0.0349761
0.03002
0.0439788
0.0359756
0.0462289
0.0410958
0.0297202
0.172099
0.0191258
0.0433583
0.0368201
0.0281248
0.0504285
0.220352
0.196689
0.0616754
0.295236
0.0448488
0.0355107
0.177669
0.0241858
0.289549
0.275916
0.105013
0.046987
0.538749
2.03395
4.4494
3.05165
1.82497
0.877488
0
0
0
0
0
0
0
2.36848e-15
0
0
0.317047
0.21178
0
0
0.146574
0.58605
0.0115976
1.24235
5.37761
8.60187
1.92797
2.09546
0.738652
1.7336
0.0075077
0.0303002
2.15001
1.26745
5.61269
3.3451
1.25541
1.18311
0.166622
0.234174
10.6813
10.6221
12.9616
14.1484
10.7161
9.07243
4.92271
6.21109
9.15836
7.977
5.59044
7.18018
6.19881
5.79037
6.90065
5.99977
0.965014
0.389886
0.19145
0.319597
1.37611
3.80797
2.81343
4.60359
12.5954
25.6765
8.89688
18.3083
9.77139
6.09168
7.32288
7.78342
10.4101
9.02785
11.4996
11.3336
8.34362
7.17528
5.63728
6.65045
0.0297588
0.111278
9.4739e-15
4.73695e-15
3.30624
2.392
19.8559
11.4847
0
0
0
0
0
-2.36848e-15
-2.36848e-15
0
9.43006e-05
0.000277562
25.4501
16.2611
5.05695
1.40001
3.11964
1.96367
2.90282
4.73701
11.1642
14.4505
10.4651
9.36723
3.95463
2.57927
1.07013
0.621402
1.19392
0.798271
2.36172
2.037
0.12994
0.895942
0.202618
0.183173
0.0257365
0.017014
1.00418
0.126447
0.00672799
0.0055239
0.018568
0.0129395
0.0104087
0.0170072
0.0508975
0.0658662
0.00789961
0.00419684
0.568875
0.477704
0.250069
2.20998
6.95595
6.44225
8.31949
5.0238
0.798826
1.75421
0.00886908
0.00728807
0.0189503
0.0108369
0.00796424
0.00725186
0.0320793
0.00675393
0.0215012
0.00223465
0.225398
0.371045
0.0236519
0.0208996
0.331154
0.470433
0.041838
0.0318126
0.0414647
0.0380706
0.0317297
0.0392373
0.0350407
0.0525074
0.0364085
0.0458201
0.0439837
0.0626467
0.125938
0.0285036
0.0486374
0.0451796
0.0274839
0.050347
0.191056
0.186106
0.0588237
0.178143
0.0366794
0.0326114
1.28779
0.336736
0.32972
0.354061
0.276109
0.229431
0.374372
0.284553
4.30949
3.61616
1.78128
1.02012
-1.18424e-15
0
0
0
0
0
0
0
0
0
2.17601
1.70556
0
0
0.204782
0.155837
0.298911
0.0147629
3.2778
9.0052
20.7558
5.60995
11.008
9.81845
7.99949
3.91706
5.86534
5.87836
5.44802
3.69868
2.043
0.827657
5.45078
0.758902
10.9237
10.7278
11.6197
12.6293
7.9671
6.05628
2.46812
4.46299
8.84129
8.61664
5.74028
4.90213
5.26741
5.99521
6.54716
5.49104
0.808706
0.373121
0.173289
0.271944
0.5228
1.15893
2.14481
2.48291
2.28609
4.10377
5.53524
7.82361
5.98566
6.00695
3.55068
4.60142
2.79926
3.97789
5.96172
3.48417
13.6323
2.59188
7.63111
0.184653
7.08209
2.79919
3.01225
2.28579
0.618191
-9.4739e-15
0.0267107
0.00155807
22.9858
-1.89478e-14
0.00440409
0.000137195
-1.89478e-14
-1.89478e-14
10.5909
16.83
8.09463
9.71085
19.084
18.3295
3.56703
5.40065
7.83965
4.15896
2.87502
2.06353
14.8259
13.0045
6.33485
2.10888
1.52107
1.58162
0.657
0.480042
0.633811
0.557846
1.75631
1.47588
0.119275
0.440062
0.196134
0.140753
0.0631274
0.0242667
0.814876
0.0948935
0.0206828
0.0124382
0.029059
0.0132792
0.00961716
0.0177077
0.0482762
0.0533859
0.00360218
0.00403405
0.402348
0.521725
0.0131745
0.0165011
0.613837
6.74999
6.3694
2.97751
0.00253025
0.107722
0.0336745
0.0207837
0.0144342
0.0129626
0.00875674
0.00849904
0.0229993
0.0119103
0.026077
0.00346712
0.155377
0.265326
0.0293376
0.0283635
0.275145
0.403135
0.0417061
0.0330296
0.0364362
0.034575
0.0335219
0.0398699
0.0363472
0.0532404
0.037829
0.0455505
0.0569066
0.0571586
0.116463
0.0291029
0.0524097
0.0481153
0.0276349
0.0462103
0.140188
0.147685
0.0673938
0.147075
0.0390849
0.0324304
0.764856
0.231631
0.316668
0.355207
1.15598
0.32523
0.193368
1.16594
4.59437
3.7673
3.08573
1.4337
0.148682
-5.92119e-16
0
0
0
0
0
0
3.55271e-15
0
2.24158
1.56454
0
0
2.69499
4.22235
0.771405
0.879304
10.6345
8.14506
16.3823
18.6859
3.20242
2.76775
0.131684
0.00690211
5.45377
5.87219
5.82159
6.35394
1.22527
0.100841
7.60181
8.59922
13.8912
17.2802
5.83307
9.87313
4.53697
4.72339
5.6357
6.77439
5.65725
9.27956
5.95835
4.28457
3.43878
4.4973
4.21571
4.7046
0.638134
0.332296
0.152034
0.226025
0.466161
0.732616
1.0177
1.3332
1.07037
1.79605
2.3446
3.26689
2.16291
3.72032
2.67302
2.57288
3.41917
3.91886
2.40084
3.50669
11.8327
5.88626
8.42718
13.9912
6.78643
12.6433
17.5468
15.712
1.53763
6.40422
6.53956
15.846
1.036
1.61977
7.17848
8.65287
9.92333
5.71793
7.69451
4.63062
9.70726
5.76984
7.31532
28.6632
4.1219
1.77068
10.809
6.69348
9.45446
17.2624
7.27283
10.2251
2.82268
1.0708
0.78886
1.05389
0.253455
0.310561
0.629367
0.558773
1.25563
0.933963
0.114577
0.298347
0.0378603
0.13068
0.0830191
0.0709842
0.822128
0.0680483
0.0333386
0.0214077
0.0289107
0.039951
0.00882496
0.0185672
0.0324356
0.00797012
0.00770285
0.00402942
0.0190153
0.0119577
0.00609818
0.0132808
0.625987
0.411497
6.51808
2.69851
0.00246945
0.00824165
0.0234163
0.0120686
0.0143142
0.0207472
0.00890011
0.00826974
0.0232649
0.00957819
0.0305199
0.00398912
0.151395
0.245891
0.0293954
0.0322881
0.0412623
0.178855
0.0415577
0.0315392
0.0367987
0.035145
0.0318095
0.0429478
0.0415612
0.0583571
0.0568191
0.047474
0.0494386
0.156577
0.0497255
0.0296115
0.0526514
0.0446921
0.0271097
0.0457919
0.11206
0.135402
0.0661288
0.122851
0.0426291
0.0341398
0.496347
0.234255
0.381043
0.441777
0.97429
0.733203
0.166176
0.412591
4.0095
4.1004
3.37245
2.18712
0.975346
0.147416
0
0
0
0
0
2.36848e-15
0
-1.18424e-15
1.97693
1.47746
0.00781914
-4.73695e-15
3.2197
1.20068
4.59958
14.3386
18.5131
10.3186
8.90281
13.3409
2.27658
1.19896
3.93942
0.464823
5.38472
4.75804
3.68867
5.91953
1.93693
1.73897
4.39309
8.93713
7.87832
10.969
4.19372
11.0781
3.93647
3.86492
4.31646
5.14661
4.65129
3.68483
3.10371
3.8153
2.35547
3.62256
2.02499
2.46323
0.458181
0.286602
0.147336
0.188739
0.362652
0.45655
0.641188
0.823192
0.980013
1.1759
1.39819
1.53015
1.45732
3.65703
1.88929
3.68984
2.01684
4.49889
3.99401
5.31133
7.13146
7.88171
4.97409
3.94906
4.42789
3.32894
3.13709
4.21123
1.68697
1.19841
9.3149
4.90129
4.59434
7.95234
2.49578
6.50552
2.62267
4.51112
3.25823
2.17047
8.72462
7.46481
12.843
7.2885
23.6095
23.1173
2.10569
2.35496
1.94699
1.30522
5.31214
5.33595
1.17593
0.840533
0.535998
0.643017
0.183711
0.445325
0.417249
0.642183
0.752224
0.662152
0.123858
0.259088
0.076742
0.0320237
0.0812674
0.0699897
0.545323
0.0520738
0.0384963
0.0322919
0.0294399
0.0433007
0.00806859
0.0194248
0.0206029
0.00177297
0.0163442
0.0252092
0.0314373
0.051967
0.0171468
0.0154869
0.0297314
0.34167
3.35463
2.71295
0.00259668
0.0067712
0.0252612
0.0236001
0.0149536
0.0207885
0.00902297
0.00803631
0.0239278
0.00984184
0.0285269
0.00989623
0.146278
0.208143
0.0290359
0.0318623
0.0402277
0.0477981
0.0568054
0.04519
0.0364328
0.0326527
0.0328216
0.0432307
0.046491
0.0634467
0.0574076
0.0585908
0.0423544
0.164573
0.0397492
0.0310589
0.0617874
0.0539739
0.0299828
0.0393247
0.0994173
0.118923
0.0477654
0.112576
0.0530561
0.0331278
0.341206
0.27359
0.206633
0.346471
0.927
0.825776
0.290211
0.551079
3.03856
3.96355
3.06664
2.3767
2.09907
2.58096
0
0
0
0
2.36848e-15
2.36848e-15
0.772744
1.40433
1.79888
1.27414
0.0324383
0.013983
2.51303
1.65747
11.1076
30.802
5.88286
4.1524
5.61406
15.1281
1.42044
1.17831
13.2936
0.690362
5.00341
3.44673
3.13637
3.32869
2.36738
4.13715
1.84079
1.91317
3.61887
3.73059
1.6307
5.0714
2.07273
1.5455
1.94113
3.92258
1.62658
1.73737
1.43481
1.89811
1.33501
1.84861
1.08707
1.24738
0.367659
0.252996
0.135058
0.150029
0.28187
0.314852
0.299907
0.450199
0.64458
0.692592
1.11881
1.46565
1.89748
1.6252
2.8456
1.60465
3.09451
3.21423
5.04192
4.32397
1.87396
1.06149
3.26792
2.06251
2.07401
1.48863
1.41383
1.65077
0.830516
1.32208
0.920362
0.741302
2.42944
1.95992
1.87785
2.14655
3.55193
3.19984
2.35474
3.43422
3.18438
12.0987
2.36481
2.8489
4.25219
7.26735
2.41081
2.33731
2.91781
3.19375
3.63772
2.39395
0.824586
0.643462
0.465306
0.443873
0.200381
0.358568
0.397171
0.748482
0.483523
0.510734
0.136669
0.21535
0.0713331
0.102409
0.079872
0.0695082
0.0237969
0.0228731
0.0402523
0.0348468
0.0334065
0.0453299
0.00761633
0.0204726
0.0220672
0.00849382
0.0174181
0.02551
0.0286611
0.041128
0.0396146
0.014917
0.00421573
0.00100709
1.62604
1.13492
0.00782478
0.00768703
0.0254141
0.0244303
0.0193084
0.0213666
0.00943967
0.00855031
0.0327996
0.0135158
0.0381878
0.0174567
0.114945
0.204774
0.139051
0.47892
0.0448828
0.048943
0.0676792
0.0535216
0.03917
0.0339213
0.0472159
0.043496
0.0469698
0.0635791
0.0558582
0.0607907
0.0446094
0.12825
0.0395218
0.0323054
0.0605512
0.0699602
0.0370381
0.0715506
0.0656317
0.054467
0.0515511
0.0499181
0.16587
0.353071
0.271828
0.283151
0.134795
0.246869
0.63458
0.823575
0.196985
0.584513
2.16545
3.59501
2.90399
3.11949
1.38657
1.25751
1.79523
0
0.304198
-1.4803e-16
0.658978
2.36848e-15
0.895916
1.51857
1.02328
0.687237
1.22955
1.17567
3.66769
2.01889
14.5403
25.6272
2.41756
2.3175
0.922927
8.69766
2.35334
2.30359
2.66262
8.41455
2.51307
2.54554
1.71052
2.35052
1.90375
2.68375
1.13
1.52481
1.3438
1.34295
0.881058
1.92509
0.795641
1.06717
1.20572
1.56122
0.804005
0.755971
0.634719
0.876082
0.764816
0.948015
0.745647
0.67793
0.290243
0.225767
0.13604
0.155982
0.212235
0.21793
0.320131
0.366133
0.258434
0.477205
0.474289
0.517165
0.572249
1.63421
1.07492
1.36668
1.64492
1.35075
0.486325
1.24134
1.29646
2.08675
0.65799
1.36903
0.989041
1.09951
2.00187
2.26799
1.06403
1.22981
1.2085
1.77532
0.781824
1.30304
0.744777
2.19083
0.49866
0.519321
1.63126
3.50782
2.63434
2.8494
2.2318
2.93275
1.21792
1.45674
3.45876
2.81134
3.70934
4.0139
1.64202
1.6061
0.517891
0.545862
0.371276
0.328786
0.216472
0.265559
0.463001
0.472847
0.467778
0.467444
0.127287
0.6517
0.072416
0.103018
0.0545769
0.0800111
0.030306
0.0261747
0.0396954
0.040506
0.0359403
0.0462635
0.0193212
0.0273794
0.0242222
0.00807271
0.0174849
0.0242193
0.0310456
0.0409102
0.0385139
0.0463286
0.0175367
0.00204593
0.00595553
0.0191545
0.0257891
0.0265179
0.0473544
0.0225699
0.0281496
0.025436
0.00987207
0.0158505
0.0426352
0.0151364
0.0137287
0.0332268
0.105389
0.208382
0.0959769
0.478904
0.0560051
0.060112
0.059094
0.0498681
0.0439861
0.0371241
0.064578
0.0445305
0.0524978
0.0641891
0.0574235
0.0619476
0.0452953
0.126447
0.0388736
0.0319841
0.0638759
0.0705603
0.0308465
0.0710138
0.0747017
0.0558245
0.0511381
0.0496065
0.0720895
0.300719
0.191727
0.291988
0.122303
0.192931
0.421506
0.68913
0.577778
0.356827
1.50381
2.41375
2.82475
2.78157
1.89998
1.50821
1.06773
1.49391
0.335825
0.701815
1.88402
0.816767
2.96774
1.58699
1.16607
1.12167
2.39257
3.15446
1.83013
1.93933
5.89561
10.0537
1.21915
0.603285
0.508455
1.871
2.59167
4.37829
1.14448
2.47336
1.31089
1.56935
1.43296
1.01767
0.517515
0.387285
0.590939
0.624747
0.768021
0.722213
0.516029
0.794483
0.456565
0.608682
0.47204
0.85776
0.560037
0.366233
0.482138
0.502518
0.572939
0.661624
0.549813
0.486515
0.246615
0.201095
0.150337
0.152215
0.201928
0.270974
0.28718
0.359233
0.381999
0.463513
0.50562
0.34071
0.620223
0.526734
0.676288
0.87985
1.43204
1.79993
2.20678
1.61331
1.70798
1.07642
0.970935
0.645534
1.71933
0.83658
0.790912
0.57272
0.724749
0.252889
0.99121
0.410936
2.68519
1.08182
1.80184
1.26823
2.00449
1.91417
2.29861
3.50161
2.64746
2.16778
1.49918
1.07814
2.15306
2.11997
1.24968
3.52099
1.37352
1.48448
0.699467
0.787947
0.379728
0.42059
0.379996
0.317408
0.22276
0.249234
0.381888
0.3511
0.454037
0.440069
0.115268
0.156755
0.0674362
0.103168
0.0583634
0.0700228
0.0217241
0.022146
0.0393883
0.0396919
0.0384358
0.0444482
0.0230382
0.0559663
0.0244932
0.00777608
0.0236895
0.0340143
0.0377488
0.0435827
0.0364374
0.0389246
0.0225546
0.00570122
0.00497863
0.00525784
0.033372
0.0429164
0.0457723
0.0458099
0.0360514
0.0244842
0.0127435
0.0411318
0.0426814
0.0344567
0.0871681
0.0295097
0.0934472
0.195656
0.0769367
0.380656
0.059024
0.0612819
0.0600175
0.0685069
0.0503984
0.0510302
0.11107
0.0450999
0.0535754
0.0628359
0.0580221
0.063323
0.0473016
0.121566
0.0377403
0.0316118
0.0643169
0.0720488
0.0312214
0.0357793
0.0802531
0.0573309
0.0517137
0.0478699
0.218496
0.129257
1.78807
1.44009
0.0952713
0.191263
0.295237
0.517292
0.725534
0.578162
0.61423
1.58293
1.50101
1.95567
1.04998
1.43213
1.1406
1.13931
0.178482
0.461278
2.36658
2.26837
2.16326
1.90485
1.47783
1.65063
2.75154
3.89529
1.28498
1.37486
0.685069
0.821343
0.747296
1.54088
0.777589
1.4617
1.4342
1.94926
0.281298
0.652085
0.515706
0.804166
0.561021
0.514517
0.289218
0.287037
0.473064
0.454715
0.431862
0.50265
0.410397
0.63174
0.341326
0.385868
0.389195
0.383078
0.396974
0.398473
0.364706
0.433297
0.41294
0.470169
0.438141
0.393423
0.224108
0.182122
0.136328
0.122639
0.135436
0.177171
0.180902
0.29151
0.320762
0.481106
0.532244
0.476554
0.542136
0.460774
0.825326
0.77605
1.04351
1.14025
1.22689
0.928776
0.499138
1.22391
0.793448
1.49735
1.14306
1.69207
1.74079
2.01009
1.73726
2.40492
1.8214
2.70714
1.6938
1.65513
1.50929
1.76855
1.41323
1.65604
3.18198
2.99146
2.17929
1.63517
0.782967
1.11372
0.969357
0.745247
1.14078
1.18503
0.93978
0.571705
0.328398
0.383889
0.306778
0.383003
0.362108
0.254972
0.204469
0.226665
0.320862
0.380514
0.442159
0.269756
0.055363
0.121887
0.068222
0.0935915
0.100206
0.0708824
0.628239
0.138235
0.039328
0.0395925
0.0416811
0.0428205
0.0191095
0.0558454
0.0616041
0.00748736
0.021944
0.0390656
0.0431534
0.0474133
0.0327409
0.0386821
0.0292274
0.0279021
0.0159029
0.012555
0.0259521
0.0468027
0.0436426
0.0376641
0.0475291
0.0301239
0.0142078
0.0406735
0.0434107
0.0366012
0.0867854
0.0846937
0.0917927
0.190648
0.0778224
0.349108
0.0594208
0.0656726
0.0497828
0.0472108
0.0578429
0.0501826
0.110816
0.0526859
0.0545409
0.0622213
0.0576649
0.0640629
0.0540825
0.108354
0.0386236
0.0345944
0.064024
0.0742706
0.0344565
0.0405671
0.0800559
0.0589707
0.0524389
0.0482261
0.244934
0.539056
0.407957
1.59341
3.6765
0.142433
0.220293
0.389526
0.649053
0.784375
0.442369
0.968401
1.19386
1.29991
0.721271
0.730616
0.427644
0.709057
1.0777
0.794106
1.03623
2.43166
1.23285
1.62059
1.50225
1.06517
0.64969
1.46159
0.640976
0.858651
0.187067
0.449436
0.48585
0.884167
0.621093
1.33238
0.671208
0.67585
0.411952
0.554574
0.438679
0.482997
0.351182
0.444012
0.346205
0.301725
0.319215
0.35225
0.263629
0.315298
0.330885
0.364078
0.337545
0.354651
0.247533
0.318509
0.254662
0.276707
0.299383
0.328636
0.362709
0.38903
0.351686
0.323007
0.204194
0.164501
0.143516
0.129964
0.118599
0.175449
0.240009
0.241772
0.304665
0.297451
0.366395
0.447757
0.444218
0.619885
0.467142
1.48831
0.987329
0.979206
1.22708
1.03073
1.20333
1.32638
2.00265
1.38406
2.27243
1.06295
2.46257
0.633193
2.92728
0.983881
2.11119
0.958811
1.90901
1.80659
1.89047
1.59224
2.30565
2.71666
0.868788
1.64852
0.509054
0.40653
0.994252
1.02961
0.357693
0.7854
0.256537
0.194005
0.311792
0.67563
0.227804
0.263024
0.273993
0.261938
0.358925
0.221155
0.21027
0.173759
0.348101
0.40031
0.223251
0.224373
0.0578259
0.0669388
0.0747069
0.0932913
0.306477
0.202794
1.11361
1.00788
0.0525986
0.0391873
0.0435118
0.0412194
0.0178137
0.0425922
0.0611643
0.011471
0.0215167
0.038923
0.0536325
0.0497727
0.0414816
0.0405074
0.0250602
0.0365035
0.0394374
0.0162654
0.0228698
0.048032
0.0431754
0.0395941
0.0490554
0.0311737
0.0297488
0.0422097
0.0445336
0.0364269
0.0875153
0.0862732
0.0409255
0.0424247
0.0785935
0.328753
0.0624255
0.0661394
0.0598287
0.048507
0.0576402
0.051148
0.107365
0.0629807
0.0505775
0.0611603
0.058415
0.0652738
0.0600167
0.108513
0.0399823
0.057005
0.0724148
0.0727432
0.03473
0.0409747
0.0802057
0.0617278
0.0524946
0.0513974
0.256709
0.136789
0.302013
0.482373
2.34602
1.45655
0.249575
0.202037
0.805173
0.893394
0.531474
0.642837
1.0543
0.894551
0.477256
0.393046
0.460988
0.56314
0.549014
0.951881
0.825778
1.10314
1.10597
1.24901
0.637978
0.589219
0.6423
0.908989
0.359353
0.4597
0.144326
0.206712
1.08495
0.97737
0.409144
0.389356
0.319849
0.328435
0.231135
0.31427
0.209103
0.204621
0.328525
0.286126
0.237904
0.290807
0.246154
0.246153
0.16249
0.226389
0.2269
0.252831
0.236819
0.215652
0.228611
0.244236
0.219161
0.25911
0.25686
0.268368
0.305313
0.355547
0.300919
0.286802
0.190218
0.157694
0.147749
0.142003
0.156919
0.163085
0.228082
0.313493
0.248503
0.270782
0.256647
0.371009
0.544684
0.913022
0.405899
0.422074
0.19831
0.35929
0.462209
0.907498
0.727597
0.88475
0.970684
1.14233
0.606262
0.633433
0.346147
0.609097
0.449419
0.443471
0.418544
0.472034
0.458294
0.753647
0.800735
0.557965
0.670967
0.995471
0.674544
0.511504
0.456792
0.515183
0.364717
0.373702
0.355889
0.270509
0.27962
0.322908
0.131875
0.148069
0.242729
0.235623
0.231089
0.337866
0.201072
0.215083
0.211522
0.166103
0.318117
0.338491
0.2068
0.194457
0.070423
0.0657943
0.0789856
0.0937564
0.340742
0.42355
0.0468971
0.0581974
0.0522523
0.0514134
0.042281
0.0398426
0.0168394
0.0440082
0.0650593
0.0158582
0.0326696
0.0314874
0.055276
0.0406866
0.0425746
0.0373697
0.0361607
0.0622984
0.0476935
0.0326546
0.0273842
0.0283871
0.052417
0.0403765
0.0488303
0.037579
0.0345223
0.0493318
0.0457417
0.0366401
0.0837529
0.0828566
0.0420599
0.0425898
0.100131
0.283938
0.0625107
0.0661526
0.0588071
0.0450156
0.0582993
0.0608876
0.102486
0.0631299
0.0504802
0.0610667
0.0624757
0.0688556
0.0609715
0.102131
0.043057
0.0390886
0.0757042
0.0689881
0.0418065
0.0416898
0.0802024
0.062986
0.0528214
0.0496776
0.264834
0.159246
0.129717
0.452804
0.850787
2.50536
0.37023
0.412241
0.341352
0.512504
0.583862
0.541939
0.765594
0.722021
0.375802
0.328024
0.300437
0.398036
0.290626
0.200388
0.279456
0.364072
0.565327
0.577658
0.3225
0.371834
0.476277
0.430849
0.239765
0.235294
0.107255
0.369463
0.440433
0.525162
0.166818
0.282845
0.190329
0.203544
0.234457
0.238378
0.218584
0.306647
0.309942
0.222229
0.209746
0.254216
0.146536
0.217566
0.11371
0.14122
0.178512
0.218736
0.213552
0.202911
0.187492
0.211189
0.21276
0.229177
0.233231
0.240545
0.290861
0.321901
0.261626
0.24304
0.174598
0.147459
0.163253
0.140894
0.125813
0.138915
0.191663
0.140629
0.302854
0.157732
0.235794
0.252261
0.336854
0.431839
0.246959
0.577646
0.689707
0.302925
0.168717
0.2279
0.24233
0.146643
0.129389
0.548531
0.350275
1.1138
0.46926
0.554062
0.606572
0.901092
0.598894
0.714553
0.452279
0.893967
0.33158
0.3445
0.247955
0.268853
0.348559
0.598049
0.969576
0.379443
0.247537
0.332266
0.137013
0.215116
0.743742
0.144314
0.240475
0.292793
0.180582
0.179342
0.238224
0.268435
0.191775
0.21191
0.205194
0.195515
0.275036
0.324421
0.200785
0.184984
0.174323
0.0646543
0.0869629
0.0924298
0.458756
0.261976
0.0604317
0.0622801
0.0516741
0.0494063
0.0355501
0.0434685
0.0600432
0.045444
0.0733392
0.0470496
0.0438752
0.0390784
0.05397
0.0347268
0.0450647
0.0368113
0.0478672
0.103382
0.0489109
0.0470447
0.0328638
0.0331721
0.0534151
0.043259
0.0497744
0.0366633
0.0510543
0.0490996
0.0565839
0.0505403
0.0812957
0.0738133
0.0451347
0.0623202
0.0924077
0.262939
0.0623867
0.0660425
0.055
0.0419301
0.0682047
0.109502
0.0658678
0.0633862
0.0511302
0.0609918
0.0624678
0.0686649
0.0640525
0.0686994
0.0553528
0.046831
0.0755715
0.0695126
0.0406864
0.0474973
0.0800954
0.064227
0.0600564
0.0543705
0.217614
0.135844
0.149515
0.228247
0.163215
1.48186
1.24727
0.368163
0.250844
0.342378
0.483184
0.56108
0.78855
0.657832
0.351312
0.258353
0.264577
0.228331
0.149398
0.267372
0.19905
0.326468
0.219316
0.235978
0.23268
0.223425
0.191407
0.218276
0.163296
0.164981
0.1363
0.159238
0.207563
0.260598
0.166339
0.161755
0.149739
0.148944
0.215762
0.352131
0.373018
0.206051
0.211734
0.173554
0.213769
0.17575
0.163468
0.158298
0.147421
0.153133
0.201365
0.203109
0.201202
0.202367
0.179834
0.17917
0.251903
0.219484
0.210666
0.225172
0.268295
0.280401
0.238007
0.229327
0.157461
0.13937
0.139274
0.137515
0.172231
0.125616
0.221047
0.279866
0.173169
0.236451
0.159119
0.197643
0.282865
0.268447
0.171023
0.173661
0.191062
0.225914
0.175768
0.469088
0.312135
0.212101
0.29962
0.416979
0.360394
0.425578
0.206009
0.348368
0.0877552
0.315782
0.23906
0.449346
0.33468
0.172365
0.316118
0.298213
0.317218
0.380831
0.550981
0.449704
0.170139
0.29261
0.265772
0.356247
1.01054
0.679584
0.271485
0.260362
0.138441
0.208197
0.389907
0.180799
0.280101
0.235731
0.228272
0.23679
0.182979
0.219996
0.291326
0.309733
0.17111
0.163018
0.0616601
0.0698632
0.0812499
0.0995571
0.413123
0.173346
0.405479
1.02438
1.37662
0.049625
0.0303829
0.046945
0.0487128
0.065899
0.0833056
0.0477318
0.04385
0.0418714
0.0497665
0.033229
0.0449406
0.0384103
0.0475044
0.0507522
0.0478625
0.0473288
0.0469367
0.0647359
0.0564427
0.0438394
0.0587552
0.0562812
0.0566797
0.0564864
0.0551581
0.0631075
0.0767753
0.0530704
0.0484738
0.0613722
0.0698242
0.264139
0.062133
0.0659509
0.0528072
0.045137
0.0713512
0.110703
0.0666467
0.0636654
0.0515875
0.0602139
0.0660509
0.0682753
0.0642058
0.0677366
0.0553703
0.0476009
0.101183
0.0783389
0.044485
0.0490106
0.080122
0.0671543
0.0590316
0.0547929
0.24852
0.12983
0.199105
0.284445
0.141751
0.0980174
0.485806
0.637261
0.201251
0.334335
0.284708
0.509185
0.665857
0.66058
0.501701
0.309733
0.175741
0.213797
0.195583
0.153669
0.213182
0.216167
0.172338
0.177265
0.175844
0.170608
0.176559
0.157188
0.109584
0.106006
0.104287
0.142438
0.127271
0.167838
0.13418
0.12492
0.156249
0.127405
0.159913
0.141427
0.203378
0.254156
0.12317
0.134942
0.133052
0.135205
0.138592
0.177625
0.124118
0.149943
0.13828
0.15739
0.156266
0.17788
0.17933
0.170287
0.207703
0.217706
0.213659
0.228573
0.250427
0.254539
0.217881
0.206654
0.149293
0.133311
0.194974
0.17388
0.137308
0.162431
0.270263
0.341001
0.209373
0.262909
0.246893
0.225641
0.187898
0.426919
0.102757
0.258627
0.172333
0.220025
0.223023
0.272349
0.209514
0.200412
0.602584
0.125554
0.18001
0.124016
0.0661872
0.0729509
0.0772864
0.068281
0.258101
0.180802
0.346937
0.31618
0.524265
0.585051
0.516589
0.718491
0.130693
0.172
0.160081
0.121854
0.443716
0.530933
0.320164
0.302919
0.130997
0.497177
0.273425
0.492703
0.189327
0.242532
0.230898
0.212713
0.240618
0.29178
0.146863
0.229679
0.249224
0.369986
0.0911943
0.146362
0.0586837
0.0703177
0.0736438
0.150578
0.324422
0.0982752
2.0101
3.6712
2.27684
4.46767
0.0291005
0.0240283
0.0436693
0.0577222
0.274753
0.231058
0.0441391
0.0419129
0.0498766
0.0336068
0.0453799
0.045526
0.0570904
0.0595735
0.0529735
0.0510178
0.115407
0.0697802
0.064066
0.050713
0.0553826
0.0587866
0.0593735
0.0569443
0.0546224
0.0574938
0.0669415
0.0449156
0.0677524
0.0717811
0.0704865
0.25965
0.0620268
0.0657456
0.0534968
0.0449044
0.0829571
0.10817
0.0671937
0.0638982
0.051764
0.060865
0.0655436
0.0679558
0.0641089
0.0679965
0.0551449
0.0490253
0.0965832
0.0724341
0.0441557
0.058739
0.0793796
0.0681381
0.0671335
0.0672941
0.261319
0.123007
0.217732
0.586546
0.503801
0.16482
0.485731
0.353549
0.162946
0.374705
0.176596
0.402513
0.728167
0.666667
0.404539
0.313769
0.164376
0.188054
0.178635
0.200268
0.178193
0.134916
0.145842
0.13754
0.15211
0.194489
0.128601
0.147195
0.0862502
0.114697
0.127723
0.139032
0.132967
0.171255
0.10942
0.116281
0.120812
0.125277
0.0977471
0.100159
0.112738
0.169787
0.135036
0.133945
0.142377
0.130442
0.127672
0.143473
0.129667
0.158689
0.144773
0.143742
0.154563
0.166181
0.182173
0.18891
0.184202
0.189473
0.210355
0.221626
0.241436
0.232545
0.214704
0.194725
0.145572
0.125439
0.152798
0.182203
0.204135
0.251028
0.190852
0.298309
0.253126
0.313587
0.347352
0.185829
0.307477
0.298355
0.323481
0.127154
0.281406
0.273724
0.111426
0.215415
0.296218
0.360265
0.269379
0.21809
0.166547
0.373092
0.285129
0.300133
0.516553
0.540662
0.362507
0.465711
0.424283
0.483108
0.239188
0.309426
0.0973156
0.0883014
0.148855
0.15132
0.300991
0.288705
0.470251
0.414065
0.141996
0.142039
0.221402
0.227467
0.108577
0.111229
0.182507
0.252715
0.184777
0.215704
0.280675
0.226681
0.230162
0.241001
0.28607
0.294613
0.10393
0.14391
0.0517717
0.0710882
0.0960621
0.267213
0.064961
0.127963
0.601372
1.05388
0.093678
1.23207
0.034309
0.034056
0.0398745
0.0312258
0.31189
0.228176
0.0330277
0.04196
0.041494
0.0341713
0.0356292
0.0451072
0.0807344
0.0664598
0.0531697
0.0550433
0.10975
0.102495
0.0736139
0.0562552
0.0583293
0.0576111
0.0525226
0.0622242
0.0637682
0.0570574
0.0540026
0.0446194
0.0799612
0.080369
0.11995
0.251771
0.0673734
0.0649457
0.0479946
0.0447267
0.0712811
0.107984
0.0682843
0.0637422
0.0540986
0.0607855
0.0658671
0.0675282
0.0692768
0.0680586
0.0327314
0.0497346
0.0689907
0.053391
0.0949566
0.0631465
0.0712359
0.0695431
0.0764898
0.0516173
0.194006
0.117772
0.967978
1.42761
0.599204
0.591589
0.286853
0.783256
0.250097
0.244576
0.237635
0.250626
0.829154
0.80246
0.478889
0.275173
0.208303
0.171868
0.159684
0.18088
0.170861
0.134743
0.104487
0.135265
0.123102
0.136431
0.154659
0.138347
0.105268
0.0962961
0.101659
0.132639
0.105539
0.0890789
0.11455
0.114139
0.0966815
0.095719
0.0880543
0.0823141
0.107876
0.111253
0.119665
0.125524
0.120312
0.120655
0.127858
0.124245
0.10843
0.122835
0.123957
0.151077
0.134542
0.138836
0.167745
0.190248
0.189736
0.188294
0.209561
0.223886
0.216331
0.228087
0.20581
0.181187
0.142419
0.123619
0.669451
0.178172
0.169286
0.0811217
0.0620768
2.6119
0.0230675
0.0583551
4.02128
0.0583579
0.0520401
0.739245
0.238478
0.0586044
0.456206
0.0879963
0.0177357
0.0188797
0.642054
0.0586533
0.120854
0.0601213
0.371365
0.056594
0.0582239
0.0590481
0.0484974
0.0682039
0.0491566
0.106783
0.0152456
0.0474198
0.0614554
0.0412059
0.0634293
0.0833505
0.0579913
0.0779352
0.0440515
0.0308581
0.0436818
0.0561348
0.0341119
0.015166
0.0322708
0.03934
0.0513394
0.0503358
0.0503362
