5.56249e+15
2.27222e+16
1.24882e+16
5.26956e+15
8.08527e+15
4.85955e+16
5.81297e+16
4.19265e+16
4.46603e+16
2.50833e+16
4.43177e+16
7.74984e+15
9.97044e+15
4.41619e+16
2.47544e+16
5.43966e+16
2.60627e+16
3.9249e+16
1.8984e+16
2.88005e+16
2.73466e+16
3.7603e+16
4.6039e+16
3.81457e+16
3.80208e+16
3.56503e+16
3.02116e+16
3.25443e+16
3.36115e+16
2.0478e+16
2.41931e+16
2.5908e+16
3.93469e+16
3.2616e+16
8.07049e+17
7.43706e+17
9.37913e+17
6.13619e+17
1.27437e+18
5.7881e+17
1.38845e+18
1.31665e+16
5.03842e+17
1.34666e+18
4.92871e+17
2.26818e+16
5.18968e+17
3.98364e+17
1.63116e+16
3.84663e+16
3.81756e+18
6.91856e+17
6.98274e+17
2.53354e+16
7.00507e+17
3.07761e+17
8.08245e+17
6.08837e+17
8.2481e+17
5.04446e+17
5.67941e+16
6.07162e+16
6.18623e+16
1.0091e+18
5.16107e+16
8.40113e+16
3.11166e+17
4.26778e+17
3.62315e+16
1.0278e+17
1.13866e+18
3.17165e+16
1.10941e+17
3.96708e+17
3.25494e+16
3.19361e+17
1.31128e+17
3.28356e+16
1.67447e+17
2.39179e+16
3.02616e+17
2.71135e+16
3.36074e+16
1.38923e+17
2.14115e+16
2.88143e+17
2.41415e+16
1.26787e+17
1.02383e+18
7.64715e+17
9.14429e+17
1.18785e+18
1.04952e+18
6.79788e+17
1.89972e+18
2.83307e+16
2.45857e+17
5.98028e+17
2.33802e+18
1.05692e+16
9.32784e+16
5.86338e+17
8.29427e+16
4.72604e+17
1.06485e+17
3.22619e+16
2.75303e+18
1.45248e+18
1.26208e+18
1.21434e+17
2.08754e+17
4.44648e+17
1.78175e+17
1.91074e+17
2.51615e+16
4.83863e+17
3.86734e+17
1.04085e+17
2.34197e+16
3.78694e+17
7.08966e+16
2.51402e+16
7.06066e+16
8.82741e+16
2.43302e+16
3.13054e+17
2.1375e+16
3.87831e+17
5.64869e+16
2.17803e+16
8.62959e+17
7.54108e+17
6.7127e+17
1.05846e+18
8.5312e+16
6.14233e+16
2.94998e+17
9.25587e+17
7.44897e+16
2.20872e+16
7.9843e+16
2.80928e+15
8.6727e+16
7.95809e+16
2.54398e+17
1.07851e+17
3.87155e+16
1.04046e+16
8.51283e+16
3.59515e+15
8.81501e+17
3.46751e+17
9.9337e+17
7.53766e+15
2.41565e+17
6.5038e+15
7.20623e+17
5.88936e+15
3.00288e+16
1.12945e+18
2.18364e+17
2.57012e+16
6.26693e+15
6.53049e+17
1.91471e+16
7.27989e+15
2.21138e+17
2.59294e+16
2.01553e+17
3.24914e+17
1.92078e+17
1.86062e+17
2.00078e+17
1.20918e+17
5.51868e+17
3.84051e+18
9.22069e+17
3.62191e+16
9.91177e+15
5.94751e+17
9.52121e+17
9.45463e+17
2.01923e+17
2.30516e+17
7.61336e+16
6.88188e+16
6.37101e+16
2.00045e+17
1.09199e+18
1.17797e+17
2.67177e+16
4.58428e+17
4.50224e+16
4.7095e+17
1.03332e+17
1.58184e+17
8.92088e+16
7.30979e+16
7.61398e+16
4.04322e+16
2.63127e+16
1.17069e+18
3.6661e+17
3.41738e+17
3.06948e+16
1.55804e+16
2.58073e+16
3.19716e+16
8.016e+16
1.00916e+17
1.03624e+17
3.41332e+15
2.50803e+15
2.82827e+17
9.78135e+16
6.47816e+16
3.93828e+16
2.24513e+17
3.58665e+16
3.05696e+17
1.54322e+17
8.48656e+17
1.12957e+18
1.04058e+18
1.06314e+18
7.76124e+17
7.20932e+17
1.35023e+18
1.67531e+16
8.24161e+15
1.2179e+18
1.89361e+18
8.94783e+15
2.24107e+16
1.02974e+17
7.32569e+17
5.9324e+17
1.09785e+18
1.32008e+18
7.92177e+16
9.81093e+16
2.0939e+17
2.5773e+16
2.48702e+17
1.70185e+18
1.33697e+18
2.54561e+16
1.49966e+16
1.24098e+16
1.79956e+16
2.30046e+16
9.93173e+17
3.94421e+15
3.67743e+15
7.01818e+15
9.30335e+15
2.2391e+17
2.38932e+16
8.18453e+15
4.64748e+17
2.10498e+17
1.22007e+18
1.59879e+18
5.08394e+15
4.42916e+17
1.28363e+16
2.62142e+16
4.95652e+16
3.22903e+16
1.76739e+16
1.36491e+16
5.97139e+17
8.61556e+15
7.43064e+15
3.70477e+17
1.64979e+16
5.37441e+16
6.4302e+16
4.78656e+16
6.49085e+16
4.35781e+16
3.97521e+16
4.77264e+16
3.37065e+16
2.07981e+17
1.3118e+17
1.88555e+16
3.01763e+17
4.96034e+16
2.32214e+17
4.59094e+15
2.84268e+15
2.04051e+17
6.0338e+15
1.394e+16
1.68591e+16
1.02892e+17
2.33319e+17
2.89448e+17
3.89888e+17
2.14563e+16
1.63215e+16
3.44788e+16
3.6762e+16
1.70283e+16
1.64405e+16
4.04951e+15
7.50446e+15
4.98678e+15
4.58376e+15
4.06095e+15
1.22954e+16
7.60057e+15
7.99987e+15
5.85872e+15
5.22777e+15
5.09765e+15
1.47845e+16
1.34194e+16
1.01334e+16
6.94109e+15
1.80484e+17
6.59795e+15
5.12906e+15
6.30006e+15
6.0968e+15
2.77285e+15
3.95388e+15
2.14573e+15
2.53038e+15
1.89785e+15
2.29577e+15
9.26165e+15
1.08143e+16
8.36435e+15
7.83766e+15
8.62357e+15
3.9007e+15
2.15427e+15
3.24452e+15
5.32841e+15
8.32526e+15
6.98406e+15
4.42203e+15
6.47831e+15
9.06723e+15
6.08611e+15
2.7502e+15
3.27774e+15
3.23742e+15
5.10395e+15
5.00067e+15
5.75548e+15
3.87186e+15
5.18873e+15
2.6636e+15
3.77559e+15
2.76118e+15
3.07392e+15
1.22725e+16
1.46895e+16
1.71214e+16
2.54535e+16
2.26445e+16
9.38881e+15
8.11587e+15
9.73091e+15
1.19826e+16
1.0482e+16
1.32828e+16
1.20079e+16
1.25287e+16
1.06462e+16
1.2458e+16
1.36438e+16
1.44133e+16
2.09344e+16
1.08898e+16
8.44306e+15
1.31163e+16
1.97657e+16
1.40111e+16
1.65104e+16
1.67992e+16
3.99157e+16
7.24413e+15
8.51593e+15
5.84376e+15
1.32824e+16
2.5298e+15
1.90511e+15
2.07666e+15
2.63792e+15
2.2064e+15
1.01052e+15
1.52076e+15
1.5409e+15
2.1079e+15
1.8033e+15
2.18168e+15
2.06222e+15
1.4898e+15
1.21755e+15
2.76688e+15
2.21666e+15
3.17847e+16
3.19924e+16
2.94227e+16
3.16761e+16
3.3801e+15
6.89166e+15
5.89148e+15
3.86076e+15
2.89712e+15
2.84329e+15
3.06487e+15
4.06667e+15
5.65385e+15
7.01887e+15
5.79437e+15
5.61404e+15
5.01025e+15
4.53123e+15
3.74691e+15
2.47862e+15
3.14376e+15
3.237e+15
2.63012e+15
3.3058e+15
4.97108e+15
5.50448e+15
5.94694e+15
4.77815e+15
4.16114e+15
4.31017e+15
4.6676e+15
4.0798e+15
3.2797e+15
3.50446e+15
4.60557e+15
5.94938e+15
3.95304e+15
8.62509e+16
4.57344e+16
1.81746e+16
3.04218e+15
5.52295e+15
3.20892e+15
8.97937e+15
8.4111e+15
1.41704e+16
2.93727e+16
2.25152e+15
1.38207e+15
9.76431e+14
7.93051e+14
6.43392e+15
6.49451e+15
5.7133e+15
9.74919e+15
1.54825e+15
2.71571e+16
3.35216e+16
2.88522e+16
1.53923e+17
1.19771e+17
4.51144e+16
7.2543e+16
8.5106e+15
9.49913e+15
1.16099e+16
6.94375e+15
1.6125e+15
2.06721e+16
2.13613e+16
7.96546e+15
8.10142e+15
4.63272e+15
4.47558e+15
1.38341e+17
3.35285e+15
4.13756e+15
3.25914e+15
1.7722e+16
1.96646e+16
2.84431e+16
2.92745e+16
3.33817e+15
4.4405e+15
1.26722e+16
3.7525e+15
2.43838e+15
2.69052e+15
6.66422e+14
8.66366e+15
3.98905e+15
7.7284e+15
4.13093e+15
2.81355e+15
2.61575e+15
2.72694e+15
7.39325e+15
5.15291e+15
4.51402e+15
2.85354e+15
2.9149e+15
2.95327e+15
2.85857e+15
1.53104e+16
1.83329e+16
1.34522e+16
3.25308e+15
2.65518e+15
2.45949e+15
2.25165e+15
1.74081e+15
1.88338e+15
2.29952e+15
2.66299e+15
2.0426e+15
4.95681e+15
2.06067e+16
6.61729e+16
7.74904e+16
2.04152e+16
2.73078e+15
3.04639e+15
6.40792e+15
7.2935e+15
6.60802e+15
5.84462e+15
3.84009e+15
4.74908e+16
2.4631e+16
1.83097e+16
3.75905e+16
1.63019e+16
1.75211e+16
1.40444e+16
9.49018e+15
2.08725e+15
1.13973e+15
1.7289e+16
1.88102e+16
2.05999e+15
2.24001e+15
1.27312e+16
1.45149e+16
1.66316e+16
1.86744e+16
1.92773e+16
1.27027e+15
1.56959e+15
5.02139e+15
9.71825e+15
6.79512e+15
9.88769e+15
2.18193e+15
1.55768e+15
2.03997e+15
2.16036e+15
1.42078e+15
6.55046e+14
1.0043e+15
4.70532e+14
1.26477e+15
5.14589e+14
9.69649e+15
8.68319e+15
5.81078e+15
1.03083e+16
5.70846e+14
8.66865e+14
3.22254e+15
4.92789e+15
4.42878e+15
2.78507e+15
5.47985e+15
3.52062e+15
4.05587e+15
2.21886e+15
3.06195e+15
3.31279e+15
2.5164e+15
2.30712e+15
2.79409e+15
3.08219e+15
3.77609e+15
2.69123e+15
1.85868e+15
1.94314e+15
1.87866e+15
2.21062e+15
2.28325e+15
2.16081e+15
4.7987e+15
1.02747e+15
2.90437e+16
1.75758e+15
1.34841e+15
2.55571e+16
9.00296e+14
1.54192e+15
3.46833e+15
2.15127e+15
1.12943e+15
1.87491e+15
1.9775e+15
3.54872e+15
1.39041e+15
2.25327e+15
2.95161e+15
2.16836e+15
3.64159e+15
2.97812e+15
4.69554e+15
2.50446e+15
2.72556e+15
2.92915e+15
3.10851e+15
4.38384e+15
4.14432e+15
5.63672e+15
5.8225e+15
4.4487e+15
3.70685e+15
3.49961e+15
2.86313e+15
2.26653e+15
1.39523e+15
1.03071e+15
3.03363e+15
1.36233e+15
4.89893e+16
4.51213e+15
5.11165e+15
5.8093e+15
4.40765e+15
5.57249e+15
3.34207e+15
4.54272e+15
4.92345e+15
8.15552e+15
7.38538e+15
3.66632e+15
5.51803e+15
5.46129e+15
3.14502e+15
3.24754e+15
4.41883e+15
9.88287e+14
1.08728e+15
2.62144e+15
6.05798e+15
3.70351e+15
2.28857e+15
2.51313e+15
2.90202e+15
3.58422e+15
3.90373e+15
4.21081e+15
3.76704e+15
2.38016e+15
1.42494e+15
4.33413e+15
2.38512e+15
2.16793e+15
2.43611e+15
2.2511e+15
3.05103e+15
3.01178e+15
1.51754e+15
1.46089e+15
1.77777e+15
1.97865e+15
2.42829e+15
2.96222e+15
2.19714e+15
1.89036e+15
1.53417e+15
1.05049e+15
2.90788e+15
3.92417e+15
4.27778e+15
2.20566e+15
3.5157e+15
2.89927e+15
3.29484e+15
2.96742e+15
2.55761e+15
2.81916e+15
2.98601e+15
3.36118e+15
2.81655e+15
2.19111e+15
3.28911e+15
4.11919e+15
3.61182e+15
2.94341e+15
1.24727e+15
1.91133e+15
1.8493e+15
3.12929e+15
2.15187e+15
2.02524e+15
1.81243e+15
1.61514e+15
1.84338e+15
2.17593e+15
2.21393e+15
1.96468e+15
3.2083e+15
3.77978e+15
3.84391e+15
2.17384e+15
1.5222e+15
2.21774e+15
2.04906e+15
2.72475e+15
2.44285e+15
4.7161e+15
3.66975e+15
7.61562e+14
6.61481e+14
6.58963e+14
8.72293e+14
2.69078e+15
4.56926e+15
6.77147e+15
2.71552e+15
2.42158e+15
1.6128e+15
2.31577e+15
2.28925e+15
1.14739e+15
2.71071e+15
2.76972e+15
2.40484e+15
1.66141e+15
3.28485e+15
3.52087e+15
1.57304e+15
1.42071e+15
9.93776e+14
3.94084e+15
2.48331e+15
3.37252e+15
2.89712e+15
3.20133e+15
3.61384e+15
4.34224e+15
3.43014e+15
3.06141e+15
1.79982e+15
1.81937e+15
2.99885e+15
3.58208e+15
2.8796e+15
2.42246e+15
3.77025e+15
2.86142e+15
3.32255e+15
2.67994e+15
3.4348e+15
3.38536e+15
2.65664e+15
4.0093e+15
6.96568e+14
1.11351e+15
9.67974e+14
1.05983e+15
4.35367e+14
1.10807e+15
5.49944e+14
4.52388e+14
4.00724e+15
3.83983e+15
3.746e+15
4.27179e+15
4.65275e+15
1.78063e+15
2.11511e+15
1.97949e+15
3.08504e+15
3.72694e+15
4.04841e+15
4.72242e+15
3.2728e+15
4.11331e+15
5.89724e+15
2.75473e+15
3.15241e+15
4.47101e+15
2.41113e+15
1.74764e+15
6.74227e+15
4.69759e+15
3.76397e+15
4.37346e+15
3.86113e+15
2.69444e+15
3.65823e+15
3.7089e+15
5.49351e+15
4.52156e+15
4.09578e+15
3.08671e+15
1.88727e+15
3.51169e+15
3.46323e+15
4.19237e+15
2.27355e+15
3.61853e+15
4.58154e+15
2.90895e+15
3.31715e+15
5.3984e+15
3.45735e+15
4.50861e+15
3.19602e+15
3.37503e+15
3.34493e+15
3.87813e+15
3.67106e+15
3.15186e+15
6.28433e+15
4.74955e+15
4.27014e+15
3.29044e+15
3.5478e+15
2.99841e+15
2.93767e+15
2.82802e+15
2.06773e+15
2.7633e+15
4.25569e+15
3.55253e+15
3.79916e+15
4.87041e+15
5.10857e+15
3.45373e+15
2.73846e+15
3.53002e+15
3.29823e+15
2.7402e+15
2.43963e+15
2.55445e+15
2.48413e+15
3.70615e+15
3.31097e+15
4.35001e+15
3.78942e+15
3.49078e+15
3.462e+15
5.30012e+15
4.67715e+15
4.56984e+15
4.57239e+15
2.15306e+15
2.43336e+15
5.04213e+15
8.69522e+14
1.67488e+15
5.18493e+15
3.84056e+15
3.44799e+15
3.71905e+15
4.15694e+15
4.61702e+15
4.89906e+15
4.8483e+15
5.01581e+15
3.79864e+15
4.89555e+15
4.26907e+15
4.78399e+15
4.04317e+15
3.59236e+15
4.23641e+15
2.67624e+15
2.14383e+15
2.33561e+15
3.99501e+15
4.70148e+15
4.62803e+15
4.52081e+15
2.72025e+15
2.81852e+15
4.25369e+15
3.0666e+15
3.83823e+15
3.97769e+15
3.55674e+15
2.78349e+15
3.47177e+15
2.70372e+15
1.94954e+15
3.95823e+15
3.35663e+15
4.33166e+15
5.14706e+15
3.20134e+15
3.43018e+15
3.61475e+15
2.82026e+15
2.16402e+15
2.09614e+15
5.30345e+15
5.09099e+15
3.37994e+15
3.44848e+15
2.90401e+15
1.74836e+15
3.39068e+15
3.84989e+15
3.28215e+15
2.71924e+15
2.60654e+15
3.42362e+15
3.7405e+15
5.27681e+15
4.50596e+15
3.72038e+15
4.13403e+15
4.15964e+15
3.56125e+15
4.24259e+15
2.73464e+15
3.15279e+15
4.699e+15
3.56692e+15
3.93836e+15
3.40372e+15
2.14947e+15
3.36454e+15
1.86742e+16
6.39743e+15
4.86985e+15
3.50287e+15
4.70161e+15
4.68806e+15
3.59454e+15
3.73676e+16
4.54092e+16
2.51502e+16
9.6923e+14
1.13231e+15
1.16253e+15
2.60279e+15
2.54214e+15
3.35545e+15
3.544e+15
2.43484e+15
3.27276e+15
3.16658e+15
3.51062e+15
2.2155e+15
2.22592e+15
2.31586e+15
2.10657e+15
2.94717e+15
3.4249e+15
2.13135e+15
4.93046e+15
3.85757e+15
1.76671e+15
3.54912e+15
5.83048e+15
3.62025e+15
5.38864e+15
4.21283e+15
1.04663e+15
1.44722e+15
1.40408e+15
2.87854e+15
2.30775e+15
2.82305e+15
3.17318e+15
1.76455e+15
2.01238e+15
5.35231e+15
3.17678e+15
2.86101e+15
5.81152e+15
4.65707e+15
3.22117e+15
3.6007e+15
3.27364e+15
3.47385e+15
4.33352e+15
4.11909e+15
5.56347e+15
3.70585e+15
3.5853e+15
1.55877e+15
4.79048e+15
3.2729e+15
8.31319e+14
1.29074e+15
5.0153e+15
4.94534e+15
5.42762e+15
3.46429e+15
2.44192e+15
5.18162e+15
1.77911e+15
2.46005e+15
2.5913e+15
2.79211e+15
2.95543e+15
2.32854e+15
1.49256e+15
2.96964e+15
3.75096e+15
2.56068e+15
2.90342e+15
2.77255e+15
2.4866e+15
1.85896e+15
3.09901e+15
2.88185e+15
3.10526e+15
6.88533e+15
2.99399e+15
3.52521e+15
4.03188e+15
3.39366e+15
3.26654e+15
4.53024e+15
3.6658e+15
3.58215e+15
3.20131e+15
3.31245e+15
4.4524e+15
2.61472e+15
3.45891e+15
2.9257e+15
3.5866e+15
2.53325e+15
3.22893e+15
2.46496e+15
2.4694e+15
3.35988e+15
2.69211e+15
4.70775e+15
4.10454e+15
3.87315e+15
4.55507e+15
5.06881e+15
1.71235e+18
1.61442e+18
1.62049e+18
1.48094e+18
1.24256e+18
1.29044e+18
9.67454e+17
8.87756e+17
7.65433e+17
6.69963e+17
5.28273e+17
5.92222e+17
5.33903e+17
4.65051e+17
4.38101e+17
4.69148e+17
3.94942e+17
4.72382e+17
3.877e+17
3.55731e+17
3.34389e+17
3.41176e+17
3.01335e+17
3.26913e+17
2.69818e+17
2.4582e+17
2.54446e+17
2.33875e+17
2.70112e+17
2.60169e+17
2.07225e+17
2.48438e+17
1.96423e+17
2.29326e+17
1.78597e+17
2.18124e+17
1.4636e+17
1.7638e+17
1.48199e+17
1.52063e+17
1.39068e+17
1.75299e+17
1.60715e+17
1.44745e+17
1.05076e+17
1.04011e+17
5.52884e+16
6.05839e+16
0
0
0
0
1.79316e+12
2.30385e+12
0
0
0
0
0
0
8.14421e+08
1.21854e+08
1.15826e+06
0
0
0
0
0
1.56624e+11
5.87994e+11
0
0
0
0
0
0
0
0
0
0
0
0
0
0
0
0
0
0
0
0
0
0
0
0
0
0
0
0
6.84387e+07
0
3.54238e+07
3.75484e+07
0
0
0
0
2.95382e+07
1.18575e+08
0
0
0
0
0
0
0
0
1.68067e+11
6.30191e+08
0
0
0
0
0
0
0
0
0
0
3.47974e+08
2.98958e+08
0
0
5.94358e+09
5.19584e+08
0
0
0
0
0
0
0
0
0
0
7.02155e+16
6.9669e+16
6.33088e+16
7.02923e+16
7.14782e+16
9.16862e+16
7.99906e+16
8.20703e+16
9.05224e+16
1.09621e+17
9.52772e+16
9.35713e+16
7.49945e+16
6.2643e+16
3.25886e+16
5.73735e+16
3.68268e+16
4.65267e+16
4.66798e+16
6.46989e+16
6.33247e+16
8.38884e+16
8.32694e+16
1.08481e+17
1.33674e+17
1.92294e+17
2.89754e+17
3.05288e+17
3.10012e+17
3.38444e+17
3.96769e+17
4.3833e+17
4.65096e+17
4.71181e+17
5.05386e+17
5.95491e+17
4.80969e+17
5.51307e+17
5.81902e+17
6.36419e+17
7.46822e+17
7.64707e+17
7.89559e+17
7.95379e+17
8.9339e+17
9.75418e+17
1.45719e+18
1.53126e+18
1.89777e+18
1.88775e+18
1.58709e+18
1.43045e+18
1.20095e+18
1.09579e+18
8.94658e+17
8.29834e+17
6.49836e+17
6.21318e+17
4.64202e+17
4.63244e+17
5.12451e+17
4.90018e+17
3.6242e+17
3.94023e+17
3.56338e+17
3.62432e+17
3.47535e+17
3.12445e+17
3.1396e+17
3.0088e+17
2.63423e+17
2.64517e+17
2.07465e+17
2.0498e+17
1.62311e+17
2.28646e+17
1.97035e+17
2.24298e+17
1.45201e+17
1.69186e+17
1.65782e+17
1.70316e+17
1.5677e+17
1.38121e+17
1.30012e+17
1.3413e+17
1.02349e+17
1.23573e+17
1.04219e+17
1.10943e+17
1.00404e+17
1.19438e+17
8.72729e+16
9.39727e+16
6.26027e+16
4.64395e+16
0
0
0
0
1.58628e+12
2.41002e+12
2.47178e+11
5.06449e+11
0
0
0
0
8.42132e+08
9.46746e+07
1.31949e+08
9.69996e+07
0
0
0
0
2.23949e+11
5.17697e+11
0
0
0
0
0
0
0
0
0
0
0
0
0
0
0
0
0
0
0
0
0
0
0
0
0
0
0
0
3.22148e+09
1.15985e+08
3.74283e+07
3.53173e+07
0
0
0
0
5.51e+07
1.15291e+08
0
0
0
0
0
0
0
0
1.29562e+13
5.71181e+12
0
0
0
0
0
0
0
0
0
0
3.73296e+08
2.65017e+08
0
0
5.65806e+09
7.7811e+08
0
0
0
0
0
0
0
0
0
0
5.8921e+16
5.3188e+16
6.07918e+16
7.30308e+16
5.21249e+16
5.28519e+16
7.23056e+16
7.12636e+16
7.2954e+16
7.94501e+16
8.83691e+16
8.15813e+16
5.59545e+16
4.35022e+16
2.5404e+16
3.04978e+16
2.44205e+16
3.0978e+16
3.58889e+16
4.69102e+16
5.45363e+16
4.79899e+16
9.06028e+16
9.0028e+16
1.44756e+17
2.03559e+17
2.33839e+17
2.66654e+17
2.76532e+17
2.76016e+17
3.51312e+17
3.8707e+17
4.04973e+17
4.20034e+17
4.67979e+17
5.02488e+17
4.82292e+17
4.85682e+17
5.39606e+17
5.8947e+17
5.8378e+17
6.41542e+17
6.75978e+17
7.68791e+17
9.11417e+17
1.0615e+18
1.49976e+18
1.72601e+18
1.96797e+18
2.04852e+18
1.61912e+18
1.48923e+18
1.12699e+18
1.05974e+18
7.8538e+17
7.64607e+17
6.02613e+17
5.79218e+17
4.46777e+17
4.13229e+17
4.15716e+17
4.15245e+17
3.30382e+17
3.28207e+17
2.98654e+17
3.07846e+17
3.14932e+17
2.81915e+17
2.52513e+17
2.48251e+17
2.12527e+17
2.20922e+17
1.56619e+17
1.85101e+17
1.50669e+17
1.59183e+17
1.44226e+17
1.69616e+17
1.0877e+17
1.25886e+17
1.16986e+17
1.4032e+17
9.75791e+16
1.2072e+17
8.25511e+16
9.85269e+16
8.13645e+16
7.70246e+16
6.70864e+16
9.01854e+16
6.55222e+16
7.15299e+16
7.03874e+16
6.7496e+16
5.83109e+16
4.52623e+16
0
0
0
0
1.40105e+12
2.49641e+12
4.66466e+11
3.42256e+12
0
0
0
0
8.70168e+08
6.73101e+07
1.48349e+08
8.10362e+07
0
0
0
0
2.90153e+11
4.48592e+11
0
0
0
0
0
0
0
0
0
0
0
0
0
0
0
0
0
0
0
0
0
0
0
0
0
0
0
0
3.18568e+09
1.32896e+08
3.9419e+07
3.31066e+07
0
0
0
0
4.76899e+08
5.36071e+08
0
0
0
0
0
0
0
0
1.32191e+13
5.34828e+12
0
0
0
0
0
0
0
0
0
0
3.97178e+08
2.32834e+08
0
0
5.37488e+09
1.03782e+09
0
0
0
0
0
0
0
0
0
0
3.48197e+16
4.65526e+16
4.01371e+16
4.39581e+16
2.95921e+16
3.79095e+16
4.34144e+16
5.78449e+16
5.76339e+16
6.55183e+16
6.86779e+16
6.51371e+16
4.96595e+16
4.18158e+16
2.70231e+16
2.75255e+16
2.21087e+16
2.82915e+16
3.66873e+16
4.27336e+16
4.46791e+16
4.17745e+16
8.15736e+16
8.46358e+16
1.67548e+17
1.95339e+17
2.02593e+17
2.3395e+17
2.47334e+17
2.61696e+17
3.24379e+17
3.36769e+17
3.41692e+17
3.87858e+17
4.17733e+17
4.59642e+17
4.49393e+17
4.27638e+17
5.04015e+17
5.68624e+17
5.353e+17
5.85914e+17
6.65666e+17
7.05199e+17
9.07553e+17
1.08118e+18
1.68986e+18
1.90445e+18
1.98685e+18
2.03125e+18
1.62751e+18
1.44729e+18
1.07512e+18
1.00571e+18
6.78623e+17
6.8026e+17
5.26614e+17
5.35434e+17
4.08074e+17
4.07891e+17
3.33789e+17
3.49082e+17
2.75564e+17
2.74183e+17
2.58904e+17
2.61232e+17
2.77501e+17
2.38341e+17
2.11096e+17
2.18423e+17
1.72085e+17
1.70871e+17
1.33923e+17
1.33573e+17
1.15144e+17
1.21917e+17
1.05833e+17
1.13851e+17
8.76909e+16
8.67657e+16
7.76803e+16
9.14754e+16
7.92148e+16
8.12339e+16
4.69032e+16
6.70148e+16
5.25807e+16
5.36982e+16
3.86507e+16
5.39982e+16
3.16813e+16
4.34201e+16
3.89348e+16
5.01981e+16
2.90618e+16
3.26555e+16
0
0
0
0
1.23592e+12
2.56461e+12
6.87696e+11
3.19377e+12
0
0
0
0
8.98594e+08
3.97352e+07
1.64876e+08
6.49831e+07
0
0
0
0
3.55314e+11
3.80634e+11
0
0
0
0
0
0
0
0
0
0
0
0
0
0
0
0
0
0
0
0
0
0
0
0
0
0
0
0
3.1511e+09
1.48941e+08
4.1393e+07
3.09168e+07
0
0
0
0
4.7399e+08
5.33828e+08
0
0
0
0
0
0
2.18798e+07
3.74288e+08
1.34748e+13
4.993e+12
0
0
0
0
0
0
0
0
0
0
4.19714e+08
2.02324e+08
0
0
5.09284e+09
1.30018e+09
0
0
0
0
0
0
0
0
0
0
2.00239e+16
2.88646e+16
2.24491e+16
2.34862e+16
1.88795e+16
2.87234e+16
2.75694e+16
4.27894e+16
3.8956e+16
5.10651e+16
4.02532e+16
5.24109e+16
4.51566e+16
3.90624e+16
2.38922e+16
2.07941e+16
1.82195e+16
2.31516e+16
2.40076e+16
2.03044e+16
4.34275e+16
4.95389e+16
5.46464e+16
8.70875e+16
1.50883e+17
1.66606e+17
1.64197e+17
1.97537e+17
2.15853e+17
2.37446e+17
2.76062e+17
2.88192e+17
3.31968e+17
3.4529e+17
3.85696e+17
4.26041e+17
4.01009e+17
3.81527e+17
4.77103e+17
5.19196e+17
5.02122e+17
5.81308e+17
6.03016e+17
7.00487e+17
8.69701e+17
1.09639e+18
1.75704e+18
2.04469e+18
2.0412e+18
2.08839e+18
1.51434e+18
1.35045e+18
1.0636e+18
9.01999e+17
6.57348e+17
6.6924e+17
4.98538e+17
4.38467e+17
3.47752e+17
3.84896e+17
2.98953e+17
3.0883e+17
2.62081e+17
2.39397e+17
2.37211e+17
2.16716e+17
2.2083e+17
2.11726e+17
1.68258e+17
1.54567e+17
1.3747e+17
1.34651e+17
1.16925e+17
9.63595e+16
8.65764e+16
8.93217e+16
7.55176e+16
7.19574e+16
5.96115e+16
6.10333e+16
4.37089e+16
5.19449e+16
4.931e+16
5.63778e+16
3.25844e+16
3.69321e+16
2.94676e+16
3.07884e+16
1.94951e+16
2.71084e+16
1.79748e+16
1.82613e+16
2.09527e+16
2.43016e+16
1.84221e+16
2.18494e+16
0
0
0
0
1.08957e+12
2.6162e+12
9.11584e+11
2.96596e+12
2.34799e+11
0
1.48118e+07
5.02738e+08
3.87748e+08
1.19193e+07
2.52282e+11
4.88288e+07
0
0
0
0
4.19448e+11
3.13742e+11
0
0
0
0
0
0
0
0
0
0
0
0
0
0
0
0
0
0
0
0
0
0
0
0
0
0
0
0
3.11773e+09
1.64137e+08
4.33501e+07
2.87446e+07
0
0
0
0
4.71146e+08
5.3157e+08
0
0
0
0
0
0
1.16664e+08
1.6118e+09
1.37236e+13
4.64413e+12
0
0
0
0
0
0
0
0
0
0
4.41043e+08
1.73329e+08
0
0
4.81164e+09
1.56594e+09
0
0
0
0
0
0
0
0
0
0
1.15396e+16
1.15572e+16
1.29221e+16
1.3932e+16
1.45055e+16
2.12928e+16
1.62088e+16
2.11376e+16
2.57909e+16
3.23664e+16
3.12706e+16
3.76605e+16
3.54946e+16
4.0931e+16
1.71564e+16
1.4436e+16
1.16448e+16
1.96304e+16
1.65726e+16
1.5263e+16
3.58989e+16
3.49278e+16
5.64358e+16
8.99816e+16
1.17265e+17
1.3923e+17
1.33057e+17
1.57123e+17
1.88584e+17
2.1503e+17
2.28678e+17
2.43865e+17
2.72597e+17
2.97384e+17
3.45727e+17
3.59993e+17
3.53156e+17
3.76964e+17
4.25701e+17
4.82369e+17
4.68716e+17
5.46175e+17
5.60206e+17
6.34201e+17
9.00883e+17
1.13741e+18
1.87169e+18
2.13561e+18
2.17275e+18
2.20865e+18
1.44977e+18
1.35571e+18
9.21493e+17
8.24109e+17
5.67084e+17
5.38201e+17
4.00632e+17
3.92663e+17
3.08122e+17
3.03828e+17
2.24166e+17
2.59029e+17
2.20519e+17
2.03536e+17
1.72184e+17
1.76801e+17
1.80539e+17
1.63517e+17
1.31988e+17
1.23014e+17
9.28461e+16
1.08486e+17
8.11971e+16
8.6606e+16
5.33641e+16
6.57403e+16
5.16694e+16
6.0974e+16
3.93603e+16
4.414e+16
3.74749e+16
2.97861e+16
2.87174e+16
2.99372e+16
2.17119e+16
2.44419e+16
1.36498e+16
1.95079e+16
1.11611e+16
1.09751e+16
9.70876e+15
1.147e+16
9.75348e+15
1.28587e+16
1.14907e+16
1.11513e+16
0
0
0
0
9.60629e+11
2.65279e+12
1.13983e+12
2.73822e+12
3.26513e+12
3.29857e+11
4.08659e+07
8.60695e+08
0
0
4.90131e+12
6.50795e+12
0
0
0
0
4.82623e+11
2.47888e+11
0
0
0
0
0
0
3.05017e+08
7.1568e+07
0
0
0
0
0
0
0
0
0
0
0
0
0
0
0
0
0
0
0
0
3.08552e+09
1.78521e+08
4.52976e+07
2.65893e+07
0
0
0
0
6.14766e+08
5.49623e+08
0
0
0
0
0
0
2.09503e+08
1.509e+09
1.39686e+13
4.30218e+12
0
0
0
0
0
0
0
0
0
0
4.61218e+08
1.45736e+08
0
0
4.53012e+09
1.83585e+09
0
0
0
0
0
0
0
0
0
0
7.98799e+15
4.62311e+15
8.668e+15
7.34815e+15
5.40511e+15
9.04994e+15
1.13204e+16
1.21887e+16
1.4869e+16
2.10825e+16
2.20497e+16
2.33818e+16
2.75203e+16
2.95361e+16
1.52275e+16
1.18049e+16
1.163e+16
1.48799e+16
1.3586e+16
1.36558e+16
2.4586e+16
2.64351e+16
5.97999e+16
8.22644e+16
8.99584e+16
1.05522e+17
1.06915e+17
1.35094e+17
1.47049e+17
1.85099e+17
1.77691e+17
2.00543e+17
2.12816e+17
2.54496e+17
2.82015e+17
3.11199e+17
3.34885e+17
3.28435e+17
3.94472e+17
4.09339e+17
4.4539e+17
4.76117e+17
4.98105e+17
5.64049e+17
8.29968e+17
1.09478e+18
1.9698e+18
2.24142e+18
2.28703e+18
2.21365e+18
1.45138e+18
1.20044e+18
7.76996e+17
6.80278e+17
4.62975e+17
4.89646e+17
4.01956e+17
3.11517e+17
2.7037e+17
2.6385e+17
2.12205e+17
2.07548e+17
1.75074e+17
1.71337e+17
1.29361e+17
1.43194e+17
1.22544e+17
1.35191e+17
8.65238e+16
8.49777e+16
6.73068e+16
6.84839e+16
4.91968e+16
5.38716e+16
4.93325e+16
4.45154e+16
2.9456e+16
3.92922e+16
2.65203e+16
3.01921e+16
2.2854e+16
2.18214e+16
1.43882e+16
1.58087e+16
1.24383e+16
1.5138e+16
7.93917e+15
8.24671e+15
6.72408e+15
5.29791e+15
4.83142e+15
6.09114e+15
3.21098e+15
5.99977e+15
3.62729e+15
4.75891e+15
0
0
0
0
8.47785e+11
2.67574e+12
1.51692e+12
4.58541e+12
1.08156e+12
8.18663e+10
6.71827e+07
8.35201e+08
319655
4.56227e+06
5.43669e+12
5.98768e+12
0
0
0
0
5.44715e+11
1.8301e+11
0
0
0
0
0
0
6.38028e+06
1.76081e+09
0
0
0
0
0
0
0
0
0
0
0
0
0
0
0
0
0
0
0
0
3.0544e+09
1.92124e+08
4.72313e+07
2.44514e+07
0
0
0
0
6.02215e+08
1.07465e+09
0
0
0
0
0
0
3.00551e+08
1.40814e+09
1.42074e+13
3.96695e+12
5.25034e+07
5.6154e+07
0
0
0
0
0
0
4.81107e+08
3.40637e+07
4.80292e+08
1.1952e+08
0
0
1.49939e+12
1.09871e+11
0
0
0
0
0
0
0
0
0
0
3.91488e+15
5.48559e+15
3.70647e+15
2.73116e+15
2.60934e+15
3.66562e+15
5.52455e+15
8.7136e+15
6.98108e+15
1.31589e+16
1.55209e+16
1.59553e+16
1.82507e+16
1.75507e+16
1.22205e+16
1.02944e+16
9.28055e+15
1.14654e+16
1.13054e+16
1.54762e+16
1.67134e+16
1.93677e+16
4.48478e+16
5.967e+16
6.05397e+16
8.46567e+16
9.17918e+16
9.88404e+16
1.14995e+17
1.37486e+17
1.4972e+17
1.67778e+17
1.76739e+17
2.26361e+17
2.29348e+17
2.61048e+17
2.81321e+17
2.94289e+17
3.2929e+17
3.61608e+17
3.73508e+17
4.50676e+17
4.43537e+17
5.29905e+17
8.02339e+17
1.07203e+18
2.00211e+18
2.38556e+18
2.46127e+18
2.21964e+18
1.45683e+18
1.21085e+18
6.77032e+17
5.88369e+17
3.78927e+17
3.9321e+17
3.19519e+17
2.54913e+17
2.11866e+17
2.11711e+17
1.59417e+17
1.78261e+17
1.33948e+17
1.47154e+17
1.0186e+17
1.09359e+17
9.59119e+16
8.19502e+16
6.72731e+16
5.88312e+16
4.84608e+16
4.57512e+16
3.10853e+16
3.85193e+16
2.46873e+16
2.94025e+16
1.41605e+16
2.34714e+16
1.46891e+16
1.52317e+16
1.27025e+16
1.10487e+16
8.19823e+15
9.35507e+15
7.02633e+15
9.69991e+15
4.87156e+15
3.66145e+15
4.11936e+15
2.45272e+15
3.35828e+15
3.74996e+15
1.26848e+15
1.3516e+15
1.41938e+15
1.59982e+15
0
0
0
0
7.49887e+11
2.6865e+12
1.97437e+12
5.20106e+12
3.40556e+12
2.95231e+11
9.37906e+07
8.09652e+08
1.42223e+07
1.96599e+08
5.97506e+12
5.46518e+12
0
0
0
0
6.05969e+11
1.19238e+11
0
0
0
0
0
0
0
3.6827e+07
1.42417e+09
0
0
0
0
0
0
0
0
0
0
0
0
0
0
0
0
0
0
0
3.02434e+09
2.04999e+08
4.91522e+07
2.23305e+07
0
0
0
0
9.8065e+08
1.07893e+09
0
0
0
0
0
0
3.89976e+08
1.30883e+09
1.44424e+13
3.63808e+12
1.32847e+07
1.81318e+09
0
0
0
0
1.6963e+08
5.18955e+07
4.57532e+08
6.6863e+08
4.98388e+08
9.45298e+07
0
0
1.02895e+12
3.07572e+12
0
0
0
0
0
0
0
0
0
0
1.13985e+15
3.49907e+15
2.1746e+15
1.91903e+15
1.40074e+15
2.49824e+15
1.49904e+15
4.34821e+15
5.07412e+15
6.84686e+15
9.20855e+15
1.08637e+16
1.34136e+16
1.28791e+16
7.52865e+15
8.18869e+15
6.86996e+15
7.29021e+15
1.20686e+16
9.34962e+15
1.13704e+16
1.88504e+16
2.99915e+16
4.37491e+16
4.87074e+16
6.95716e+16
6.11192e+16
6.96614e+16
9.45529e+16
1.09667e+17
1.1335e+17
1.27558e+17
1.43456e+17
1.92453e+17
1.75868e+17
2.04357e+17
2.34553e+17
2.49762e+17
2.77283e+17
3.13813e+17
3.3376e+17
3.76952e+17
4.19607e+17
4.91031e+17
7.25368e+17
1.01822e+18
1.96709e+18
2.39093e+18
2.32062e+18
2.17567e+18
1.34358e+18
1.12793e+18
6.16171e+17
4.83532e+17
2.9768e+17
3.24433e+17
2.27385e+17
2.16316e+17
1.48942e+17
1.45506e+17
1.28594e+17
1.28359e+17
1.01953e+17
1.16894e+17
7.67654e+16
8.96992e+16
7.57941e+16
6.04472e+16
4.63966e+16
4.15488e+16
3.46694e+16
2.98432e+16
2.47531e+16
2.80143e+16
1.79619e+16
2.11886e+16
5.51543e+15
1.03064e+16
5.4975e+15
7.71739e+15
6.65948e+15
6.44232e+15
5.3714e+15
4.56355e+15
1.89724e+15
5.66345e+15
2.17957e+15
2.89664e+15
2.20117e+15
1.79356e+15
6.81417e+14
1.76848e+15
1.47591e+15
1.45478e+15
6.89313e+14
3.17766e+14
0
0
0
0
6.65872e+11
2.68634e+12
2.44789e+12
4.75804e+12
3.9724e+12
2.60727e+12
1.20711e+08
7.84009e+08
2.83322e+07
1.83308e+08
6.51783e+12
4.9405e+12
0
0
4.61394e+09
5.50664e+10
5.99869e+11
5.63256e+10
0
0
0
0
0
0
0
0
1.26128e+09
1.98704e+08
0
0
0
0
0
0
0
0
3.32343e+08
0
0
0
0
0
0
0
0
0
2.99531e+09
2.17142e+08
5.10607e+07
2.02229e+07
0
0
0
0
9.62769e+08
1.14517e+09
0
0
0
0
0
0
4.77677e+08
1.21129e+09
1.4673e+13
3.31508e+12
0
6.20676e+08
1.14503e+09
0
0
0
2.5651e+08
1.23766e+09
4.33985e+08
6.89324e+08
5.15633e+08
7.0712e+07
0
0
5.30097e+11
3.61696e+12
0
0
0
0
0
0
0
0
0
0
3.62658e+14
5.38443e+14
1.11936e+15
1.08345e+15
9.49705e+14
1.90495e+15
1.18787e+15
1.73941e+15
3.19035e+15
3.29916e+15
3.37925e+15
6.32322e+15
7.42934e+15
1.18502e+16
4.46976e+15
5.27211e+15
4.67372e+15
4.8383e+15
1.11439e+16
6.17486e+15
8.48786e+15
1.43324e+16
1.72462e+16
2.99111e+16
3.91268e+16
4.50441e+16
5.08407e+16
5.2475e+16
7.00867e+16
7.64334e+16
8.69321e+16
1.0174e+17
1.09126e+17
1.52685e+17
1.39671e+17
1.73449e+17
1.71984e+17
2.05143e+17
2.10519e+17
2.51723e+17
2.83409e+17
3.1295e+17
3.63522e+17
4.47547e+17
6.35154e+17
9.24516e+17
2.01964e+18
2.53123e+18
2.34515e+18
2.1524e+18
1.20554e+18
9.60062e+17
4.70005e+17
4.08053e+17
2.25828e+17
2.44291e+17
1.53996e+17
1.83806e+17
1.13601e+17
9.79176e+16
8.32985e+16
9.22478e+16
7.45707e+16
7.53113e+16
6.6971e+16
6.04549e+16
5.25925e+16
4.3954e+16
2.55748e+16
2.69321e+16
1.86272e+16
1.79541e+16
1.23405e+16
1.6395e+16
9.46513e+15
1.42959e+16
3.77973e+15
3.27157e+15
4.01353e+15
3.62232e+15
4.5453e+15
3.39715e+15
2.27407e+15
3.21173e+15
5.87023e+14
1.73821e+15
1.88067e+15
1.70514e+15
6.4373e+14
9.65125e+14
3.50889e+14
4.38526e+14
1.82977e+14
7.38229e+14
1.80047e+14
1.49194e+14
0
0
0
0
5.94714e+11
2.67678e+12
2.94177e+12
4.30574e+12
4.56515e+12
2.08076e+12
1.47994e+08
7.58269e+08
4.26549e+07
1.69831e+08
7.0645e+12
4.41295e+12
0
0
5.46807e+10
5.93746e+11
0
0
0
0
0
0
0
0
0
0
1.05793e+09
4.09221e+08
0
0
0
0
0
0
2.19707e+10
4.28835e+09
2.18592e+09
5.36554e+08
0
0
0
0
0
0
0
0
2.96725e+09
2.28599e+08
5.29555e+07
1.81292e+07
0
0
0
0
9.45232e+08
1.15206e+09
0
0
0
0
0
0
5.63713e+08
1.11584e+09
1.48978e+13
2.9982e+12
0
0
1.70859e+09
2.32269e+07
0
0
3.40349e+08
1.13897e+09
4.10482e+08
7.10122e+08
2.60309e+09
1.8882e+09
0
0
3.37702e+09
4.14842e+12
7.78445e+12
2.15957e+10
0
0
0
0
0
0
0
0
5.78685e+13
4.76035e+13
5.38274e+14
7.55764e+14
3.60247e+14
8.13193e+14
1.27099e+15
1.3822e+15
1.04037e+15
1.68829e+15
1.18201e+15
3.42212e+15
3.80056e+15
6.04668e+15
2.52653e+15
2.99253e+15
3.13688e+15
2.79917e+15
4.00942e+15
2.77541e+15
3.50145e+15
8.73375e+15
1.21961e+16
1.81888e+16
2.38655e+16
2.9391e+16
3.87508e+16
4.33936e+16
4.92761e+16
4.35155e+16
7.20806e+16
8.24818e+16
7.78615e+16
1.08625e+17
1.06226e+17
1.38219e+17
1.35709e+17
1.71532e+17
1.5828e+17
1.91238e+17
2.26702e+17
2.68217e+17
2.97279e+17
3.75583e+17
5.94968e+17
8.33672e+17
2.06783e+18
2.68274e+18
2.36617e+18
1.98778e+18
1.08486e+18
7.66819e+17
3.49127e+17
3.0356e+17
1.88132e+17
1.86166e+17
1.19626e+17
1.30606e+17
9.4494e+16
7.04431e+16
6.34493e+16
6.37193e+16
5.00365e+16
4.78525e+16
4.03379e+16
4.70764e+16
2.6427e+16
3.06853e+16
1.73233e+16
1.83776e+16
1.22557e+16
1.22627e+16
7.13047e+15
7.91127e+15
4.22996e+15
4.95407e+15
1.40479e+15
2.53377e+15
1.96777e+15
3.4531e+15
2.04735e+15
8.36113e+14
1.29832e+15
8.63665e+14
2.4644e+14
1.66562e+15
2.65266e+14
2.42635e+14
1.44318e+14
3.51513e+14
1.99574e+14
9.84157e+13
2.78054e+14
9.52309e+13
1.88554e+11
2.45076e+11
0
0
4.52565e+08
5.96973e+07
5.35526e+11
2.65907e+12
3.50082e+12
4.31616e+12
5.59463e+12
1.5318e+12
1.75714e+08
7.32339e+08
5.7206e+07
1.56175e+08
7.6148e+12
3.88186e+12
0
0
1.0451e+11
5.43317e+11
0
0
0
0
0
0
0
0
0
0
8.46116e+08
6.29625e+08
0
0
0
0
0
0
1.86647e+10
3.18959e+10
2.15786e+09
5.1798e+08
0
0
0
0
0
0
0
0
2.94017e+09
2.394e+08
5.48447e+07
1.60504e+07
0
0
0
0
9.28004e+08
1.15874e+09
0
0
2.53377e+07
0
0
0
6.48142e+08
1.02199e+09
1.51174e+13
2.68706e+12
2.1692e+07
0
1.66774e+09
5.81004e+07
0
0
4.21159e+08
1.0434e+09
3.86942e+08
7.31002e+08
1.90331e+09
2.42485e+09
3.72349e+09
0
3.07632e+09
3.28871e+09
1.10352e+13
2.3747e+12
0
0
0
0
0
0
0
0
7.76147e+13
1.2354e+14
3.60872e+14
2.30544e+14
9.66413e+13
2.10377e+14
3.37994e+14
5.47347e+14
1.17211e+14
5.13769e+14
4.4694e+14
7.98118e+14
1.95487e+15
2.33829e+15
1.88376e+15
1.27294e+15
2.6398e+15
2.20106e+15
3.67604e+15
2.2233e+15
2.96827e+15
5.21874e+15
6.64346e+15
8.98466e+15
1.69038e+16
2.38488e+16
2.17625e+16
3.14108e+16
2.94033e+16
2.82278e+16
5.44879e+16
6.21206e+16
4.94565e+16
6.63246e+16
7.79238e+16
9.79226e+16
1.04367e+17
1.29853e+17
1.17726e+17
1.45552e+17
1.75917e+17
2.08459e+17
2.37281e+17
3.03703e+17
4.77361e+17
7.34423e+17
1.97637e+18
2.78899e+18
2.28256e+18
1.93635e+18
8.53178e+17
5.7761e+17
2.20499e+17
2.25672e+17
1.36193e+17
1.45714e+17
8.72073e+16
9.79986e+16
5.13729e+16
4.99975e+16
4.50765e+16
4.41825e+16
2.88232e+16
3.09909e+16
2.30597e+16
2.04675e+16
1.58201e+16
1.84804e+16
9.21729e+15
1.22704e+16
1.06239e+16
8.4683e+15
4.43412e+15
3.86513e+15
1.71283e+15
1.60293e+15
8.67966e+14
1.28044e+15
1.15153e+15
2.27717e+15
9.92492e+14
8.75633e+14
7.64977e+14
2.6406e+14
8.44207e+13
1.0918e+15
2.19167e+14
1.55861e+14
1.60526e+14
4.94743e+13
5.71103e+13
7.25797e+13
3.07647e+10
1.75746e+14
1.8818e+14
2.09563e+11
0
0
4.44711e+08
7.27888e+08
4.8754e+11
2.63478e+12
4.29512e+12
6.14685e+12
7.77439e+12
2.79708e+12
3.3719e+08
7.15764e+08
7.20281e+07
1.42313e+08
8.17002e+12
3.34768e+12
0
0
1.5413e+11
4.9315e+11
1.87713e+09
0
0
0
0
0
0
0
0
0
6.23357e+08
8.62503e+08
0
0
0
0
0
0
1.57967e+10
3.28447e+10
2.13572e+09
4.96166e+08
0
0
1.16017e+09
0
0
0
0
0
8.13823e+09
1.77387e+09
5.67284e+07
1.39843e+07
0
0
0
0
9.11103e+08
1.16519e+09
0
0
1.00972e+09
5.6745e+07
0
0
7.31004e+08
9.29854e+08
1.53326e+13
2.38113e+12
7.5399e+08
4.18145e+08
1.6451e+09
1.65977e+08
0
0
6.99281e+08
9.51103e+08
3.75745e+08
1.12196e+09
2.68896e+09
4.26868e+09
2.02073e+08
2.00667e+09
2.76809e+09
3.60831e+09
1.04067e+13
5.50318e+12
0
0
0
0
0
0
0
0
1.88776e+13
1.34449e+14
1.27638e+14
5.32751e+13
7.43015e+13
1.96103e+14
2.26455e+14
3.14686e+14
7.55866e+13
7.3431e+13
1.97877e+14
3.81324e+14
8.10688e+14
1.83663e+15
1.04409e+15
1.48456e+15
1.21034e+15
1.3572e+15
2.26792e+15
1.60672e+15
1.21764e+15
1.92933e+15
3.9831e+15
4.95366e+15
8.68147e+15
2.02839e+16
1.11072e+16
2.00556e+16
2.18972e+16
1.77683e+16
3.73669e+16
4.65666e+16
3.08684e+16
3.95869e+16
5.92891e+16
6.9999e+16
7.05938e+16
8.67963e+16
8.53936e+16
1.0386e+17
1.44486e+17
1.69494e+17
1.79428e+17
2.28953e+17
3.86992e+17
5.97213e+17
1.82166e+18
2.81484e+18
2.3059e+18
1.80358e+18
5.93207e+17
4.09718e+17
1.38011e+17
1.43104e+17
8.03635e+16
9.4595e+16
5.45519e+16
6.41035e+16
3.65345e+16
3.58998e+16
2.73144e+16
3.05975e+16
1.61824e+16
2.10784e+16
1.45577e+16
1.20519e+16
1.00749e+16
1.00693e+16
7.17649e+15
5.34071e+15
7.5338e+15
6.09622e+15
2.51998e+15
1.438e+15
1.45471e+15
7.68892e+14
4.90399e+14
7.48064e+14
1.30231e+14
5.93504e+14
8.72508e+14
1.06503e+15
2.13876e+14
2.0055e+14
8.5924e+13
5.34073e+13
9.38944e+13
1.14673e+14
3.71721e+13
4.52717e+13
5.79407e+13
1.80887e+13
6.8268e+12
7.11793e+08
7.32964e+12
1.03212e+14
0
0
5.51068e+08
7.06562e+08
2.75072e+12
2.611e+12
5.36249e+12
7.86078e+12
5.43255e+12
2.19444e+12
3.67525e+08
8.73549e+08
8.71217e+07
1.28211e+08
8.73083e+12
2.80954e+12
0
0
2.0344e+11
4.43291e+11
5.73958e+09
2.54193e+08
0
0
0
0
0
0
0
0
3.86616e+08
1.11102e+09
0
0
0
0
0
0
1.33285e+10
3.34188e+10
2.1196e+09
4.71132e+08
0
0
4.42369e+09
9.70623e+08
0
0
0
0
7.83345e+09
1.1566e+10
5.86009e+07
1.19266e+07
0
0
2.12567e+09
0
1.0578e+09
1.4095e+09
2.40233e+09
2.02314e+08
8.01001e+08
2.46924e+07
0
0
8.12338e+08
8.39287e+08
1.55438e+13
2.08123e+12
7.96985e+08
3.6802e+08
1.5875e+09
2.58525e+08
3.12912e+08
0
8.18811e+09
1.14542e+10
3.69933e+08
1.27307e+09
2.02154e+09
3.6351e+09
9.09182e+08
0
2.45082e+09
3.9405e+09
8.8327e+12
1.21037e+13
3.97877e+12
0
0
0
0
0
0
0
3.07201e+12
7.08848e+13
1.16785e+14
4.5154e+13
5.45133e+13
1.56387e+14
9.4537e+13
1.92716e+14
4.71976e+13
4.48459e+13
3.47523e+13
2.55347e+14
4.22244e+14
1.58724e+15
1.87583e+14
7.13509e+14
6.78155e+14
1.77915e+15
1.51154e+15
1.5208e+15
8.94318e+14
1.96539e+15
2.72559e+15
2.5241e+15
6.38674e+15
1.26177e+16
6.48734e+15
1.34568e+16
1.55132e+16
1.12261e+16
2.28104e+16
3.07764e+16
1.927e+16
2.37192e+16
3.93118e+16
4.98784e+16
4.33891e+16
5.56502e+16
6.61814e+16
7.46771e+16
1.00328e+17
1.25245e+17
1.3253e+17
1.76345e+17
3.13292e+17
5.03798e+17
1.77879e+18
2.75516e+18
2.15644e+18
1.53465e+18
3.48193e+17
2.18147e+17
1.0121e+17
9.21041e+16
6.13478e+16
5.4439e+16
3.53395e+16
4.86728e+16
2.63942e+16
2.50121e+16
1.44386e+16
1.60817e+16
9.55203e+15
9.63637e+15
1.03709e+16
8.62631e+15
4.58363e+15
5.44105e+15
5.14468e+15
4.50581e+15
5.31778e+15
4.00531e+15
1.26917e+15
1.45212e+15
6.65475e+14
2.06402e+14
6.77448e+14
7.58693e+14
2.61382e+14
4.39758e+13
2.70708e+14
1.7701e+14
1.76271e+14
2.08314e+14
8.06783e+13
2.16032e+13
8.48505e+13
4.92013e+13
9.24241e+10
9.56738e+12
6.39679e+13
7.64115e+12
1.241e+09
5.16377e+09
3.47767e+11
1.2336e+11
0
0
5.23429e+08
6.81183e+08
2.88165e+12
3.35417e+12
6.80305e+12
1.00553e+13
1.92276e+12
1.84025e+12
3.98572e+08
8.4513e+08
1.02514e+08
1.1387e+08
9.29669e+12
2.26739e+12
0
0
2.52614e+11
3.93647e+11
5.68041e+09
3.1624e+08
0
0
0
0
0
0
0
0
1.32153e+08
1.37901e+09
0
0
0
0
0
0
1.12245e+10
3.36533e+10
2.10971e+09
4.42788e+08
0
0
4.33859e+09
1.0108e+09
2.83356e+06
0
0
0
7.64082e+09
1.1929e+10
6.04655e+07
9.88123e+06
0
0
7.95969e+09
1.98867e+10
1.06593e+09
2.89279e+09
1.1201e+10
5.84736e+09
4.68741e+09
1.50458e+09
6.58928e+09
3.06502e+09
8.92282e+08
7.50212e+08
1.57525e+13
1.78585e+12
8.39112e+08
3.18925e+08
1.54797e+09
1.60694e+08
3.83905e+08
3.17604e+07
8.39249e+09
1.11453e+10
5.81649e+08
2.83816e+09
0
0
3.42721e+09
1.96816e+08
2.12316e+09
4.28689e+09
8.0502e+12
6.32561e+12
1.27348e+13
3.11811e+12
0
0
0
0
0
0
0
0
1.41556e+14
6.01771e+13
2.47419e+13
1.61632e+14
8.22643e+13
7.11656e+13
8.98067e+13
4.11499e+13
2.08412e+13
6.26972e+12
2.91306e+14
8.69746e+14
2.53656e+14
2.8077e+14
3.50822e+14
6.49364e+14
1.6784e+15
8.21754e+14
3.36629e+14
1.0073e+15
1.54309e+15
1.77371e+15
2.42189e+15
7.01663e+15
2.7587e+15
1.03525e+16
1.03576e+16
8.06027e+15
1.08505e+16
1.91643e+16
1.31533e+16
1.44788e+16
2.49581e+16
2.64863e+16
2.77234e+16
3.38491e+16
4.31076e+16
5.06069e+16
6.538e+16
8.10622e+16
8.69082e+16
1.21941e+17
2.16269e+17
3.58156e+17
1.59444e+18
2.73964e+18
2.04794e+18
1.1935e+18
1.95165e+17
1.26092e+17
5.98428e+16
6.1497e+16
3.57965e+16
3.00653e+16
2.15658e+16
2.73041e+16
1.18742e+16
1.63812e+16
1.07454e+16
9.08063e+15
6.3197e+15
7.64726e+15
3.06501e+15
2.66321e+15
4.4811e+15
3.14389e+15
3.86153e+15
4.11248e+15
2.19512e+15
1.38934e+15
5.46946e+14
1.01068e+15
7.86369e+14
5.9481e+14
8.48365e+14
3.02305e+14
9.40244e+13
1.72188e+14
3.4336e+14
3.56819e+13
8.74039e+13
1.78155e+13
2.16751e+14
3.92595e+13
6.77273e+12
1.30459e+13
5.04615e+10
6.20521e+13
4.85082e+08
8.87301e+08
5.02856e+10
1.90387e+11
2.25821e+06
3.6254e+09
0
0
1.57306e+12
1.31907e+11
3.049e+12
3.15083e+12
8.36179e+12
8.78594e+12
1.92215e+12
1.83807e+12
4.30364e+08
8.16308e+08
1.18218e+08
9.92595e+07
9.86902e+12
1.72075e+12
1.6316e+08
2.49554e+07
3.02658e+11
3.44721e+11
5.62125e+09
3.78845e+08
7.30617e+07
0
0
0
0
0
0
0
2.62794e+08
2.07622e+09
7.38465e+08
0
0
0
0
0
9.45056e+09
3.35833e+10
2.10643e+09
4.11038e+08
0
0
1.11037e+10
1.04656e+09
3.99309e+09
1.64482e+09
0
0
7.37954e+09
1.28276e+10
2.10456e+09
8.55719e+08
2.19895e+08
1.02461e+07
1.85667e+10
1.97158e+10
1.07405e+09
2.86583e+09
1.43316e+10
1.07648e+10
6.89403e+09
7.96981e+09
1.37163e+10
6.06608e+09
1.54805e+10
3.67611e+09
1.59742e+13
1.50753e+12
1.00225e+09
1.21712e+09
1.33179e+10
7.80364e+09
7.97788e+08
8.12112e+07
8.58996e+09
1.08448e+10
9.12533e+09
2.59842e+09
0
0
2.68222e+09
1.0188e+09
1.78377e+09
4.64919e+09
1.63647e+13
1.12385e+13
1.13957e+13
1.28589e+13
0
0
0
0
0
0
0
0
1.06831e+14
8.35911e+13
1.40426e+13
1.13369e+14
7.2414e+13
5.42626e+13
5.10877e+13
5.0793e+13
1.47265e+13
1.10938e+13
1.74165e+14
4.16095e+14
4.93468e+14
2.0679e+14
3.20734e+14
1.72429e+14
1.22242e+15
5.3502e+14
3.94162e+14
5.66318e+14
8.22587e+14
7.78965e+14
5.99227e+14
2.3641e+15
3.0066e+15
8.31987e+15
4.98113e+15
4.93882e+15
4.06963e+15
9.43879e+15
8.48741e+15
8.54014e+15
1.19792e+16
1.56774e+16
1.73349e+16
2.26106e+16
2.72604e+16
3.31949e+16
4.02315e+16
5.23016e+16
5.10813e+16
8.07265e+16
1.31758e+17
2.38521e+17
1.44798e+18
2.62787e+18
1.78792e+18
8.9979e+17
7.41417e+16
5.34983e+16
3.65549e+16
4.14119e+16
1.73514e+16
1.64033e+16
1.25497e+16
1.47478e+16
6.16293e+15
8.05043e+15
4.95277e+15
4.56462e+15
2.8573e+15
2.96104e+15
1.59853e+15
1.36213e+15
2.04905e+15
2.35e+15
2.15822e+15
3.27154e+15
7.17692e+14
4.01832e+14
1.9087e+14
5.70653e+14
7.52102e+14
1.64881e+14
1.05802e+15
4.1652e+14
7.48991e+12
1.70634e+12
5.42163e+13
8.12039e+12
1.44071e+13
2.56051e+14
2.50141e+14
1.40828e+14
1.01221e+11
2.13335e+12
0
0
3.06581e+07
6.46052e+08
8.79397e+10
1.31541e+11
0
0
2.56071e+12
1.32391e+11
2.0315e+12
2.4312e+12
3.48618e+12
5.54893e+12
6.90037e+12
7.42296e+12
8.1034e+12
4.06097e+12
7.39254e+11
7.87016e+08
6.63912e+08
1.43324e+08
1.04479e+13
1.16887e+12
2.57929e+08
3.36809e+08
3.51493e+11
2.95429e+11
5.56224e+09
4.41875e+08
1.02733e+09
1.08139e+08
0
0
0
0
0
0
6.05344e+08
1.63434e+09
1.20165e+09
1.10281e+09
16418.2
2.0092e+08
4.44341e+08
0
8.68541e+09
3.34056e+10
2.11028e+09
3.75668e+08
8.97225e+08
3.04469e+06
8.30705e+10
5.14077e+10
2.7059e+09
6.37919e+09
3.82406e+08
2.79326e+07
7.5779e+13
2.41283e+13
3.29001e+12
1.21095e+10
5.58744e+09
9.35017e+09
4.65327e+10
3.22747e+10
1.64606e+10
1.98685e+10
6.71737e+12
2.27613e+10
1.58148e+12
2.30798e+12
5.05215e+13
1.08084e+13
2.36546e+12
3.2362e+10
4.08069e+13
1.24841e+12
2.4941e+09
4.33667e+09
4.86823e+10
2.2618e+10
2.31953e+10
5.85286e+08
2.60541e+11
3.79073e+11
2.47834e+10
2.21786e+10
0
8.30672e+11
8.92831e+12
1.93857e+09
1.43062e+09
5.02898e+09
1.8361e+13
3.37108e+13
5.51725e+13
1.47994e+13
3.09716e+12
0
0
0
0
0
0
0
9.55982e+12
3.65295e+13
1.1441e+13
1.02846e+14
6.93703e+13
7.57823e+13
3.69565e+13
1.3146e+13
2.76681e+13
1.63525e+13
3.8044e+13
3.4436e+14
4.94747e+13
1.31638e+14
2.24854e+14
2.02332e+14
7.46244e+14
1.10813e+15
9.50316e+13
1.17317e+14
4.19367e+14
2.7733e+14
5.74548e+14
1.48929e+15
1.20955e+15
4.52297e+15
4.02514e+15
3.21902e+15
1.82807e+15
3.72707e+15
4.10984e+15
3.32554e+15
5.68479e+15
6.67568e+15
1.06547e+16
1.26492e+16
1.44727e+16
1.86227e+16
1.72921e+16
2.59523e+16
2.96825e+16
4.8183e+16
7.20423e+16
1.48679e+17
1.15348e+18
2.44152e+18
1.49544e+18
6.17028e+17
2.75165e+16
2.48807e+16
2.0488e+16
2.58129e+16
9.11694e+15
1.01358e+16
5.08761e+15
8.48691e+15
1.77114e+15
3.0444e+15
3.47867e+15
2.9652e+15
1.82528e+15
2.30342e+15
6.20207e+14
7.43283e+14
2.77369e+14
9.24694e+14
9.63286e+14
1.07758e+15
3.12691e+14
2.70208e+14
2.42219e+13
4.14198e+13
5.37555e+14
2.1078e+14
9.10419e+14
4.94241e+14
1.80441e+14
9.02198e+13
8.92492e+13
5.05158e+12
1.39252e+13
5.28227e+12
3.80441e+13
1.1304e+14
8.87224e+13
1.23599e+14
9.15248e+13
0
0
0
1.02544e+11
8.15611e+10
0
0
1.82107e+12
5.79843e+12
8.92835e+12
4.22829e+12
3.72244e+12
6.01577e+12
7.7395e+12
9.50802e+12
4.12221e+13
1.47993e+13
6.76526e+12
3.54353e+12
1.04109e+13
1.70248e+11
1.10317e+13
6.11475e+11
4.11247e+09
5.39711e+08
4.01973e+11
2.46369e+11
2.46484e+10
5.05376e+08
1.905e+09
3.23592e+09
4.32816e+09
0
3.29098e+06
0
9.62629e+06
0
9.02814e+08
1.24716e+09
1.07793e+09
1.22237e+09
0
0
1.92356e+09
7.9426e+08
7.34439e+09
3.37888e+10
4.25763e+09
3.36343e+08
1.21437e+09
4.28901e+09
8.46393e+10
4.93382e+10
9.12192e+09
1.17134e+10
1.68995e+10
3.28937e+09
9.00646e+13
6.91415e+13
1.03199e+14
7.99983e+13
2.82262e+13
1.92756e+13
9.13933e+10
7.72491e+10
1.21169e+14
3.2918e+12
3.1266e+13
1.32934e+13
5.91787e+13
4.29308e+13
1.45481e+14
1.10076e+14
6.33038e+13
7.46021e+13
6.34013e+13
1.74103e+13
5.92916e+13
4.53516e+13
1.44551e+14
2.41004e+12
5.5826e+12
3.90001e+10
2.24428e+13
2.74513e+12
4.33624e+11
4.22666e+10
2.51026e+10
1.08929e+10
1.61807e+13
1.71461e+12
2.42362e+09
2.11485e+10
1.29999e+13
4.05639e+13
9.05454e+13
3.45985e+13
2.32012e+13
6.0209e+12
0
0
0
0
0
0
0
0
1.38082e+13
9.66129e+13
6.43244e+13
6.31686e+13
0
0
2.30094e+13
2.57203e+13
1.99967e+13
1.63276e+14
3.72587e+13
2.82016e+13
1.61762e+14
7.1835e+13
2.33893e+14
6.50547e+14
5.63884e+13
8.54763e+13
4.46851e+13
1.16011e+14
3.87477e+14
1.1992e+15
5.87847e+14
1.90408e+15
4.90202e+14
6.58852e+14
2.33412e+14
1.90784e+15
2.35648e+15
2.61656e+15
2.69052e+15
4.03065e+15
5.29226e+15
8.4308e+15
6.93574e+15
8.65681e+15
8.69368e+15
1.3163e+16
1.79581e+16
2.53732e+16
3.61024e+16
8.12978e+16
8.76806e+17
2.23525e+18
1.21237e+18
4.30151e+17
1.03052e+16
1.25969e+16
9.52747e+15
9.98628e+15
3.48778e+15
3.63826e+15
2.22092e+15
2.95521e+15
1.82973e+15
1.84434e+15
1.73642e+15
9.66893e+14
6.88297e+14
1.43414e+15
4.52835e+14
8.69075e+14
2.36042e+14
4.54128e+14
6.34304e+14
2.69796e+14
3.6663e+14
8.83391e+13
8.77681e+13
1.57225e+13
3.21828e+14
5.51111e+14
2.20843e+14
2.83091e+14
0
7.34951e+10
6.23122e+13
3.35238e+12
1.22588e+13
7.62249e+12
3.13576e+13
2.79314e+13
1.26924e+13
1.45517e+13
0
3.97578e+12
0
0
0
5.2997e+09
0
0
2.0511e+12
9.82253e+12
1.82849e+13
1.14281e+13
3.61593e+12
5.51145e+12
8.07831e+13
3.38718e+13
9.5603e+13
2.01944e+13
6.19547e+13
9.54325e+13
6.34784e+13
1.24871e+14
3.68144e+13
2.84494e+13
3.06391e+13
2.28734e+13
2.00619e+13
1.45517e+12
5.74141e+13
6.312e+13
2.68122e+13
1.08625e+14
3.56724e+13
8.25485e+09
4.00104e+10
5.03668e+09
2.02747e+10
1.5987e+10
1.90855e+12
9.05405e+08
1.038e+10
1.35033e+09
0
0
1.60976e+09
1.07736e+09
6.26715e+09
3.30169e+10
1.89309e+10
1.66508e+10
3.27569e+13
4.77331e+12
4.2674e+13
9.67147e+11
8.39743e+10
5.40587e+10
1.2889e+11
1.02465e+11
9.89985e+13
8.04175e+13
1.54462e+14
1.2437e+14
5.67396e+13
8.41777e+13
1.17824e+14
2.49273e+13
4.04128e+14
2.20033e+14
1.07167e+14
1.59627e+14
3.2156e+14
1.26839e+14
3.21685e+14
2.33013e+14
1.16461e+14
9.18438e+13
1.31711e+14
4.29242e+13
1.12011e+14
1.4546e+14
1.94362e+14
1.1294e+14
1.82026e+14
5.37995e+13
2.80128e+14
8.53314e+13
1.53341e+14
9.01705e+13
8.10061e+13
7.94982e+13
1.13158e+14
9.35383e+13
4.74435e+13
1.34948e+13
1.2004e+13
4.81636e+13
9.43453e+13
4.74402e+13
4.2115e+13
1.43761e+13
1.43734e+08
0
0
0
0
0
0
0
2.29975e+13
8.66243e+13
6.92855e+13
5.8073e+13
0
0
1.40483e+13
3.4273e+13
1.65124e+13
1.30162e+14
1.38418e+13
4.47489e+13
1.14987e+14
1.14486e+14
1.4505e+14
2.89312e+14
3.03283e+13
1.22513e+14
3.96289e+13
3.76264e+13
3.73355e+14
6.61301e+14
5.1103e+14
5.84666e+14
2.38872e+14
1.77161e+14
2.26521e+14
1.84071e+14
4.26064e+14
6.00498e+14
1.49119e+15
3.15484e+15
2.34365e+15
4.1651e+15
2.28276e+15
4.38236e+15
4.85697e+15
7.43624e+15
8.528e+15
1.52592e+16
1.47517e+16
3.03973e+16
6.00022e+17
2.00096e+18
1.05692e+18
3.25551e+17
6.29874e+15
8.19812e+15
4.86383e+15
5.58721e+15
3.10982e+15
2.2249e+15
1.00355e+15
1.24664e+15
1.26154e+15
1.8619e+15
1.11251e+15
9.19776e+14
2.37913e+14
2.25924e+14
3.46069e+14
6.35533e+14
1.96341e+13
4.29825e+14
3.33276e+14
3.81319e+14
3.42028e+14
2.29091e+14
1.57745e+14
2.52237e+13
5.88136e+13
4.07508e+13
6.20082e+13
1.85225e+14
3.33499e+13
0
6.63823e+13
1.96213e+13
3.9568e+11
1.33517e+12
7.43478e+12
5.34051e+13
1.32456e+13
1.43654e+13
3.19564e+08
0
0
0
0
0
0
0
3.36152e+12
9.53316e+12
3.19229e+13
2.26963e+13
1.63042e+13
1.50553e+13
1.65565e+14
1.25215e+14
2.20963e+14
1.65455e+14
1.40148e+14
2.63379e+14
1.10602e+14
2.54641e+14
6.50607e+13
1.2384e+14
3.07491e+13
6.1682e+13
5.545e+13
4.27776e+13
5.79173e+13
1.34036e+14
2.716e+13
2.18045e+14
6.91331e+13
1.43557e+14
7.58184e+10
1.37621e+11
3.928e+12
2.95138e+12
4.80321e+12
5.72132e+12
4.51176e+10
2.5955e+10
0
0
1.45004e+09
1.1542e+09
1.0607e+10
4.03015e+10
2.34148e+10
6.03512e+10
3.47907e+13
1.20669e+14
5.11274e+13
3.8429e+13
2.32271e+11
3.17584e+11
3.00604e+11
4.04278e+11
1.14786e+14
1.17678e+14
1.53996e+14
1.95947e+14
1.27231e+14
1.37969e+14
1.30269e+14
5.56279e+13
4.1726e+14
4.73246e+14
1.88097e+14
1.95904e+14
4.93663e+14
3.24288e+14
5.20331e+14
4.05543e+14
1.60706e+14
1.43623e+14
2.36793e+14
3.24425e+14
1.24741e+14
2.63428e+14
2.3705e+14
1.16923e+14
2.7758e+14
3.71556e+14
4.72869e+14
1.78754e+14
2.90962e+14
1.81863e+14
1.8344e+14
2.61213e+14
1.7976e+14
4.54926e+14
1.1265e+14
1.44213e+13
8.13612e+13
5.96673e+13
1.19062e+14
8.73474e+13
4.52944e+13
2.16613e+13
1.12338e+08
6.10515e+08
0
0
0
0
2.3381e+08
6.34834e+08
4.74088e+13
7.05605e+13
5.34491e+13
4.61116e+13
0
0
1.31611e+13
3.47482e+13
3.42585e+13
1.1405e+14
4.83798e+12
3.94011e+13
1.47817e+14
1.39526e+14
9.03265e+13
2.50251e+14
1.62668e+13
1.14703e+14
3.92008e+13
2.1672e+14
1.93198e+14
5.49201e+14
4.62442e+14
4.91571e+14
1.97675e+14
1.64293e+14
1.91342e+14
1.69675e+14
4.10009e+14
5.21386e+14
7.07246e+14
1.6456e+15
1.49931e+15
2.48893e+15
1.71625e+15
2.83831e+15
1.80432e+15
3.0862e+15
3.24067e+15
6.66002e+15
6.86175e+15
1.60131e+16
4.4392e+17
1.73351e+18
1.00302e+18
2.94921e+17
3.65074e+15
5.70392e+15
2.81692e+15
3.8147e+15
9.17782e+14
1.11942e+15
7.57039e+14
1.20722e+15
8.98342e+14
9.75622e+14
3.79517e+14
4.56262e+14
3.04289e+14
9.92725e+13
2.50868e+14
8.82918e+14
9.80695e+13
3.86863e+14
3.64723e+13
1.485e+14
8.83808e+13
6.3482e+13
0
1.45121e+13
0
8.76064e+12
6.10819e+13
1.11157e+14
2.89995e+13
0
6.30766e+13
6.24713e+13
0
0
0
9.67022e+12
1.60052e+13
1.77446e+13
0
2.67961e+09
1.39333e+09
2.1496e+08
0
0
6.70389e+12
2.57195e+12
1.1035e+13
2.47293e+13
3.18467e+13
2.94898e+13
1.55629e+13
2.33796e+13
2.03918e+14
1.65807e+14
4.19518e+14
3.0018e+14
1.99672e+14
4.50387e+14
1.00739e+14
2.54081e+14
7.29628e+13
2.13501e+14
9.90423e+13
7.54709e+13
5.6861e+13
4.25271e+13
5.8251e+13
1.33808e+14
2.75622e+13
2.17863e+14
7.10947e+13
1.41562e+14
8.0544e+10
1.44178e+11
3.98658e+12
1.68967e+13
4.86439e+12
5.68678e+12
5.13675e+10
2.61637e+10
0
3.85793e+08
2.08495e+09
1.16679e+09
2.13623e+10
8.55529e+10
2.79824e+10
9.22414e+10
3.60125e+13
1.19557e+14
6.58756e+13
5.17213e+13
1.14696e+13
4.988e+11
5.02031e+12
1.53432e+13
1.21229e+14
1.2782e+14
1.53901e+14
1.95968e+14
1.50653e+14
1.82849e+14
1.37444e+14
5.46364e+13
4.16415e+14
4.84142e+14
2.32357e+14
2.83261e+14
5.04038e+14
3.3617e+14
5.28195e+14
4.16604e+14
3.44567e+14
2.3267e+14
2.59652e+14
3.4376e+14
1.25821e+14
2.7048e+14
2.37562e+14
1.64427e+14
3.81991e+14
3.80174e+14
4.73247e+14
1.78673e+14
3.06609e+14
2.9261e+14
1.81516e+14
2.63915e+14
2.10046e+14
4.60411e+14
2.68908e+14
3.22384e+13
8.26684e+13
7.34102e+13
1.26451e+14
1.13114e+14
6.04445e+13
2.85368e+13
0
3.91792e+08
1.85696e+09
0
5.26935e+08
1.72172e+08
9.2422e+08
8.01781e+08
1.77756e+13
5.04404e+13
1.29047e+12
4.50035e+11
0
0
1.75196e+13
3.22994e+13
5.89784e+13
9.06082e+13
5.54828e+13
9.28009e+13
7.88494e+13
8.40846e+13
1.17096e+14
2.18077e+14
1.56683e+13
2.48208e+13
5.37231e+13
2.45695e+14
1.79661e+14
2.28086e+14
5.54886e+14
2.78259e+14
1.85503e+14
1.48021e+14
2.25362e+14
2.16684e+14
4.14109e+14
4.33665e+14
4.18235e+14
4.99249e+14
1.19044e+15
1.08753e+15
9.10005e+14
1.09526e+15
1.37467e+15
2.19928e+15
2.97656e+15
3.37019e+15
6.33776e+15
1.15954e+16
3.02014e+17
1.57861e+18
1.07132e+18
3.08385e+17
5.93385e+15
2.99452e+15
1.2368e+15
1.76152e+15
1.51778e+15
8.89101e+14
9.09523e+14
6.29902e+14
5.23624e+14
3.48259e+14
3.28563e+14
2.7165e+14
3.26806e+14
1.83335e+14
2.28723e+14
5.30993e+14
6.08782e+14
2.31202e+14
2.53185e+13
9.23529e+13
2.35991e+12
1.38711e+12
2.81925e+13
4.18647e+11
5.78327e+13
1.67549e+13
1.30265e+14
1.19221e+14
1.51527e+13
3.21627e+13
1.92948e+13
1.02942e+14
1.79464e+13
1.15267e+13
2.022e+13
5.47416e+12
2.42305e+13
2.68036e+13
1.33367e+13
5.01319e+12
8.33913e+12
6.64375e+12
4.33246e+12
8.74158e+12
8.04297e+11
1.86195e+12
1.73214e+13
2.84413e+13
3.3296e+13
3.0073e+13
3.52741e+13
1.46595e+14
3.01347e+14
1.91953e+14
4.83382e+14
5.23041e+14
2.51172e+14
5.56757e+14
1.2595e+14
2.55943e+14
1.03958e+14
2.43344e+14
1.07815e+14
1.6265e+14
1.2232e+14
5.03499e+13
1.05199e+14
1.55394e+14
4.61888e+13
2.17665e+14
7.36192e+13
1.391e+14
1.31129e+11
1.74772e+11
4.01553e+12
1.69795e+13
4.97134e+12
5.70359e+12
6.71374e+10
3.56491e+10
4.24616e+09
8.31107e+09
6.69444e+09
2.41282e+09
2.22259e+10
1.48673e+11
8.2752e+10
1.22363e+11
4.34577e+13
1.22625e+14
6.90027e+13
5.70448e+13
3.13397e+13
9.4227e+12
4.64639e+12
6.52149e+13
1.78394e+14
2.50223e+14
1.60624e+14
1.96077e+14
2.04602e+14
3.26509e+14
2.3048e+14
2.17641e+14
4.46998e+14
4.91334e+14
2.51114e+14
3.11323e+14
6.46784e+14
5.23914e+14
5.68016e+14
5.27137e+14
3.93352e+14
2.54055e+14
3.02014e+14
3.68879e+14
1.55173e+14
2.69494e+14
4.78422e+14
1.91446e+14
4.0661e+14
4.16815e+14
4.75631e+14
1.88235e+14
3.40365e+14
3.2419e+14
2.09493e+14
2.71596e+14
2.84296e+14
5.31746e+14
3.6556e+14
1.42987e+14
2.2069e+14
1.93847e+14
1.32987e+14
1.30452e+14
7.0315e+13
4.41945e+13
0
0
0
7.62349e+08
3.06573e+08
9.10007e+08
1.12436e+12
9.07728e+11
4.95416e+13
3.17652e+13
5.94142e+12
3.91664e+11
0
0
1.866e+13
3.33406e+13
1.22044e+14
1.13157e+14
1.60934e+13
9.29287e+13
2.96765e+13
3.91221e+13
1.44954e+14
1.93081e+14
2.98768e+13
1.26337e+13
6.12553e+13
2.53144e+14
1.65183e+14
2.942e+14
4.29805e+14
1.6142e+14
4.98296e+13
1.89755e+14
1.87787e+14
2.72251e+14
4.55879e+14
5.38291e+14
1.5255e+14
1.29382e+14
5.72616e+14
7.03636e+14
8.15987e+14
9.76622e+14
1.0876e+15
8.73798e+14
2.3722e+15
2.99054e+15
6.70143e+15
1.06652e+16
2.57297e+17
1.47687e+18
1.10087e+18
3.73018e+17
2.01414e+16
4.79952e+15
2.89953e+15
1.6892e+15
1.03128e+15
1.06425e+15
2.83924e+14
3.38704e+14
3.51314e+14
4.36311e+14
1.88559e+14
5.90664e+13
5.55648e+13
1.41569e+14
2.80049e+14
1.41845e+14
1.02369e+15
3.1728e+14
1.16043e+14
1.302e+14
1.9276e+14
1.51707e+14
8.73633e+13
1.62552e+14
1.46405e+13
4.75522e+13
3.80367e+13
1.08052e+14
2.22695e+13
1.78046e+13
0
0
7.76105e+13
6.90319e+11
0
0
0
2.81722e+13
2.47525e+12
0
0
0
8.22486e+08
4.36823e+08
3.62622e+13
2.17323e+13
2.72598e+13
2.58837e+13
4.29742e+13
2.62964e+13
5.1192e+13
1.95599e+14
6.17293e+14
3.25359e+14
6.79041e+14
6.95877e+14
4.47789e+14
8.83353e+14
4.26405e+14
4.44309e+14
1.37954e+14
2.74149e+14
1.68772e+14
1.77495e+14
1.38203e+14
1.50903e+14
1.08039e+14
2.55173e+14
1.66475e+14
3.18863e+14
8.26556e+13
1.43179e+14
3.76642e+11
3.13568e+11
7.88068e+13
7.74474e+13
1.21308e+13
1.13011e+13
1.33733e+11
6.45647e+10
2.87562e+10
9.13411e+09
5.81708e+09
1.16587e+10
2.84255e+10
1.64488e+11
6.10212e+12
1.99179e+11
4.53878e+13
1.54283e+14
6.89405e+13
5.72321e+13
3.10555e+13
4.58711e+13
4.26282e+12
6.5876e+13
2.06657e+14
4.30706e+14
2.45188e+14
2.09415e+14
2.45775e+14
3.45931e+14
2.69856e+14
2.17022e+14
5.10029e+14
5.31654e+14
3.35871e+14
4.60389e+14
7.45479e+14
6.23974e+14
6.09905e+14
8.78768e+14
4.73712e+14
3.00084e+14
7.23157e+14
6.31839e+14
3.70931e+14
3.08306e+14
5.54331e+14
4.22831e+14
4.65744e+14
4.61882e+14
4.96715e+14
2.62733e+14
3.63782e+14
3.86316e+14
2.47331e+14
2.88287e+14
4.12911e+14
5.91999e+14
4.94784e+14
4.40037e+14
2.97191e+14
1.98362e+14
2.11499e+14
1.61901e+14
8.24646e+13
5.3845e+13
0
0
0
0
0
0
0
2.23991e+13
0
0
8.86504e+12
1.8991e+13
0
0
7.55644e+12
1.8079e+13
3.16591e+13
3.45493e+13
2.47693e+13
8.79624e+13
2.74322e+13
3.53764e+13
1.02184e+14
7.58578e+13
2.8481e+13
2.62733e+13
9.61764e+13
6.04993e+13
3.85943e+14
5.25148e+14
1.94077e+14
7.33323e+13
5.77328e+13
1.17862e+14
1.73884e+14
2.97229e+14
4.22611e+14
3.13846e+14
1.89208e+14
2.77843e+14
4.82328e+14
5.36569e+14
6.7183e+14
1.04679e+15
1.19647e+15
1.09928e+15
2.81593e+15
2.92241e+15
7.34142e+15
1.13022e+16
3.26435e+17
1.64346e+18
1.18951e+18
5.07662e+17
6.85365e+16
1.97528e+16
1.27407e+16
4.58794e+15
1.21485e+15
1.01436e+15
2.74033e+15
5.73364e+14
4.80099e+14
2.09214e+14
5.27018e+14
3.61819e+14
3.96508e+14
2.46691e+14
5.22877e+14
2.92733e+14
4.13403e+14
5.11668e+14
3.80318e+13
8.29637e+13
1.12533e+13
3.02733e+12
6.97739e+12
5.13577e+12
3.49684e+13
4.13971e+12
4.78768e+13
1.34575e+14
0
0
0
0
0
6.23782e+13
1.215e+12
0
1.58199e+13
6.67397e+12
4.91667e+13
6.9256e+12
4.18115e+13
1.57843e+13
4.6884e+13
4.76508e+13
5.84446e+13
4.68664e+13
4.40587e+13
4.33669e+13
1.89212e+14
1.17679e+14
1.99286e+14
3.4241e+14
8.83421e+14
7.97715e+14
9.83747e+14
1.14399e+15
7.03618e+14
1.45134e+15
6.48784e+14
5.04052e+14
2.67709e+14
3.25414e+14
3.51713e+14
2.83316e+14
1.80445e+14
3.01545e+14
1.20745e+14
2.55586e+14
1.67445e+14
3.18546e+14
8.57108e+13
1.51015e+14
8.09828e+11
4.03619e+11
7.78999e+13
1.52372e+14
1.45923e+13
2.19782e+13
8.65199e+11
1.43627e+11
5.54968e+10
1.94088e+10
1.78823e+10
1.60328e+10
7.22254e+10
1.88872e+11
2.86991e+13
6.43398e+12
8.56267e+13
1.52438e+14
6.87197e+13
5.75083e+13
3.08738e+13
4.64184e+13
1.05028e+13
6.99823e+13
2.7309e+14
4.82475e+14
2.66477e+14
2.35473e+14
3.8841e+14
3.53595e+14
2.77908e+14
2.59297e+14
6.9359e+14
5.08052e+14
3.88612e+14
6.27582e+14
9.05261e+14
7.96046e+14
7.14259e+14
9.18263e+14
5.6801e+14
4.35118e+14
1.01529e+15
9.02538e+14
4.90971e+14
4.43309e+14
7.70186e+14
4.81929e+14
5.72195e+14
5.00739e+14
6.70281e+14
4.52392e+14
4.65326e+14
5.43842e+14
4.18033e+14
3.87338e+14
5.12978e+14
8.08197e+14
8.43698e+14
6.50028e+14
5.28048e+14
4.02219e+14
2.46106e+14
2.29553e+14
1.05773e+14
7.65407e+13
2.7964e+09
0
0
0
0
0
0
0
0
0
4.18173e+13
2.02513e+13
0
0
1.00279e+13
1.5088e+13
4.08238e+13
2.73238e+13
4.06177e+13
9.33876e+13
3.10088e+13
3.2054e+13
2.13294e+13
6.23174e+13
6.63593e+13
8.63173e+13
2.22389e+13
8.52186e+13
3.38615e+14
3.64673e+14
1.24351e+14
3.00503e+13
3.06433e+13
8.08396e+13
3.16909e+14
3.09955e+14
3.6572e+14
2.62738e+14
3.82596e+14
4.98844e+14
6.08807e+14
5.16636e+14
8.64562e+14
1.12748e+15
1.29498e+15
2.41658e+15
3.75445e+15
3.38623e+15
9.1021e+15
1.38155e+16
5.25912e+17
2.0799e+18
1.23994e+18
6.6373e+17
1.39649e+17
6.11169e+16
2.8203e+16
1.26182e+16
8.57726e+15
5.87746e+15
4.2393e+15
2.86314e+15
3.13956e+15
1.60077e+15
3.04311e+15
2.2496e+15
4.18066e+15
1.91407e+15
1.35384e+15
1.1331e+15
3.36341e+14
3.32951e+14
1.78358e+14
8.53991e+13
1.53936e+14
2.14543e+14
2.22473e+13
3.10173e+13
2.79649e+13
2.63837e+13
1.10977e+13
1.2519e+14
4.98897e+13
5.18137e+12
2.07617e+13
1.1066e+13
1.23586e+13
1.60355e+13
1.22155e+13
8.27641e+12
1.05658e+14
5.33803e+13
9.07411e+13
7.80321e+13
7.37329e+13
6.29041e+13
4.27002e+13
5.94978e+13
5.31608e+13
4.29304e+13
5.46332e+13
7.95711e+13
3.30147e+14
5.54791e+14
5.62883e+14
8.00681e+14
1.22697e+15
1.10565e+15
2.02468e+15
1.48864e+15
1.10881e+15
1.88624e+15
9.239e+14
1.08319e+15
2.85361e+14
4.50021e+14
6.98887e+14
5.80709e+14
2.33011e+14
3.49643e+14
2.62206e+14
3.11311e+14
2.32256e+14
3.1847e+14
8.90812e+13
1.47738e+14
1.04024e+12
7.91667e+11
7.68668e+13
1.53965e+14
4.58665e+13
1.90298e+13
9.92533e+12
1.62115e+13
1.31557e+11
4.85558e+10
3.03913e+10
4.7844e+10
7.38994e+13
4.70603e+12
7.1469e+13
8.43812e+12
1.87478e+14
1.61808e+14
1.47893e+14
6.64759e+13
4.90234e+13
6.81458e+13
1.00913e+13
8.21069e+13
4.43625e+14
7.21669e+14
3.16661e+14
2.82715e+14
4.99024e+14
4.0695e+14
2.82963e+14
2.77511e+14
8.54557e+14
5.71223e+14
3.95009e+14
6.46795e+14
9.53137e+14
8.4594e+14
7.50002e+14
1.08881e+15
6.50341e+14
4.95114e+14
1.12634e+15
9.38885e+14
7.07e+14
5.01092e+14
8.1841e+14
7.10591e+14
1.21426e+15
7.03003e+14
8.30562e+14
5.58002e+14
5.46691e+14
6.50966e+14
6.89938e+14
8.98475e+14
6.56882e+14
9.44854e+14
1.11563e+15
7.8722e+14
9.29852e+14
4.89471e+14
4.26259e+14
2.4018e+14
2.14973e+14
1.04225e+14
3.50382e+13
4.32532e+08
0
0
4.91252e+13
0
0
0
3.52197e+12
0
5.74924e+13
6.85808e+13
0
0
1.55275e+13
2.03865e+13
1.68191e+14
6.27383e+13
1.06804e+14
4.78238e+13
3.82644e+13
4.22894e+13
5.06346e+13
3.44346e+13
5.60878e+12
3.5311e+13
6.3515e+13
2.20858e+14
2.28161e+14
2.26341e+14
4.55347e+14
1.35973e+14
1.40366e+14
2.377e+14
3.36763e+14
3.50392e+14
4.16225e+14
4.20556e+14
7.66718e+14
7.10958e+14
6.82142e+14
8.05097e+14
1.84186e+15
1.25533e+15
2.53604e+15
3.27182e+15
7.63941e+15
7.24057e+15
1.97049e+16
2.43177e+16
9.32813e+17
2.74096e+18
1.18336e+18
7.69922e+17
2.16434e+17
1.25464e+17
6.41502e+16
3.2908e+16
2.54296e+16
1.65954e+16
1.15271e+16
6.8807e+15
9.77521e+15
5.57247e+15
5.90575e+15
4.21709e+15
4.45103e+15
1.62255e+15
3.97585e+15
1.64858e+15
2.70833e+14
2.838e+14
5.91862e+14
4.32047e+14
4.47568e+14
5.37051e+14
1.33746e+14
2.46965e+14
2.14344e+15
4.85943e+14
1.64279e+14
1.74349e+14
1.10607e+15
6.22128e+14
3.00618e+14
6.03336e+13
1.42345e+14
5.4775e+13
4.33336e+14
5.4602e+14
1.26121e+14
8.06747e+13
5.50591e+13
1.08836e+14
6.87242e+13
4.49796e+13
5.07065e+13
6.19536e+13
1.0651e+14
5.63242e+13
2.82038e+14
2.60582e+14
5.29205e+14
9.60607e+14
1.27762e+15
1.46088e+15
2.17362e+15
1.66587e+15
2.66031e+15
1.83338e+15
1.59193e+15
2.77356e+15
1.19248e+15
1.66556e+15
3.86569e+14
4.75254e+14
1.08089e+15
1.22863e+15
2.39865e+14
4.88493e+14
3.53894e+14
4.12965e+14
3.86852e+14
4.11506e+14
9.27082e+13
1.44479e+14
2.24134e+12
1.00207e+13
1.18657e+14
1.55684e+14
1.81075e+14
4.79212e+13
2.14763e+13
2.44955e+13
1.24611e+11
7.49736e+10
4.0844e+10
6.78671e+10
7.47185e+13
7.96479e+13
1.63438e+14
9.1637e+13
2.38139e+14
2.37226e+14
1.48909e+14
1.22121e+14
4.95171e+13
1.52273e+14
1.04138e+13
8.35017e+13
4.70233e+14
7.88249e+14
3.16892e+14
3.1467e+14
7.66017e+14
6.17759e+14
2.84826e+14
4.27844e+14
9.22117e+14
5.79677e+14
4.06401e+14
7.53021e+14
1.03809e+15
9.50323e+14
1.34538e+15
1.15661e+15
6.52112e+14
6.55633e+14
1.16891e+15
9.52542e+14
7.19131e+14
7.35624e+14
8.61136e+14
7.37692e+14
2.09025e+15
9.26147e+14
9.20262e+14
7.72784e+14
6.89844e+14
8.58384e+14
1.03162e+15
1.24862e+15
8.19191e+14
1.21277e+15
1.2371e+15
9.35926e+14
1.00214e+15
7.16548e+14
6.79639e+14
4.39899e+14
3.78034e+14
1.89931e+14
4.61294e+13
6.20081e+12
0
0
1.2541e+14
4.60229e+13
1.06144e+12
4.9594e+12
1.00848e+13
1.79464e+12
1.3652e+14
1.12702e+14
9.98585e+12
3.57903e+10
6.75522e+13
1.37771e+14
7.54269e+13
5.49261e+13
1.7619e+14
1.28871e+14
5.04666e+13
1.11942e+14
7.7682e+13
2.30216e+14
6.81944e+10
1.70806e+11
2.02977e+14
4.00827e+14
3.07996e+14
2.62243e+14
7.43708e+14
3.74762e+14
8.83133e+14
5.8008e+14
7.17602e+14
4.10694e+14
7.50702e+14
3.51845e+14
1.52665e+15
1.17806e+15
1.51012e+15
1.36454e+15
4.08846e+15
4.43412e+15
6.98226e+15
4.86606e+15
1.53652e+16
1.37666e+16
6.09648e+16
7.32587e+16
1.58872e+18
3.51415e+18
1.06272e+18
7.84782e+17
3.04281e+17
1.83332e+17
1.14665e+17
7.93766e+16
5.63207e+16
3.85875e+16
2.4871e+16
1.85849e+16
1.49983e+16
7.99422e+15
9.67969e+15
7.5659e+15
8.36485e+15
5.93918e+15
3.50209e+15
1.85998e+15
1.9254e+15
1.20755e+15
2.71248e+15
1.78498e+15
2.45158e+15
1.89492e+15
2.1846e+15
6.26034e+14
4.29783e+15
3.43051e+15
7.35579e+14
1.1485e+15
1.14905e+15
6.22439e+14
1.24397e+15
6.22125e+14
6.4949e+14
8.6469e+14
5.78317e+14
4.72062e+14
1.53913e+14
1.35731e+14
5.2525e+13
6.52473e+13
1.07643e+14
3.73704e+13
2.41634e+14
2.5956e+14
8.52717e+14
8.71012e+14
7.13458e+14
6.38791e+14
9.94793e+14
1.38395e+15
2.20462e+15
2.55033e+15
3.23196e+15
3.08155e+15
2.85955e+15
2.18614e+15
2.37017e+15
3.61144e+15
1.29779e+15
1.91176e+15
1.03043e+15
9.0269e+14
1.09101e+15
1.3346e+15
2.93496e+14
4.95451e+14
5.04801e+14
7.24301e+14
3.59738e+14
4.41129e+14
9.65738e+13
1.41033e+14
1.46521e+13
7.84039e+13
3.09739e+14
2.59413e+14
2.20002e+14
1.17314e+14
2.76433e+13
2.24421e+13
3.10838e+12
8.73401e+10
1.4996e+11
1.84276e+11
7.57521e+13
7.73212e+13
2.5661e+14
1.22279e+14
2.38654e+14
2.36488e+14
1.60086e+14
1.3969e+14
5.08968e+13
1.52391e+14
2.33854e+13
1.3669e+14
4.99147e+14
9.64847e+14
3.37131e+14
3.25902e+14
8.15312e+14
7.29792e+14
3.84898e+14
5.35645e+14
9.78851e+14
7.19993e+14
4.81971e+14
7.71065e+14
1.19394e+15
1.13957e+15
1.3485e+15
1.299e+15
7.37224e+14
6.77245e+14
1.29438e+15
9.64356e+14
9.08521e+14
7.97734e+14
1.05765e+15
9.62459e+14
2.52999e+15
1.20094e+15
1.12026e+15
9.65704e+14
7.36638e+14
9.63372e+14
1.62645e+15
1.5658e+15
1.11727e+15
1.56348e+15
1.73361e+15
1.7619e+15
1.2964e+15
1.00456e+15
8.03821e+14
7.38223e+14
6.37161e+14
4.03036e+14
1.16918e+14
4.52245e+13
0
0
1.30775e+14
3.47441e+13
4.26616e+12
1.5644e+13
2.24321e+13
4.85449e+13
1.96548e+14
8.95126e+13
6.30363e+13
1.65684e+13
1.37488e+14
9.97595e+13
9.71306e+13
1.19401e+14
1.35665e+14
8.97371e+13
7.58122e+13
7.67055e+13
1.49827e+14
2.94139e+14
9.76342e+12
4.40313e+12
4.3017e+14
5.825e+14
5.58286e+14
4.67545e+14
1.09212e+15
8.11135e+14
1.96358e+15
2.34478e+15
2.13143e+15
1.41207e+15
3.1922e+15
1.61387e+15
3.89875e+15
2.98982e+15
5.89088e+15
3.35636e+15
1.29485e+16
1.09515e+16
2.17771e+16
1.57098e+16
4.45738e+16
3.98197e+16
1.76165e+17
2.36509e+17
2.34109e+18
4.09252e+18
9.61431e+17
7.74289e+17
3.95023e+17
2.63922e+17
1.66365e+17
1.21692e+17
6.83063e+16
4.93464e+16
3.96416e+16
2.85429e+16
2.44144e+16
1.78623e+16
1.15838e+16
1.06196e+16
1.01882e+16
6.71433e+15
4.4159e+15
2.99562e+15
7.61108e+15
5.05862e+15
3.68506e+15
3.35068e+15
5.67868e+15
4.06316e+15
3.54579e+15
2.29523e+15
3.82122e+15
3.1094e+15
2.23609e+15
1.6495e+15
1.37107e+15
8.12484e+14
1.9533e+15
9.64743e+14
1.14e+15
9.5007e+14
9.24959e+14
6.8961e+14
3.97842e+14
1.61974e+14
1.95238e+14
1.3948e+14
5.20503e+14
4.04136e+14
1.01507e+15
9.72691e+14
1.28633e+15
9.90934e+14
1.28588e+15
1.18775e+15
1.60802e+15
2.00966e+15
3.05389e+15
3.64172e+15
3.834e+15
4.60289e+15
3.26113e+15
2.63535e+15
3.13955e+15
4.43511e+15
1.63959e+15
2.51933e+15
1.66988e+15
1.08863e+15
1.16748e+15
1.38246e+15
4.86057e+14
5.00727e+14
7.9408e+14
9.17457e+14
3.48636e+14
4.72475e+14
1.00615e+14
1.37539e+14
8.3904e+13
2.54952e+14
3.41226e+14
3.01145e+14
2.4517e+14
2.53416e+14
2.00193e+14
1.12096e+14
2.58993e+13
4.01697e+13
3.63594e+11
5.34264e+11
8.62079e+13
7.87216e+13
2.62265e+14
1.20798e+14
2.69367e+14
2.40107e+14
1.58284e+14
1.41967e+14
9.35271e+13
2.10606e+14
3.10104e+13
9.61505e+13
7.44124e+14
9.80943e+14
3.65137e+14
4.72711e+14
1.10184e+15
7.74284e+14
4.80316e+14
6.96592e+14
1.03755e+15
7.48837e+14
7.28606e+14
8.44457e+14
1.22044e+15
1.40365e+15
1.61462e+15
1.39436e+15
7.69162e+14
9.54749e+14
1.3446e+15
9.80105e+14
9.95963e+14
1.12168e+15
1.58184e+15
1.72393e+15
2.57181e+15
1.38651e+15
1.31567e+15
1.24989e+15
1.31911e+15
1.32622e+15
1.80441e+15
1.90316e+15
1.31442e+15
2.03773e+15
1.95712e+15
2.75675e+15
2.10785e+15
1.64531e+15
1.21726e+15
1.29326e+15
8.8407e+14
7.15747e+14
2.03001e+14
1.92764e+14
8.84632e+13
5.67993e+12
1.64765e+14
2.77106e+13
2.56438e+13
1.26431e+13
9.9694e+13
1.48019e+14
1.59411e+14
1.37166e+14
4.20733e+13
8.57265e+13
1.41504e+14
1.80727e+14
1.52542e+14
1.09348e+14
1.81559e+14
1.70943e+14
2.6705e+14
1.45968e+14
2.08509e+14
2.96895e+14
5.02079e+14
2.6277e+14
8.04804e+14
6.33755e+14
1.64805e+15
1.6377e+15
2.24819e+15
1.62139e+15
4.21258e+15
4.65786e+15
4.42618e+15
3.1342e+15
9.17249e+15
5.80635e+15
1.19959e+16
1.03745e+16
1.74831e+16
1.65138e+16
3.82443e+16
3.66665e+16
6.39328e+16
5.08902e+16
1.15092e+17
1.11971e+17
4.07469e+17
6.29518e+17
3.01864e+18
4.35914e+18
8.61708e+17
7.70116e+17
4.09232e+17
3.3014e+17
1.94453e+17
1.36936e+17
8.46107e+16
7.27261e+16
5.09991e+16
4.27568e+16
3.24492e+16
2.24979e+16
2.76494e+16
1.96799e+16
1.86093e+16
1.19593e+16
1.34362e+16
1.03152e+16
7.66248e+15
7.63229e+15
9.42379e+15
7.62711e+15
6.90191e+15
6.06934e+15
3.02483e+15
2.69392e+15
6.28271e+15
5.70296e+15
4.3579e+15
3.41553e+15
3.0845e+15
2.87923e+15
2.82741e+15
1.55599e+15
2.49383e+15
1.87452e+15
6.84881e+14
1.85995e+14
1.32042e+15
6.26607e+14
1.97686e+15
1.25113e+15
3.13423e+15
2.37354e+15
2.38339e+15
1.8758e+15
1.92968e+15
1.66671e+15
2.26177e+15
1.62187e+15
2.52637e+15
2.45689e+15
4.42387e+15
4.24252e+15
4.84097e+15
5.9125e+15
3.69206e+15
4.01532e+15
3.64637e+15
4.51791e+15
1.88945e+15
3.6522e+15
2.26056e+15
1.47872e+15
1.20293e+15
2.15143e+15
1.24975e+15
6.34671e+14
8.28937e+14
1.00694e+15
4.6169e+14
8.38786e+14
1.12737e+14
1.40218e+14
8.73318e+13
2.66457e+14
3.75127e+14
3.19787e+14
2.58778e+14
2.85095e+14
5.3146e+14
4.22675e+14
2.62629e+13
3.95832e+13
1.24504e+14
3.74607e+13
3.133e+14
1.88909e+14
4.73562e+14
1.6368e+14
3.02025e+14
2.83891e+14
1.56805e+14
1.51249e+14
1.44334e+14
2.12654e+14
1.56591e+14
1.1148e+14
8.35893e+14
9.77242e+14
5.56557e+14
4.71247e+14
1.37009e+15
1.23962e+15
6.22768e+14
8.05803e+14
1.13253e+15
9.27213e+14
1.0283e+15
8.54241e+14
1.36886e+15
1.52884e+15
1.63987e+15
1.43864e+15
8.38542e+14
9.78297e+14
1.35998e+15
1.12116e+15
1.28186e+15
1.29385e+15
1.59452e+15
1.70566e+15
2.93583e+15
1.47955e+15
1.42528e+15
1.2365e+15
1.31926e+15
1.97991e+15
2.29127e+15
2.21592e+15
1.65259e+15
2.12638e+15
2.33938e+15
3.71258e+15
3.09512e+15
2.47504e+15
1.88052e+15
1.8975e+15
1.96746e+15
1.32277e+15
7.06542e+14
3.1814e+14
4.42542e+14
6.74671e+13
6.58101e+14
1.40311e+14
2.64221e+14
2.32806e+14
2.36916e+14
1.4139e+14
1.94663e+14
1.43008e+14
2.63608e+14
1.64699e+14
6.58702e+13
3.11942e+14
3.86053e+14
1.50244e+14
2.44755e+14
1.34082e+14
1.70927e+15
9.32595e+14
1.00146e+15
5.6209e+14
1.02638e+15
7.53373e+14
3.40183e+15
1.46807e+15
5.03571e+15
4.82829e+15
5.7759e+15
5.00564e+15
1.17723e+16
1.15904e+16
1.00708e+16
8.38841e+15
1.87814e+16
1.74564e+16
2.7278e+16
2.56284e+16
4.97369e+16
4.00767e+16
7.47693e+16
8.59091e+16
1.38488e+17
1.35275e+17
2.40448e+17
2.42177e+17
7.33461e+17
1.11992e+18
3.48015e+18
4.46599e+18
7.90922e+17
7.20874e+17
4.02514e+17
3.14584e+17
2.01361e+17
1.58638e+17
1.29916e+17
9.87047e+16
7.14233e+16
6.12907e+16
5.45764e+16
4.69496e+16
3.71531e+16
2.76321e+16
2.16571e+16
1.77196e+16
1.3996e+16
1.05485e+16
1.3179e+16
1.08331e+16
2.0328e+16
1.23253e+16
6.91528e+15
7.36671e+15
5.58159e+15
6.58824e+15
5.0477e+15
5.0496e+15
5.23499e+15
3.45477e+15
2.74683e+15
3.20808e+15
3.20688e+15
2.77136e+15
3.41416e+15
2.74835e+15
3.82857e+15
1.82686e+15
3.17321e+15
2.10957e+15
4.3349e+15
5.23346e+15
4.13718e+15
3.49733e+15
3.82914e+15
2.64128e+15
3.33185e+15
2.54237e+15
3.14465e+15
2.05875e+15
4.13307e+15
3.9592e+15
4.92346e+15
5.11538e+15
5.85219e+15
6.76473e+15
5.21529e+15
4.97213e+15
4.70689e+15
5.02169e+15
2.64323e+15
3.95866e+15
3.17185e+15
1.77922e+15
1.68002e+15
2.63179e+15
8.84509e+14
6.27167e+14
8.50842e+14
1.01322e+15
3.99944e+14
9.0532e+14
1.19303e+14
1.77784e+14
8.9743e+13
2.64955e+14
4.24382e+14
3.87835e+14
3.11393e+14
3.27737e+14
6.04603e+14
6.32106e+14
3.6382e+13
4.48066e+13
1.20541e+14
1.77993e+14
4.21658e+14
4.33474e+14
8.83106e+14
4.01944e+14
4.06157e+14
3.05654e+14
1.58507e+14
2.78481e+14
1.33288e+14
3.12065e+14
2.5175e+14
1.14184e+14
1.00182e+15
1.04244e+15
7.46254e+14
6.03484e+14
1.58771e+15
1.66875e+15
7.02219e+14
1.37813e+15
1.24724e+15
1.18418e+15
1.36675e+15
1.26042e+15
1.43822e+15
1.60191e+15
1.71018e+15
1.52298e+15
1.01797e+15
1.07895e+15
1.49791e+15
1.1609e+15
1.33705e+15
1.29419e+15
1.64714e+15
1.02998e+15
3.39263e+15
1.56331e+15
1.46199e+15
1.30249e+15
1.37003e+15
2.30452e+15
2.68184e+15
2.46101e+15
2.23125e+15
2.4517e+15
2.92805e+15
4.19708e+15
3.98546e+15
3.02493e+15
3.14699e+15
2.76263e+15
3.64015e+15
2.93415e+15
3.19608e+15
1.03567e+15
9.81499e+14
6.44769e+14
4.13008e+14
7.86813e+14
7.30368e+14
5.36306e+14
7.49666e+14
3.93943e+14
8.03826e+14
4.19548e+14
5.6431e+14
3.11631e+14
6.65439e+14
7.65334e+14
1.46815e+15
1.0207e+15
1.02428e+15
7.467e+14
2.92447e+15
2.27905e+15
3.58405e+15
1.68279e+15
2.09906e+15
2.32599e+15
1.10105e+16
6.75837e+15
1.00064e+16
1.11563e+16
1.19529e+16
1.37255e+16
2.23245e+16
2.49098e+16
2.22092e+16
1.72221e+16
3.73881e+16
3.3302e+16
5.57935e+16
5.1256e+16
9.80335e+16
8.8343e+16
1.51271e+17
1.53664e+17
2.52289e+17
2.22447e+17
4.3396e+17
4.59324e+17
1.12052e+18
1.5859e+18
3.66015e+18
4.35848e+18
6.64867e+17
6.33489e+17
3.73704e+17
3.27537e+17
1.76763e+17
1.64934e+17
1.00221e+17
9.74797e+16
8.90238e+16
7.97174e+16
6.15636e+16
5.01318e+16
2.7733e+16
2.58037e+16
2.03691e+16
2.04537e+16
1.705e+16
1.56537e+16
1.96883e+16
1.96861e+16
1.01684e+16
8.48164e+15
8.66818e+15
7.45781e+15
6.52252e+15
7.17173e+15
6.37057e+15
5.10406e+15
5.97021e+15
3.82935e+15
5.08071e+15
4.80279e+15
4.91529e+15
5.30895e+15
6.44572e+15
5.57541e+15
3.38914e+15
2.91289e+15
4.80364e+15
5.80995e+15
6.38331e+15
7.57742e+15
4.27093e+15
4.18788e+15
4.20473e+15
4.25714e+15
5.01304e+15
3.94364e+15
4.54258e+15
3.24428e+15
7.41014e+15
5.47768e+15
6.28875e+15
5.9265e+15
7.64243e+15
7.4774e+15
7.36753e+15
6.28707e+15
5.908e+15
6.47242e+15
4.31725e+15
5.10087e+15
3.26313e+15
1.73139e+15
1.91573e+15
2.75226e+15
9.7721e+14
6.19941e+14
8.6983e+14
1.03574e+15
3.38743e+14
9.71914e+14
1.21444e+14
1.72435e+14
1.95592e+14
2.63442e+14
4.27087e+14
6.31706e+14
3.48925e+14
3.62823e+14
7.09307e+14
6.87696e+14
1.50626e+14
1.24951e+14
2.67799e+14
2.39915e+14
5.57262e+14
6.51255e+14
9.4038e+14
6.6932e+14
5.17811e+14
3.41048e+14
2.60997e+14
2.98453e+14
1.16029e+14
3.10346e+14
4.15179e+14
2.93536e+14
1.07532e+15
1.07607e+15
7.45849e+14
6.64133e+14
1.54613e+15
1.91297e+15
6.89952e+14
1.76076e+15
1.38523e+15
1.22692e+15
1.65501e+15
1.45133e+15
1.48725e+15
1.57704e+15
1.72441e+15
1.55313e+15
1.15223e+15
1.13507e+15
1.52218e+15
1.19104e+15
1.42188e+15
1.35567e+15
1.74378e+15
1.07013e+15
3.38834e+15
1.8652e+15
1.50725e+15
1.30173e+15
1.29677e+15
2.83452e+15
2.96437e+15
2.69744e+15
2.90879e+15
2.96871e+15
3.3088e+15
4.42173e+15
4.92708e+15
3.85601e+15
4.1245e+15
3.87416e+15
5.64185e+15
4.69568e+15
1.07499e+16
5.83416e+15
3.65847e+15
2.28583e+15
2.42675e+15
1.14248e+15
1.70789e+15
6.76364e+14
1.27898e+15
1.26562e+15
1.58782e+15
1.23239e+15
2.01441e+15
5.45373e+14
4.54717e+15
2.32108e+15
4.79426e+15
4.46556e+15
5.03156e+15
2.43517e+15
8.05802e+15
4.50022e+15
7.11533e+15
4.07228e+15
1.22275e+16
9.99076e+15
1.87466e+16
1.56778e+16
2.1837e+16
1.81214e+16
2.88717e+16
2.77166e+16
4.32244e+16
3.6099e+16
5.08313e+16
3.90455e+16
6.98806e+16
6.3049e+16
1.09601e+17
1.01857e+17
1.74066e+17
1.45565e+17
2.5168e+17
2.65577e+17
3.86748e+17
4.05334e+17
6.57082e+17
7.09937e+17
1.52277e+18
2.04006e+18
3.78366e+18
4.34881e+18
5.9501e+17
5.50461e+17
3.44644e+17
2.82773e+17
1.8555e+17
1.38943e+17
1.11697e+17
9.83649e+16
8.75402e+16
7.40055e+16
5.38423e+16
3.73415e+16
2.74911e+16
2.12561e+16
2.9268e+16
2.59553e+16
2.18546e+16
1.801e+16
1.93405e+16
1.6556e+16
1.25247e+16
1.00901e+16
1.22288e+16
9.08259e+15
1.18538e+16
9.97164e+15
9.0804e+15
7.07206e+15
1.02847e+16
8.969e+15
9.02281e+15
6.32535e+15
8.38565e+15
9.72174e+15
5.02549e+15
4.13477e+15
4.96829e+15
4.35977e+15
1.06919e+16
1.01683e+16
4.8379e+15
4.95106e+15
8.43585e+15
4.64992e+15
7.56472e+15
8.03603e+15
8.26468e+15
6.81563e+15
6.76714e+15
6.55023e+15
9.03803e+15
7.65351e+15
7.53175e+15
6.81744e+15
8.36931e+15
9.09859e+15
8.70462e+15
7.70078e+15
7.8991e+15
8.65641e+15
4.80454e+15
6.17807e+15
4.38038e+15
2.45427e+15
2.17879e+15
2.50243e+15
1.18607e+15
9.12186e+14
1.17523e+15
1.02076e+15
2.79025e+14
1.03619e+15
1.24881e+14
1.47193e+14
2.09312e+14
2.70767e+14
4.35207e+14
6.62164e+14
5.19746e+14
4.2724e+14
7.80828e+14
9.0622e+14
3.05477e+14
3.10307e+14
4.10486e+14
5.01717e+14
6.73688e+14
6.87882e+14
1.12772e+15
7.48162e+14
5.11523e+14
3.40798e+14
3.49001e+14
3.55042e+14
1.17886e+14
3.1016e+14
4.80749e+14
2.83084e+14
1.10655e+15
1.35028e+15
7.48358e+14
7.1297e+14
1.61359e+15
1.98235e+15
8.13078e+14
1.88722e+15
1.50439e+15
1.31613e+15
1.80875e+15
1.87605e+15
1.38607e+15
1.68789e+15
1.72928e+15
1.53154e+15
1.46662e+15
1.4599e+15
1.53231e+15
1.53267e+15
1.66754e+15
1.50095e+15
1.61219e+15
1.02877e+15
3.32005e+15
2.09363e+15
1.52087e+15
1.33151e+15
1.31984e+15
2.63666e+15
3.01337e+15
2.77841e+15
3.71597e+15
3.80212e+15
4.01127e+15
4.91319e+15
5.81756e+15
4.33049e+15
5.56351e+15
4.83975e+15
7.65818e+15
8.66426e+15
1.86992e+16
1.83035e+16
1.36149e+16
8.1224e+15
1.09153e+16
5.14799e+15
7.46736e+15
2.93198e+15
4.15328e+15
2.65026e+15
3.83608e+15
2.88727e+15
5.26978e+15
3.80158e+15
9.39633e+15
5.91591e+15
8.70062e+15
7.04349e+15
9.88374e+15
6.88697e+15
1.55836e+16
1.47563e+16
1.7937e+16
1.50339e+16
2.21189e+16
2.25592e+16
2.63583e+16
2.50485e+16
4.00255e+16
3.536e+16
4.52238e+16
4.28283e+16
8.54972e+16
7.23563e+16
8.90456e+16
7.48682e+16
1.19953e+17
1.08397e+17
1.90231e+17
1.74679e+17
2.62811e+17
2.39148e+17
3.8284e+17
3.66952e+17
5.65744e+17
6.04607e+17
9.59446e+17
1.00805e+18
1.88363e+18
2.29869e+18
3.74093e+18
4.11982e+18
5.19917e+17
4.94738e+17
2.93279e+17
2.5135e+17
1.95877e+17
1.66149e+17
1.03529e+17
1.2307e+17
7.28477e+16
6.40606e+16
4.34515e+16
3.03262e+16
3.95543e+16
3.3092e+16
4.06328e+16
3.21656e+16
2.19652e+16
1.9039e+16
2.50423e+16
2.19788e+16
1.53303e+16
1.36378e+16
1.41247e+16
1.13939e+16
1.45179e+16
1.25684e+16
9.41448e+15
9.16854e+15
1.22583e+16
1.51748e+16
1.11794e+16
9.66426e+15
9.17032e+15
7.25204e+15
8.06781e+15
6.96307e+15
1.01928e+16
1.06187e+16
8.64612e+15
8.22401e+15
9.50377e+15
7.24007e+15
1.2091e+16
9.9575e+15
1.02532e+16
9.86938e+15
1.00584e+16
8.25562e+15
1.0246e+16
1.04621e+16
9.81418e+15
8.74856e+15
9.23164e+15
8.8406e+15
1.06758e+16
8.89211e+15
1.18187e+16
1.00895e+16
9.06059e+15
9.68093e+15
5.4239e+15
6.73217e+15
3.606e+15
3.46944e+15
2.89519e+15
2.89264e+15
1.25586e+15
9.15271e+14
1.20737e+15
1.07135e+15
2.2305e+14
1.09707e+15
1.28181e+14
1.44438e+14
2.09737e+14
2.80345e+14
5.45731e+14
6.67892e+14
6.53567e+14
6.01695e+14
1.08032e+15
1.0003e+15
5.07594e+14
7.94827e+14
7.74644e+14
9.08253e+14
8.52261e+14
6.90292e+14
1.20756e+15
7.70436e+14
5.25124e+14
3.43255e+14
6.20486e+14
4.92233e+14
1.19603e+14
3.09622e+14
5.20036e+14
2.60723e+14
1.13528e+15
1.37857e+15
1.51823e+15
8.73047e+14
1.57709e+15
2.03642e+15
8.24996e+14
1.76483e+15
1.69202e+15
1.45052e+15
1.87598e+15
2.42206e+15
1.38293e+15
1.67203e+15
2.05414e+15
1.91427e+15
1.58154e+15
2.07003e+15
1.55972e+15
1.4651e+15
1.91462e+15
1.89198e+15
1.3207e+15
9.98394e+14
3.2167e+15
2.20199e+15
1.54029e+15
1.36745e+15
1.34401e+15
1.84246e+15
3.80483e+15
3.04317e+15
4.0094e+15
4.35326e+15
5.21249e+15
6.21639e+15
6.60283e+15
5.32547e+15
6.84414e+15
6.22021e+15
8.6309e+15
1.11702e+16
2.63076e+16
3.38568e+16
3.8959e+16
2.41637e+16
2.64993e+16
2.01428e+16
2.36011e+16
1.55579e+16
1.57135e+16
9.41015e+15
1.41998e+16
8.84648e+15
1.70737e+16
1.27398e+16
1.68926e+16
1.24336e+16
1.88301e+16
1.61284e+16
1.85355e+16
1.2158e+16
2.88532e+16
2.151e+16
3.97106e+16
3.49646e+16
3.67648e+16
3.61699e+16
5.12384e+16
4.31153e+16
6.4965e+16
6.10833e+16
8.47927e+16
7.28172e+16
1.12799e+17
1.18222e+17
1.58057e+17
1.39271e+17
1.80206e+17
1.59056e+17
2.47768e+17
2.71646e+17
3.78079e+17
3.61308e+17
5.04961e+17
5.33473e+17
7.87123e+17
8.00504e+17
1.17809e+18
1.2978e+18
2.16778e+18
2.60033e+18
3.73677e+18
4.00168e+18
4.27009e+17
4.09268e+17
2.34293e+17
2.2466e+17
1.51739e+17
1.47061e+17
1.01397e+17
9.53133e+16
7.02996e+16
6.64294e+16
5.08319e+16
5.13358e+16
3.3139e+16
4.52209e+16
2.96381e+16
2.9013e+16
2.47141e+16
2.56854e+16
2.35823e+16
1.89321e+16
1.67942e+16
1.69926e+16
1.24329e+16
1.24844e+16
2.31264e+16
1.88158e+16
2.1341e+16
1.50557e+16
1.70878e+16
1.56653e+16
1.20275e+16
1.00222e+16
8.82283e+15
8.18506e+15
1.17497e+16
1.07435e+16
1.20266e+16
1.12164e+16
8.66123e+15
8.60952e+15
1.78239e+16
1.33793e+16
1.26115e+16
1.22703e+16
8.95712e+15
8.99697e+15
1.48464e+16
1.0087e+16
1.37578e+16
1.46245e+16
1.1973e+16
1.12002e+16
1.16665e+16
9.37007e+15
1.31115e+16
9.87563e+15
1.39103e+16
1.17072e+16
1.21421e+16
1.17684e+16
6.80772e+15
7.94529e+15
4.26968e+15
4.56751e+15
2.74074e+15
3.78165e+15
1.17418e+15
9.64956e+14
1.29125e+15
1.04854e+15
1.95455e+14
8.49171e+14
3.65406e+14
1.42194e+14
2.78788e+14
3.98655e+14
6.57556e+14
7.35614e+14
8.22744e+14
5.95666e+14
1.09121e+15
1.13e+15
6.26189e+14
8.04986e+14
1.11051e+15
1.571e+15
9.75799e+14
9.17574e+14
1.64239e+15
1.03693e+15
5.44802e+14
3.35807e+14
7.01185e+14
4.88632e+14
1.59653e+14
3.46676e+14
5.63119e+14
2.37273e+14
1.21928e+15
1.81706e+15
1.49333e+15
1.01558e+15
1.53114e+15
2.12537e+15
8.1394e+14
1.02215e+15
2.76299e+15
1.79754e+15
1.91815e+15
2.38429e+15
1.43054e+15
1.66179e+15
2.04288e+15
1.99462e+15
1.7656e+15
2.55679e+15
1.76132e+15
1.74028e+15
1.92458e+15
1.90711e+15
1.30775e+15
1.0177e+15
3.11798e+15
2.34847e+15
1.78844e+15
1.37865e+15
1.92062e+15
2.13152e+15
3.75579e+15
3.22191e+15
4.27804e+15
4.64785e+15
6.83675e+15
6.68587e+15
7.22008e+15
6.47613e+15
8.20513e+15
7.51161e+15
9.33266e+15
1.38444e+16
3.0198e+16
4.8793e+16
7.54891e+16
5.48225e+16
5.5432e+16
4.12547e+16
5.04917e+16
3.9186e+16
4.86365e+16
3.08486e+16
4.0636e+16
2.92507e+16
3.3232e+16
2.51257e+16
4.17996e+16
2.95034e+16
4.2562e+16
2.7675e+16
4.50733e+16
2.62515e+16
5.25263e+16
4.04806e+16
5.39176e+16
5.91633e+16
7.23156e+16
6.28886e+16
7.62697e+16
7.61549e+16
1.00993e+17
9.63277e+16
1.36927e+17
1.22571e+17
1.65798e+17
1.56229e+17
2.10017e+17
2.15313e+17
2.5697e+17
2.47672e+17
3.33584e+17
3.39325e+17
4.9713e+17
4.82236e+17
6.04669e+17
6.89706e+17
9.32627e+17
1.02122e+18
1.45447e+18
1.60116e+18
2.31387e+18
2.62966e+18
3.6127e+18
3.8074e+18
3.19028e+17
3.59228e+17
2.11825e+17
1.81021e+17
1.33154e+17
8.49615e+16
1.04007e+17
1.00923e+17
9.51187e+16
7.36862e+16
7.50063e+16
5.26778e+16
6.16295e+16
4.80669e+16
4.44257e+16
3.13519e+16
4.07468e+16
2.65661e+16
3.60866e+16
2.64518e+16
2.11921e+16
1.59362e+16
1.86522e+16
1.94076e+16
2.20693e+16
2.65021e+16
1.95751e+16
1.57701e+16
1.34711e+16
1.31108e+16
1.48867e+16
1.23075e+16
1.59844e+16
1.42934e+16
1.15808e+16
1.13451e+16
1.1628e+16
1.20342e+16
1.68657e+16
1.67597e+16
1.43798e+16
1.50265e+16
1.28456e+16
1.15177e+16
1.85312e+16
1.86722e+16
1.47104e+16
1.28954e+16
1.63938e+16
1.56813e+16
1.2218e+16
1.19692e+16
1.30037e+16
1.12062e+16
1.39907e+16
1.19485e+16
1.4904e+16
1.07839e+16
1.55951e+16
1.44021e+16
8.20814e+15
9.56854e+15
5.17127e+15
5.91973e+15
5.23324e+15
4.11752e+15
2.77146e+15
1.44357e+15
2.53335e+15
1.26449e+15
1.82259e+14
6.57368e+14
5.82543e+14
2.65912e+14
2.78352e+14
4.06781e+14
6.57142e+14
8.07957e+14
1.04062e+15
7.20107e+14
1.18743e+15
1.24044e+15
6.738e+14
1.25666e+15
1.22368e+15
2.08283e+15
1.20283e+15
1.46527e+15
1.76828e+15
1.2339e+15
8.90981e+14
6.01128e+14
7.58861e+14
5.63856e+14
2.32244e+14
4.51408e+14
6.97867e+14
2.46902e+14
1.2437e+15
1.95439e+15
1.27035e+15
9.56581e+14
1.47937e+15
2.19115e+15
7.56278e+14
1.23717e+15
3.1422e+15
2.33751e+15
2.09445e+15
2.35318e+15
1.45557e+15
1.52607e+15
2.14628e+15
2.00621e+15
1.86428e+15
2.72014e+15
1.60662e+15
1.80636e+15
1.89606e+15
2.17148e+15
1.47264e+15
1.02916e+15
3.03755e+15
3.1933e+15
5.62511e+15
1.39367e+15
1.6808e+15
2.80637e+15
4.1056e+15
3.13385e+15
4.67025e+15
4.41455e+15
6.91718e+15
7.42148e+15
7.76088e+15
7.95373e+15
9.51676e+15
9.68459e+15
1.08412e+16
1.32687e+16
3.26373e+16
5.02372e+16
1.13545e+17
1.00247e+17
9.74557e+16
7.96891e+16
8.90156e+16
6.4973e+16
8.86801e+16
6.66165e+16
8.20918e+16
6.33942e+16
8.24329e+16
5.86736e+16
8.10858e+16
6.59432e+16
8.30239e+16
6.04679e+16
8.1899e+16
5.6021e+16
8.15442e+16
7.30862e+16
1.07766e+17
9.75786e+16
1.29185e+17
1.06329e+17
1.34303e+17
1.13196e+17
1.79598e+17
1.58418e+17
2.10702e+17
1.78192e+17
2.56467e+17
2.28225e+17
2.9099e+17
2.95588e+17
3.53299e+17
3.44502e+17
4.40363e+17
4.40872e+17
5.46273e+17
6.24489e+17
7.39522e+17
8.03731e+17
1.0136e+18
1.19118e+18
1.65579e+18
1.84016e+18
2.48944e+18
2.77037e+18
3.64457e+18
3.70042e+18
2.66528e+17
2.28819e+17
1.60074e+17
1.40061e+17
9.97687e+16
1.06229e+17
7.83648e+16
8.28622e+16
6.27251e+16
6.15999e+16
6.70833e+16
5.97486e+16
5.18605e+16
4.87843e+16
4.03077e+16
4.76724e+16
4.31121e+16
4.56333e+16
2.78818e+16
3.30258e+16
1.41263e+16
2.76006e+16
2.44945e+16
2.23277e+16
2.50985e+16
3.37568e+16
1.94279e+16
1.91627e+16
2.17966e+16
1.96902e+16
2.03696e+16
1.98116e+16
1.36171e+16
1.22319e+16
1.44407e+16
1.23295e+16
2.46492e+16
2.55132e+16
1.82126e+16
1.2985e+16
1.47247e+16
1.37063e+16
2.2706e+16
2.10541e+16
1.86525e+16
1.72502e+16
1.86052e+16
1.81486e+16
1.79987e+16
1.62645e+16
1.41808e+16
1.41223e+16
1.36512e+16
1.41359e+16
1.50973e+16
1.31876e+16
1.83367e+16
1.13431e+16
1.56692e+16
1.48661e+16
8.61924e+15
9.59174e+15
8.64287e+15
8.03163e+15
7.16491e+15
6.15112e+15
2.94281e+15
1.93054e+15
2.98309e+15
2.69473e+15
3.93308e+14
3.39041e+14
1.28032e+15
4.19143e+14
3.70261e+14
5.52461e+14
6.57848e+14
8.08954e+14
1.04726e+15
7.22109e+14
1.15818e+15
1.52296e+15
7.09321e+14
1.73088e+15
1.23998e+15
2.35332e+15
1.76635e+15
2.29625e+15
2.39097e+15
1.34065e+15
1.13901e+15
6.50475e+14
8.32371e+14
5.67082e+14
2.54614e+14
6.97662e+14
3.33594e+14
3.70619e+14
1.49724e+15
2.1743e+15
1.24794e+15
9.77368e+14
1.45982e+15
2.21206e+15
7.44743e+14
1.24734e+15
3.5528e+15
2.66873e+15
2.11173e+15
2.33092e+15
1.46356e+15
1.4704e+15
2.18675e+15
2.01708e+15
1.9132e+15
2.66633e+15
1.61087e+15
1.8656e+15
2.15296e+15
3.23169e+15
2.64703e+15
1.61729e+15
2.90382e+15
2.48947e+15
4.61509e+15
3.16728e+15
1.62767e+15
3.07744e+15
3.71162e+15
4.02088e+15
4.68804e+15
4.82063e+15
6.98869e+15
8.02595e+15
7.83086e+15
8.58742e+15
1.0141e+16
1.0907e+16
1.17445e+16
1.44567e+16
3.25398e+16
4.73266e+16
1.24193e+17
1.40553e+17
1.46513e+17
1.23819e+17
1.25748e+17
1.18759e+17
1.21375e+17
1.10563e+17
1.18295e+17
1.08954e+17
1.34422e+17
1.13297e+17
1.39381e+17
1.13123e+17
1.29372e+17
1.22625e+17
1.35697e+17
9.66921e+16
1.34813e+17
1.2177e+17
1.67233e+17
1.55606e+17
1.93678e+17
1.82083e+17
1.86301e+17
1.83671e+17
1.98462e+17
2.10013e+17
2.74355e+17
2.73422e+17
3.32285e+17
3.14946e+17
3.75918e+17
3.46171e+17
4.07793e+17
4.78845e+17
5.32498e+17
5.55768e+17
6.39429e+17
7.09377e+17
8.70332e+17
9.52371e+17
1.22204e+18
1.30437e+18
1.8098e+18
1.98717e+18
2.51074e+18
2.84923e+18
3.46244e+18
3.72457e+18
2.15953e+17
1.90088e+17
1.18666e+17
1.1236e+17
1.38197e+17
9.04425e+16
9.00987e+16
7.27649e+16
6.11156e+16
5.97504e+16
4.35074e+16
4.3585e+16
5.1913e+16
4.00702e+16
4.78774e+16
4.02906e+16
3.38693e+16
3.09004e+16
2.44954e+16
2.29439e+16
2.23855e+16
2.62154e+16
3.82851e+16
2.68301e+16
4.0697e+16
4.06052e+16
1.97915e+16
2.08525e+16
2.16098e+16
2.20328e+16
1.46375e+16
1.65472e+16
1.77799e+16
1.61554e+16
3.1884e+16
2.94929e+16
2.40895e+16
2.40432e+16
1.42856e+16
1.54734e+16
2.16327e+16
1.99788e+16
2.65081e+16
2.66159e+16
1.91586e+16
1.87988e+16
2.32338e+16
2.24885e+16
2.16009e+16
1.48252e+16
1.66895e+16
1.5059e+16
1.47969e+16
1.61252e+16
1.51628e+16
1.69408e+16
1.62091e+16
1.3933e+16
1.54024e+16
1.48364e+16
8.03905e+15
9.1837e+15
1.21686e+16
1.02574e+16
7.8729e+15
6.15605e+15
7.28023e+15
3.66598e+15
3.1628e+15
1.84399e+15
6.26856e+14
8.58476e+14
1.11093e+15
1.1033e+15
5.71668e+14
5.69284e+14
5.79596e+14
8.09524e+14
7.48881e+14
7.35667e+14
1.64422e+15
1.55303e+15
1.55538e+15
2.05832e+15
2.06476e+15
2.52171e+15
2.10003e+15
2.22588e+15
2.99925e+15
1.81002e+15
8.88439e+14
6.28796e+14
7.99943e+14
6.31265e+14
3.42731e+14
7.0491e+14
4.87613e+14
3.72746e+14
2.08323e+15
2.71313e+15
1.04187e+15
1.01382e+15
2.02829e+15
2.26149e+15
7.95464e+14
1.2562e+15
2.25609e+15
2.67495e+15
2.14829e+15
2.34035e+15
1.60358e+15
1.46134e+15
2.35787e+15
2.02669e+15
2.41252e+15
2.63908e+15
8.8808e+15
1.8675e+15
3.17214e+15
4.51694e+15
3.40832e+15
1.70999e+15
4.66203e+15
2.53932e+15
3.34515e+15
4.69166e+15
2.11716e+15
3.20343e+15
3.94316e+15
4.37828e+15
5.89671e+15
5.98453e+15
6.70249e+15
1.01962e+16
8.92859e+15
8.24556e+15
1.42801e+16
1.24828e+16
1.16526e+16
1.44723e+16
3.18352e+16
5.09004e+16
1.09833e+17
1.60005e+17
2.01325e+17
1.72945e+17
1.53194e+17
1.51001e+17
1.60656e+17
1.46076e+17
1.63926e+17
1.50301e+17
1.71715e+17
1.76934e+17
1.57933e+17
1.91632e+17
1.80616e+17
1.68946e+17
2.18832e+17
1.78065e+17
1.75618e+17
1.61382e+17
2.4506e+17
2.07948e+17
2.57866e+17
2.50637e+17
2.81071e+17
2.73999e+17
2.65788e+17
3.16022e+17
3.23576e+17
3.38687e+17
3.97463e+17
4.03849e+17
4.31446e+17
4.47222e+17
5.40935e+17
5.08031e+17
5.91261e+17
6.60992e+17
7.90344e+17
7.61742e+17
1.03202e+18
1.00642e+18
1.3035e+18
1.3884e+18
1.9568e+18
2.01281e+18
2.56425e+18
2.89195e+18
3.35526e+18
3.7053e+18
1.14245e+16
1.55346e+16
2.13423e+15
2.66201e+15
5.18933e+15
5.28548e+15
1.2702e+15
2.25308e+15
9.51824e+14
5.88875e+15
1.22227e+16
8.59019e+15
1.74333e+16
9.51559e+15
7.11908e+15
1.21845e+15
4.23533e+14
1.41568e+14
5.51896e+15
1.71963e+14
1.53024e+16
3.07181e+15
1.23483e+15
2.90358e+15
1.64683e+15
1.20533e+15
7.66727e+14
1.95458e+15
6.75987e+15
1.92076e+15
1.82964e+16
1.49177e+15
1.99242e+15
1.2782e+15
2.14378e+15
4.68672e+15
6.74299e+14
1.71503e+16
9.15468e+14
1.43092e+15
1.05457e+15
2.63976e+15
9.87203e+13
2.09561e+14
8.50391e+14
1.44499e+15
7.42203e+14
1.35962e+15
5.93584e+14
