62.28
17.1224
47.2654
49.4373
17.2408
15.6896
31.1012
25.6873
44.9061
51.4571
50.6172
16.0025
22.2848
24.0134
17.7536
20.1119
21.6194
38.9099
26.7354
25.9258
21.6999
19.3145
18.8459
41.0101
43.6948
43.0568
20.8792
21.4021
22.1977
17.7632
21.1025
45.3551
39.7049
42.6999
16.7991
17.5943
21.938
18.2371
7.0728
17.8676
7.37475
23.1519
15.6019
4.79068
16.9824
25.8257
16.9645
16.8452
19.8811
19.1494
2.63801
10.3818
10.3209
44.2651
10.2718
16.9864
10.3361
10.1567
10.3453
9.81967
27.2341
27.8383
27.8115
9.95946
27.9496
27.8724
16.585
9.9262
27.5602
25.2674
9.54089
29.5613
25.9991
9.6732
29.0651
15.2589
28.6279
30.6006
10.0144
31.889
13.9795
41.3709
47.3871
10.0557
31.6207
13.3805
30.555
10.1615
6.549
17.6884
6.49037
6.6236
21.3117
6.56117
6.97365
34.2906
14.7856
6.61832
7.11444
27.9336
16.5114
17.72
16.5333
6.61377
10.9085
35.7054
5.1826
19.3104
7.70822
15.7232
15.2387
6.5776
15.5111
14.8205
31.8086
17.8103
6.85012
11.0912
32.0833
6.83686
16.4485
31.7622
16.8178
12.7517
33.3771
6.86709
39.2563
16.4075
14.9348
33.2127
10.4854
10.3268
10.255
10.4957
16.5485
14.2711
6.81048
10.1125
26.5323
32.7137
28.0619
13.4676
15.8517
15.5263
6.90036
15.0303
28.7892
21.477
26.1847
10.2055
17.7814
15.2729
21.914
30.7023
6.85703
29.3304
17.2708
36.312
30.2659
4.54647
7.04871
23.8787
29.8876
17.907
33.5656
87.6226
7.06269
30.1167
7.10241
14.3354
7.30814
7.96176
8.25102
10.3015
16.9992
2.9443
6.51071
31.7899
22.7223
6.57376
10.5829
10.5708
15.8623
15.7445
27.4732
28.0043
27.3976
7.97345
10.5785
16.2926
34.4951
16.4415
27.0796
6.68954
26.6313
26.6172
28.0857
11.4058
17.5727
28.6045
31.3021
9.95347
6.75564
16.3322
42.5645
44.8103
32.773
29.0737
16.7732
17.4827
17.311
23.4572
13.2696
6.75412
16.3785
15.9189
18.0258
16.9408
30.9151
7.16485
17.4854
17.6667
17.893
17.887
17.7584
17.6251
17.7596
18.3892
44.8503
28.8383
6.58155
6.77131
38.1095
45.9385
16.4693
6.55595
6.49203
14.5517
9.80901
16.2131
16.5351
9.42089
31.1735
6.66198
6.84368
10.6851
26.8838
23.0735
20.5492
34.5175
33.3224
6.55673
27.3971
24.6248
29.0585
43.3559
7.01718
31.7943
30.7758
6.62567
7.32749
18.8433
5.02974
25.2965
6.64511
21.9456
14.4121
9.36467
12.2553
3.36014
29.5331
6.57971
24.2196
19.0253
6.74559
19.9107
27.0008
26.72
27.8009
29.357
28.0104
29.448
27.9582
29.7757
7.89262
8.03021
32.0026
6.97269
28.0132
7.32876
42.147
12.8428
7.66733
49.4935
20.0569
19.2337
8.08097
17.3494
16.9429
16.9663
42.772
44.7894
27.4922
30.068
36.2275
39.6691
12.7858
14.1088
14.9536
12.4425
12.2647
19.8714
17.4888
12.7742
15.7047
15.241
16.0275
22.0366
26.5843
16.2954
13.3321
7.77603
31.8766
63.9787
32.1645
22.6017
32.8395
10.576
39.6757
24.1219
39.1188
26.5082
33.1341
18.9596
38.8538
21.4423
22.0024
27.5303
34.2837
29.6444
19.4073
23.1505
22.1637
16.5351
24.5977
29.1809
29.0887
25.4347
22.7018
23.2183
23.7292
24.5618
20.6796
26.7941
28.5752
24.7594
27.3297
26.5567
23.6027
44.8832
38.4714
42.8221
41.6524
42.5606
27.6618
25.9035
34.04
25.6142
34.3908
33.7147
30.186
38.1163
44.5538
44.108
39.1859
41.3822
38.8861
20.0417
19.9594
47.0022
41.6644
43.7401
39.1712
42.2201
30.3047
24.5881
19.8246
15.5985
38.78
8.12364
13.4056
10.0591
10.5879
9.41287
15.1562
17.2182
19.4949
10.4617
10.3162
13.5538
18.1692
31.0688
14.8533
11.0886
16.8955
34.3953
32.1622
33.94
30.6943
32.0374
39.161
15.6675
10.5049
25.5969
40.9764
38.3827
27.8671
11.9917
15.6928
17.4967
18.6618
12.987
17.1257
22.7778
25.532
33.6631
163.398
41.3154
46.9022
16.602
10.4221
16.9148
14.6988
14.2919
13.4385
21.2426
119.857
118.513
128.898
25.942
14.4822
83.8771
36.6745
34.9174
32.8246
20.1347
28.0747
13.4734
21.8126
22.8535
37.63
30.1265
21.2053
30.7064
22.9039
27.7591
46.4224
21.3875
23.2179
17.766
29.7618
11.8664
9.14769
13.952
7.74511
8.07458
9.08189
8.63431
30.0087
21.3186
18.8076
27.2135
26.4947
40.6646
35.7385
18.5041
19.4767
19.4637
18.133
17.2162
29.8879
16.0422
18.2074
33.0019
31.6019
30.9263
9.89727
16.355
14.5451
16.9179
22.5983
14.7784
25.5613
17.9382
15.3999
19.0811
22.2848
18.1789
17.448
20.5608
23.9395
32.0792
35.5898
31.5966
20.1533
25.0897
36.1153
38.9955
43.2868
44.7407
14.2574
48.3245
59.1299
88.6911
79.8488
76.1312
50.9643
27.4521
27.2123
24.6978
22.7735
35.3896
38.605
37.8879
38.9728
12.9133
12.6876
14.2214
18.2388
17.3098
12.9459
15.8112
35.2751
16.6066
17.6076
37.4037
15.1124
16.6008
14.6277
19.0041
8.85427
26.0774
40.0135
40.5137
24.3179
26.1506
15.5378
12.5802
15.564
12.2832
12.6471
21.784
35.2504
28.565
26.7648
20.4512
22.0643
30.8101
19.8637
28.1043
34.4091
16.817
23.7083
13.151
20.5727
39.9493
54.7536
17.8119
19.5024
30.0605
18.0255
58.5902
107.394
11.5335
8.79729
12.8929
10.0173
27.515
19.1653
18.4688
150.06
86.2757
124.344
103.27
138.731
141.675
15.9266
11.7097
13.4761
24.406
17.1716
20.2834
19.8086
8.85721
10.8543
13.4913
30.7916
35.0029
24.6743
53.9393
33.3975
34.2185
33.1185
25.7811
26.6934
29.7907
29.3008
32.0008
24.7285
30.02
37.1839
19.2499
12.7029
144.197
91.5167
14.4125
60.3165
83.2494
22.7506
15.2857
14.2216
13.387
16.8952
15.0052
14.6356
24.8343
10.3979
35.4593
20.102
35.2206
36.0359
27.3393
33.7335
34.5996
40.1118
22.1434
20.6737
20.9087
14.9028
16.729
15.5465
9.52443
12.0581
16.0141
13.1677
11.5286
16.6774
13.7117
23.4266
11.4199
31.7079
25.913
36.8673
21.8119
11.8712
28.868
26.8473
18.6104
13.4692
11.7066
16.263
10.7849
119.496
171.993
12.0714
34.7212
33.2331
25.6145
28.8988
16.9873
12.9412
21.8529
21.3156
23.7493
14.5898
17.8955
15.1728
20.0167
19.641
12.2747
22.3081
19.628
25.9763
21.6388
24.3833
15.7341
16.108
20.6456
15.6241
14.8396
17.383
18.0169
10.0761
10.2083
19.4195
13.9476
14.3494
11.8192
15.9922
19.8405
25.6209
10.0422
27.2444
102.25
20.0194
28.8279
32.2591
8.13789
26.8941
34.1871
123.51
15.8004
13.51
12.2259
18.7634
12.3809
148.791
119.533
143.572
179.963
15.3223
17.3156
20.9217
24.6781
18.2978
11.6613
18.5287
19.8964
23.536
27.7643
22.856
29.6589
24.0174
16.2838
9.95318
17.8102
28.8183
18.6809
9.96504
12.0572
14.4488
21.2739
36.2476
20.8732
20.9023
6.79437
19.5014
15.1035
9.14967
17.0539
19.7648
24.4518
17.4396
7.41311
20.0208
19.5081
9.10675
21.3635
22.4696
32.1731
33.0749
22.0642
27.031
28.8147
31.674
23.7046
39.4662
21.9129
22.4252
13.5941
13.7349
15.1417
15.608
31.0553
33.1107
13.9363
15.5372
15.5692
16.1539
13.8384
25.4332
16.168
12.2024
25.0667
29.0297
36.431
36.8179
22.3217
14.7905
14.915
16.7494
11.066
24.5239
14.4
23.1117
11.6721
13.5976
17.9352
16.3653
14.3591
14.3923
15.2238
19.0222
17.4628
28.8546
29.6298
41.0959
84.2074
20.6224
27.9946
17.3861
14.2806
25.8504
36.8661
12.2342
28.0484
22.5908
33.0859
31.6796
22.6288
20.8833
21.5869
19.0719
18.2221
12.499
10.529
15.724
21.9284
18.0431
19.0663
27.1132
23.3721
23.7707
22.7742
21.7772
9.39732
15.0187
13.1687
9.90677
10.3976
21.1071
28.5642
29.1153
22.7191
24.1311
17.9655
17.4426
30.412
15.7439
22.9382
12.7644
16.2951
14.3779
18.4194
18.8633
19.3807
11.7065
15.0227
30.7252
29.4772
16.177
26.6836
30.4903
9.63048
10.5221
13.9885
19.8155
16.8295
17.8049
15.6088
18.6797
14.9962
17.8077
16.4655
14.9512
16.288
15.2308
13.0712
12.3388
27.6155
31.7169
56.3617
20.6977
17.4662
16.7473
16.9357
29.0683
20.2799
15.0691
16.3567
13.7108
12.6209
12.723
18.3119
15.0681
23.0009
29.0957
11.2156
36.3157
28.7268
27.2562
17.5826
16.5264
16.2678
17.767
68.2316
149.659
13.8579
15.7664
14.32
15.1713
29.2578
144.595
20.5594
11.549
14.4511
19.8498
43.6738
17.1432
25.7947
18.0083
34.7569
21.4628
33.4245
28.0975
29.1942
24.1517
19.6488
16.8381
23.2789
33.5989
22.9549
101.674
16.3367
14.9379
14.2516
23.1328
24.3656
21.8464
18.4588
27.9921
14.8824
36.4166
36.7951
34.0862
69.3876
18.4503
16.8981
16.7039
20.1476
14.4415
13.4988
176.693
151.878
115.083
19.7823
39.7427
110.124
16.3692
11.8265
18.0729
15.5835
18.7995
14.6392
112.294
25.3362
15.6966
34.3378
16.5021
20.2088
24.3665
23.4098
54.4277
15.1911
33.7078
31.8325
30.0974
32.7657
30.5267
34.4887
14.0432
14.4347
15.5586
11.9911
11.8981
26.9774
16.5433
32.2772
14.2455
21.7969
24.0607
26.5508
27.4413
17.6364
18.9605
66.6737
49.4522
19.785
24.2542
20.3302
15.7991
19.059
38.9879
30.0299
12.8733
50.5007
28.3213
11.0792
14.4406
18.4533
58.3632
17.242
35.2532
22.2608
22.2198
17.7918
34.8839
97.0808
35.4334
17.7707
44.8573
17.3977
20.457
41.531
27.1072
30.0648
23.7385
24.5048
27.5292
22.2929
25.9979
18.0094
27.6995
18.3579
20.488
24.8451
18.586
15.0389
20.4999
32.1309
33.4838
32.1458
28.2639
34.1649
32.4091
35.9087
32.4867
33.5897
27.3219
7.58965
6.69456
17.438
11.3017
6.35014
9.59479
23.7256
22.9002
17.286
17.28
17.5352
17.5245
17.3689
17.7174
17.1959
16.9377
17.4592
16.6373
16.0553
17.0518
16.4254
17.1809
16.4189
16.1177
16.2439
16.805
17.0942
17.6137
15.2247
13.2382
12.2773
13.4939
11.7021
11.3201
17.9296
15.6048
14.5764
14.8104
13.7512
14.1591
13.5363
15.1552
12.7071
15.0241
15.2966
14.5533
13.7271
14.4909
203.555
194.974
268.205
177.96
215.652
217.447
233.759
210.709
209.617
222.139
198.932
197.79
235.636
163.529
136.539
124.07
252.905
188.146
217.554
192.144
230.096
182.283
169.646
122.314
123.008
130.492
162.288
185.946
27.6225
39.1737
112.552
176.394
356.946
325.9
379.921
351.211
369.012
366.086
100.18
36.7551
96.6495
309.653
152.016
86.026
75.2303
62.2821
118.536
100.058
135.611
64.4194
262.674
208.56
159.187
155.347
260.892
226.765
144.543
210.014
99.1114
176.928
226.997
183.582
165.517
146.919
159.48
113.101
165.496
152.577
47.2191
85.9019
154.759
200.567
264.758
287.922
184.864
202.271
253.096
181.963
163.306
146.609
148.092
130.446
205.716
211.697
244.576
203.207
268.475
214.909
304.762
185.085
379.746
334.695
189.596
190.022
22.459
15.6229
14.6774
16.337
14.7678
14.6834
16.1397
15.9005
17.0535
16.4984
17.4714
15.356
14.4975
15.1182
15.6376
15.2494
13.8029
13.5604
13.4387
13.5432
13.3003
12.4531
10.8113
10.6213
12.7185
10.4226
10.8058
9.70993
10.0782
10.7009
9.92082
10.0755
9.74455
9.83253
10.2857
10.0229
10.5211
10.2059
10.0593
10.1958
10.1942
10.146
10.3682
10.1369
10.1688
10.0061
9.38734
9.57481
8.30083
6.38986
8.37439
8.05582
17.1719
9.7326
7.75693
11.3005
23.3965
21.647
17.2837
17.1595
16.9356
17.0089
17.0079
16.6228
16.7309
16.332
16.5878
17.5408
16.1484
16.7703
16.507
15.6633
16.2137
16.8133
16.3722
17.034
15.3015
16.4825
14.6586
14.8891
14.1378
13.9916
13.0621
14.9197
15.4314
16.1727
14.0321
14.8274
12.701
14.8483
15.6064
15.5857
13.1095
13.833
14.5287
14.8982
13.9721
15.0678
322.286
235.528
292.354
278.062
342.755
279.65
275.824
235.649
246.985
187.117
230.906
247.308
215.159
196.192
139.504
121.924
188.936
223.684
288.088
312.692
202.127
178.582
166.449
127.015
208.136
220.072
183.784
152.544
57.2727
91.1685
147.681
203.968
376.844
393.9
375.914
275.364
385.773
398.232
93.8755
56.4386
142.245
333.264
117.927
79.9481
95.511
72.483
151.605
109.976
139.464
69.9216
129.463
250.908
182.729
81.1521
221.817
223.224
151.41
214.875
70.0913
167.525
227.855
180.085
200.445
231.106
156.247
145.202
149.786
159.251
114.874
219.411
173.933
168.411
254.261
286.732
145.203
139.925
201.335
209.675
117.841
171.368
188.892
123.684
202.271
187.753
258.698
242.952
286.784
196.469
210.153
270.396
359.297
358.108
260.551
258.33
219.383
378.287
14.5711
14.7186
15.7116
14.4993
15.7034
16.4603
16.3335
15.8369
16.1313
15.9527
14.4931
15.4158
16.2727
14.8862
15.6009
13.8358
13.6948
12.9009
12.5437
12.2677
11.5099
10.8751
11.0367
10.948
12.0483
10.5843
9.87635
9.55479
9.47354
9.67022
9.50552
9.822
10.2087
10.5639
10.3206
9.98503
9.963
10.1411
10.2516
10.1155
10.3769
10.1465
9.99951
9.70938
9.35219
9.46426
8.77844
3.96791
8.85909
8.76704
17.6655
9.34448
9.75369
13.622
23.0201
20.3789
17.7246
17.4771
16.6229
17.2128
16.6948
16.7344
17.0039
16.7146
16.1752
16.8975
16.904
16.1325
16.5905
15.9144
16.0621
16.079
16.5954
16.3982
16.0753
15.4231
15.8689
14.1886
16.3629
15.1619
14.8143
15.4983
14.9337
14.1609
12.4086
12.129
12.1571
12.5222
13.5563
16.1279
15.0308
14.0547
13.7072
13.8808
14.2068
14.1993
312.826
272.249
322.27
281.515
283.856
220.37
218.093
209.01
268.206
229.908
212.026
267.293
248.95
172.566
169.509
154.788
255.001
171.127
336.154
310.299
292.545
176.413
206.904
110.552
166.592
179.68
209.098
174.193
75.3928
86.0074
60.1703
74.4019
397.784
367.09
376.085
345.332
389.975
390.179
107.33
58.2213
144.28
355.534
150.707
160.604
116.071
84.1225
284.833
262.861
231.928
210.539
111.133
82.9659
165.147
77.8226
192.473
221.84
193.455
255.608
57.5058
165.988
229.537
245.038
167.725
271.221
154.897
146.477
149.11
153.57
115.794
135.357
208.381
224.838
284.505
246.574
143.671
173.428
128.618
263.966
113.592
128.574
200.921
140.595
180.454
196.344
289.154
250.452
286.284
298.643
201.004
178.488
329.255
319.767
239.276
246.568
217.768
323.416
14.9523
14.9215
15.0136
14.9848
16.4728
16.9603
16.4958
15.7695
16.6474
15.9093
14.8169
15.3163
15.556
15.4671
16.0662
15.2128
15.1973
14.804
14.1527
13.4927
13.3496
12.1082
10.1835
11.0201
11.5134
10.9595
11.4476
9.2362
10.5417
9.87522
9.59352
9.79509
9.63797
9.91893
10.2214
10.4195
10.005
10.113
10.0845
10.0164
10.3082
10.3336
10.1266
10.1211
9.8216
9.52175
8.7521
3.58676
9.10516
9.4665
18.6663
11.1317
12.0189
17.1171
21.8938
19.0528
17.117
17.2523
16.5249
16.6052
16.9413
17.0214
17.5727
17.9007
17.9796
17.9576
18.3585
17.4864
16.6463
16.6655
16.5912
17.0174
16.3063
15.7432
15.5201
16.075
15.3169
16.0138
15.0433
14.7804
17.1658
16.2952
15.7788
15.4116
13.975
13.4174
12.3324
12.2005
12.7037
13.8523
13.927
12.9226
14.2404
13.5295
13.5842
13.0031
242.647
278.985
352.868
301.839
260.024
278.151
271.742
270.448
266.402
229.791
217.214
277.324
286.062
180.61
194.137
209.386
195.189
246.291
306.374
310.218
365.039
221.87
93.933
243.407
164.445
202.16
208.084
165.428
90.2372
187.562
74.5302
77.2983
402.703
387.718
390.803
365.204
392.746
395.683
113.031
73.5773
141.62
342.163
304.805
158.89
110.017
94.1995
294.155
262.811
127.248
146.823
103.809
70.7561
200.903
116.095
213.364
248.274
206.741
271.525
69.9054
138.924
215.4
240.112
162.918
242.778
158.406
151.989
169.345
147.747
125.334
115.893
188.211
286.711
255.523
235.778
154.912
157.778
200.859
228.999
181.037
113.84
217.097
206.871
184.345
217.658
294.344
280.124
235.713
183.648
302.468
234.705
231.179
297.502
201.531
337.645
92.3855
304.837
13.9839
15.8184
16.1027
16.804
15.7847
17.0848
17.3908
16.6258
15.9707
16.2704
15.7532
14.9577
14.7175
16.0571
17.2251
15.7084
15.2213
15.0357
14.4769
13.5812
11.6208
12.1457
11.9387
12.64
11.8048
12.0695
11.0496
9.79381
11.6571
10.5059
9.78317
9.38141
10.2335
10.0833
9.6987
9.801
10.277
10.4235
10.0812
10.1416
10.2133
10.0672
10.0102
10.0131
9.6722
9.50519
8.47741
3.45865
10.5018
10.6359
18.639
11.7795
16.0492
19.8291
21.8697
18.3255
17.067
17.0781
16.8236
16.6734
18.3412
17.0084
17.8434
18.1202
17.8355
18.6463
18.1949
18.2747
16.5725
16.6936
17.0348
16.3737
16.9048
16.5654
16.6139
16.2739
16.6869
15.3431
14.9868
14.853
16.2096
17.2858
17.8613
14.1288
14.541
15.1487
13.8882
13.7567
14.2754
14.2423
14.2086
13.7115
12.6253
13.0857
14.7621
12.5025
224.661
278.938
344.331
336.842
285.73
261.614
288.695
252.005
262.565
257.901
212.656
261.083
261.912
185.885
238.59
219.209
195.937
222.538
246.197
285.689
342.718
290.179
98.9664
138.875
165.145
202.575
198.078
190.419
325.999
262.075
101.437
176.904
142.929
356.224
369.518
375.607
188.087
114.886
125.468
80.5325
138.73
342.826
179.703
125.66
96.9942
91.3934
295.259
250.671
73.1932
130.479
146.935
95.7882
184.927
180.439
179.347
217.874
239.408
269.525
102.127
137.96
201.871
207.289
178.104
214.778
168.834
195.521
158.777
162.024
189.418
158.385
207.054
219.486
271.368
200.257
180.893
175.244
128.194
227.586
188.569
155.666
188.482
197.851
215.239
248.774
261.693
266.858
187.462
232.443
319.205
272.303
235.755
190.427
277.949
291.581
205.924
170.31
14.9961
15.4691
16.8054
17.1685
17.0814
17.1986
17.0852
17.0902
16.3189
16.8963
16.7256
16.8273
15.7101
15.7973
16.3105
17.3201
14.8581
14.5351
14.7567
13.664
12.9368
12.0983
11.6612
11.277
11.4551
11.4906
11.5361
11.2403
10.9971
10.4169
9.87081
9.6597
10.2967
10.209
10.4595
9.81516
9.96714
10.2356
10.1098
10.3574
10.2184
10.0084
9.74044
9.74993
9.51578
9.56786
8.20091
3.43009
10.8747
10.8599
19.0875
13.2175
18.272
21.1738
19.5503
17.5254
17.1384
17.7306
17.0163
17.493
17.3943
17.7996
18.101
17.9905
17.7748
17.8169
17.5217
18.0332
16.9303
17.1204
17.1307
16.0727
17.1496
17.5838
15.4084
15.6709
15.5257
15.2362
15.2888
15.3529
17.0776
16.5505
17.8639
17.7522
16.5011
15.818
15.4529
14.547
16.0101
15.8452
15.4356
12.5784
14.0613
14.1364
14.6412
15.3892
218.025
283.153
314.876
344.93
273.495
287.4
282.654
279.524
239.495
247.141
235.207
249.695
249.819
179.374
236.304
215.31
180.869
190.637
242.05
274.233
298.417
211.42
149.523
134.005
99.7667
174.39
240.402
180.625
218.407
347.779
106.694
195.544
93.2019
59.4715
365.941
372.534
174.264
174.952
169.151
85.9619
194.474
359.332
184.527
128.118
110.43
102.168
297.528
238.022
83.5641
65.8255
161.998
178.22
185.957
158.64
177.962
236.126
206.914
246.528
149.38
147.414
206.047
228.905
218.972
172.794
173.53
204.787
119.733
159.786
196.855
160.217
276.566
253.605
277.962
269.832
117.633
127.978
141.249
203.201
213.974
225.244
212.299
202.387
206.613
259.7
205.101
252.166
226.315
176.467
325.327
295.838
211.634
215.635
248.848
272.518
157.914
209.193
15.1106
15.3657
17.0285
16.084
18.0848
17.4083
17.7842
17.5317
17.9306
16.5191
16.7278
16.7305
17.6394
16.8003
16.9584
16.4581
17.8097
16.7154
15.1202
13.926
14.5805
14.0314
12.652
11.9042
12.518
12.521
9.89429
11.1501
11.0617
10.7282
9.90225
9.99287
10.3555
10.5333
9.9269
10.0801
10.1206
10.3132
10.1371
10.4489
10.435
10.0449
9.64897
9.71202
9.66583
9.34063
8.01164
3.53445
11.7684
12.5068
20.508
15.7908
21.2681
21.7222
18.0824
17.4792
17.5225
18.404
17.6974
17.4434
17.6425
18.813
18.2464
17.977
17.9537
17.6441
17.0049
17.3186
17.7646
17.3434
17.3183
17.6521
18.6201
18.763
16.2178
16.5998
15.9278
15.5457
16.9598
16.0636
16.9545
17.5284
19.0378
17.1222
16.6483
16.4565
17.9902
17.7742
16.6407
16.0592
15.7933
13.5739
14.6975
14.8732
16.0355
14.9542
158.546
229.264
291.845
324.767
224.633
207.227
240.883
249.592
233.488
244.104
233.161
261.946
228.769
204.337
244.911
218.36
229.738
172.451
246.952
280.348
266.077
204.602
149.07
178.636
98.4392
134.168
227.963
117.533
240.616
295.34
178.198
163.825
111.581
72.3927
336.831
132.241
280.272
276.921
333.769
186.195
310.931
243.609
121.548
160.068
67.3851
179.991
246.833
209.277
101.356
98.0662
222.716
172.02
161.406
154.577
175.022
235.607
132.662
136.991
95.9314
119.026
182.295
190.466
190.962
160.21
207.161
221.347
152.846
150.19
212.655
151.863
239.537
247.062
282.838
245.147
154.625
133.494
193.652
221.223
201.056
236.507
178.097
166.406
201.195
225.578
203.827
260.186
163.049
186.843
269.124
268.61
263.688
225.452
265.285
221.298
172.099
208.105
15.6202
15.6892
16.637
17.3569
18.01
17.8836
18.2457
17.5513
18.0237
17.0826
17.2522
17.1525
17.3255
16.294
17.2695
17.1905
18.7643
16.0761
17.1838
16.6507
13.7873
14.3034
12.5677
12.3689
11.0739
11.569
11.6661
11.5988
11.1842
10.5506
10.8092
10.4112
9.92113
10.3994
10.382
10.2298
10.5393
10.0753
9.79614
10.2007
10.0896
10.2833
9.82871
9.68961
9.66201
9.60557
7.83813
3.64439
13.2516
14.5906
20.8989
18.027
21.2673
20.9155
18.0226
17.7134
18.4492
18.4649
18.3043
17.6791
17.8543
17.6439
18.4616
17.6621
18.6998
17.5132
17.0327
17.2318
16.8951
17.9492
16.9039
17.3705
18.2066
18.7314
16.15
16.4451
16.8215
17.9654
18.2113
19.5261
17.1904
18.9875
18.0671
17.6735
17.7859
17.619
18.6294
18.5266
17.5727
18.6943
16.295
15.28
15.887
16.8183
17.6287
17.2275
264.51
263.076
290.298
319.577
243.034
222.547
254.857
250.918
229.825
227.93
248.348
245.601
224.375
219.753
255.763
263.832
208.255
169.094
263.207
297.032
281.496
283.419
330.533
151.56
190.517
139.915
237.4
184.068
206.176
317.213
213.167
197.994
246.062
171.637
329.671
34.7674
137.399
198.039
282.776
180.48
353.814
378.518
164.267
144.16
90.9619
95.6963
255.807
198.781
127.348
74.4282
200.493
207.8
156.762
116.967
161.563
219.358
99.3664
142.895
65.4578
93.6024
172.593
204.663
163.585
177.227
185.659
214.282
122.73
133
231.596
55.8944
166.153
244.491
232.217
207.474
190.632
235.665
150.889
141.658
199.378
212.59
207.381
128.084
200.78
211.94
199.379
235.079
188.022
201.612
271.841
250.37
280.605
292.469
292.603
224.791
301.401
395.212
16.2525
17.9519
16.7965
17.8889
17.3311
18.5739
20.3266
18.4701
18.2317
18.3224
18.2811
17.5452
17.206
17.7059
18.1701
18.4231
18.2456
18.4994
17.9098
17.5342
15.0394
14.057
13.7702
12.93
13.4105
14.0003
11.6245
10.7309
11.737
11.2564
10.5119
9.65199
10.195
10.579
10.9451
10.3631
10.4402
10.5158
9.99381
9.90157
10.094
9.83602
9.67493
10.0965
9.85826
9.61625
7.62693
3.90115
14.5306
15.7655
21.2825
19.542
20.8499
20.2377
18.1755
18.4346
18.6143
18.6441
18.5275
17.4801
17.795
17.8561
18.6672
18.1446
18.2498
19.0567
18.1908
18.1065
17.7383
18.2726
17.6362
17.0381
19.5088
17.664
17.7187
17.2955
18.1863
17.1567
19.8858
19.4964
18.8332
19.8641
22.4529
18.8886
21.771
19.8811
20.9718
20.8863
17.6016
19.2661
16.6842
16.924
17.8845
19.5116
20.0791
18.9781
334.909
303.442
292.052
273.34
255.093
249.925
243.176
252.877
231.165
222.114
229.151
248.64
237.151
227.524
248.152
248.013
192.01
178.566
248.979
320.563
271.18
269.089
118.805
291.892
226.656
154.292
183.159
278.725
284.381
315.4
276.446
185.09
193.568
168.309
98.5996
71.2894
108.819
216.91
203.518
142.868
180.726
331.885
191.868
144.315
93.8616
35.5922
243.081
309.849
170.543
87.6805
179.999
185.108
200.93
124.842
121.556
222.39
80.1743
92.2231
67.4235
139.892
146.171
142.837
162.19
186.645
227.903
159.691
108.671
129.149
221.231
174.784
174.746
217.478
213.17
136.161
278.606
236.871
203.902
219.755
158.12
141.95
180.035
181.254
168.418
202.787
181.019
224.169
194.267
200.214
247.099
227.712
285.757
301.266
313.563
301.401
272.566
270.334
16.6553
18.6905
19.0213
19.0809
20.1321
18.1966
21.0443
19.8345
18.6245
20.1383
19.4315
17.7343
18.087
16.7422
19.9363
18.8075
19.2739
19.8219
17.9223
18.9114
16.0352
14.441
16.2898
14.5812
13.6868
13.3906
12.721
11.968
11.9689
11.7422
11.1777
10.6554
10.5533
10.6214
10.7554
10.4602
10.7874
10.7849
10.6062
10.5551
10.524
10.3924
10.2285
10.0368
9.68623
9.54918
7.71386
4.11694
15.03
17.7129
21.089
20.1085
20.9903
19.6688
18.4638
18.0662
18.6106
18.3515
19.6832
18.7882
19.6588
18.9739
19.3181
18.6236
19.5605
18.3498
18.4105
18.6928
18.592
17.8188
18.6508
18.0063
19.274
18.0345
17.4483
18.7155
20.0523
19.2788
21.4632
19.8427
20.6542
21.8679
26.0025
24.4114
25.5434
23.9834
22.2458
19.9008
20.8398
20.4767
20.7059
20.3275
19.5645
19.4259
23.0748
20.4929
284.856
283.987
269.699
275.824
239.527
224.709
247.431
229.072
233.449
221.258
229.489
219.702
223.2
218.196
204.628
226.711
185.888
209.344
298.97
303.616
233.813
250.934
201.852
162.493
219.968
199.618
276.465
267.949
197.804
282.516
203.206
170.759
262.683
81.2257
150.009
173.206
151.96
263.293
185.585
234.077
174.813
277.14
220.914
131.552
121.77
67.0459
189.412
245.161
167.375
123.713
191.808
184.046
205.477
146.599
132.877
178.838
98.0142
93.3539
76.5652
128.346
118.793
124.186
181.01
182.304
215.115
165.975
114.244
123.405
208.657
198.607
179.815
205.313
163.279
167.944
256.638
188.756
154.781
161.598
164.812
147.315
166.316
169.082
178.432
169.701
173.58
219.032
218.755
192.714
213.298
232.497
309.374
317.911
294.233
302.69
228.33
213.735
17.7849
17.5427
20.2346
19.3643
22.0344
21.3622
22.2904
21.8969
20.1047
20.5003
20.9848
19.6232
19.6669
17.7244
21.8418
20.9331
19.3752
19.698
20.1748
22.172
17.1271
16.9658
17.1407
17.0426
14.1802
13.1854
13.1267
13.0951
12.4504
11.7987
10.9595
10.9273
10.9175
11.0305
10.7506
10.7659
11.0801
11.0123
10.4149
10.2519
10.1986
10.3552
10.2028
10.1628
10.1028
9.57641
7.84943
4.6165
16.584
19.3831
20.0697
19.1588
19.941
19.8261
19.4561
19.5546
19.5087
19.0384
20.1476
19.6306
20.2494
19.76
19.769
18.4903
19.6131
18.8646
19.3331
20.6421
19.1871
19.0021
20.5422
19.942
20.536
18.2744
18.5046
18.7705
21.1961
21.6887
21.8967
19.5021
23.9162
25.0628
26.0254
22.5103
26.1665
24.2231
25.3582
25.7677
20.1763
19.9144
21.0954
21.5638
24.9927
22.2987
26.9305
19.4061
285.758
267.851
236.46
242.876
252.92
218.554
224.321
230.835
231.164
198.964
187.96
213.218
205.033
203.573
203.986
225.379
178.509
243.261
266.37
275.552
181.386
167.265
207.755
231.428
269.188
177.106
302.448
192.18
166.318
161.654
116.696
124.096
183.557
199.017
229.213
238.948
234.058
151.523
135.449
275.77
150.173
247.979
344.534
106.472
197.82
112.556
183.567
243.748
186.49
111.777
197.422
179.316
235.336
147.506
143.292
184.405
95.7529
68.7033
96.3946
152.304
109.434
148.208
164.481
220.09
176.932
174.922
116.478
118.61
192.837
168.415
128.194
145.818
217.339
138.744
243.9
173.877
142.259
153.889
140.225
193.802
187.101
190.057
206.506
194.461
155.297
209.965
176.165
223.853
206.601
205.606
317.102
323.989
289.38
296.243
270.801
206.423
20.7774
18.9474
18.776
20.0763
21.8727
21.7018
23.0828
22.727
20.5262
20.7342
22.6645
21.4628
20.8213
19.3404
21.3415
21.2992
20.9949
20.342
21.3351
20.2252
20.5489
19.3744
16.5162
16.2186
15.6496
14.8994
13.6267
12.8613
12.1713
12.1752
11.4333
11.2831
11.6855
10.927
10.802
10.7492
11.1167
11.0648
10.9475
10.7231
10.5199
9.92741
10.4348
10.0797
9.91936
9.78764
8.21765
5.21173
17.1624
22.1309
18.656
18.6697
20.2826
19.7537
19.6787
20.5786
19.4193
19.81
20.3653
20.512
21.3257
20.697
20.8741
20.0017
21.5013
19.935
19.6144
21.2222
21.6552
21.0765
20.0147
22.4036
21.7633
20.5613
22.1742
20.3066
21.4014
23.3281
21.6407
23.7764
23.3052
25.659
26.5621
26.3774
30.6128
26.0632
25.4054
25.1842
20.0004
21.2002
24.6526
26.9559
26.8291
25.5395
30.7531
24.8668
304.461
265.215
253.805
216.147
244.448
226.337
197.639
202.951
199.435
203.925
183.232
197.594
194.75
190.412
197.407
210.001
179.717
195.722
264.327
272.28
183.706
175.309
239.171
244.162
247.927
187.335
286.044
202.999
172.781
214.164
153.622
168.188
216.517
155.925
215.284
274.592
118.714
193.001
134.236
243.058
121.623
124.449
134.998
129.722
129.641
119.334
164.173
240.691
196.697
116.069
153.409
180.523
187.249
168.766
135.963
143.773
90.1683
73.846
91.9014
145.667
96.3319
115.564
168.487
203.226
139.953
207.418
111.974
116.226
171.015
157.987
134.903
130.647
229.751
195.751
215.095
155.223
126.945
112.493
136.878
158.105
173.278
200.512
188.322
207.526
179.892
153.678
172.369
194.525
225.131
233.13
271.883
303.332
283.395
301.195
318.099
344.534
22.4199
20.063
19.527
20.6271
27.2662
23.9144
24.1573
24.6759
22.8814
22.7407
24.4061
22.1226
20.9515
21.2263
21.2393
23.0127
21.7637
22.119
21.5996
21.0502
20.2994
19.8474
18.2763
16.3525
16.8835
16.5196
15.5071
14.1869
12.4839
12.4349
11.1869
11.0298
11.928
11.3874
11.3436
11.2417
10.9072
10.6166
10.9185
11.0548
10.6696
10.5202
10.3056
10.1514
10.2062
9.83547
8.49765
5.63405
18.1682
23.5866
19.198
19.325
20.2276
20.4839
21.0814
21.0545
21.5852
21.4691
20.9506
22.2268
23.0266
21.8082
22.3232
21.1531
21.3627
20.9628
19.9277
21.2439
21.367
22.0231
22.0984
22.9259
24.302
22.9583
23.7047
23.803
24.5584
22.6958
26.0827
24.5357
21.2962
23.0242
29.5428
31.8991
32.7532
27.328
29.0504
25.7275
26.0132
26.4231
28.0116
33.2281
28.8717
30.6553
31.1627
27.4238
269.726
248.659
241.661
248.261
213.518
213.378
181.777
194.967
184.783
185.174
178.688
190.613
175.779
187.964
207.47
182.158
202.43
192.061
232.193
230.635
239.55
203.936
184.164
238.83
253.368
213.257
235.504
196.047
65.0023
200.491
194.163
167.415
231.275
163.124
244.157
301.754
164.016
113.586
134.37
195.903
158.13
311.727
143.286
181.267
117.636
108.541
132.693
203.465
160.867
137.712
111.342
190.276
112.546
121.627
120.833
97.7357
74.0059
66.5419
124.71
79.1577
103.927
130.76
173.269
231.531
130.638
181.213
114.808
112.88
202.939
166.277
129.149
140.302
236.761
179.12
229.87
125.087
129.615
100.755
126.257
137.811
150.118
180.811
175.004
159.626
169.88
169.686
166.691
168.995
193.353
206.447
226.864
246.56
304.472
275.871
300.859
318.616
25.6603
21.9331
21.7952
21.1271
25.818
24.5921
27.6848
27.0302
25.1725
25.2943
25.0304
23.7948
22.9978
22.46
23.984
22.7852
24.0644
23.0468
22.3788
22.6979
22.3346
21.1958
18.8654
17.0523
17.62
16.0775
15.574
14.183
13.4444
12.3847
12.7676
12.1272
12.2334
12.24
11.9236
11.2919
11.2376
10.8798
11.4803
11.4211
10.7261
10.4357
10.4522
10.3513
10.3036
9.89493
9.10026
6.29972
19.7623
26.2668
19.5046
19.7656
21.3397
21.617
22.1095
22.46
22.6992
22.2819
21.8798
22.1834
23.1998
22.9244
23.024
22.1385
21.9274
21.6009
21.9426
21.5358
22.0187
20.776
22.0127
24.4526
26.6643
24.8868
24.1359
25.1617
26.9377
25.8485
29.6546
26.0752
23.2777
24.7284
34.1237
33.5638
36.2188
30.1213
27.2902
29.0418
31.9732
33.4114
32.3265
29.6566
31.5594
33.5661
33.7344
33.7657
267.208
253.255
226.934
212.35
190.876
193.824
159.391
172.789
155.791
175.036
164.519
168.017
166.223
158.817
183.989
165.008
188.286
199.685
181.708
206.908
225.86
213.612
164.595
164.649
232.727
273.027
168.002
228.598
44.1288
187.66
178.901
177.916
180.177
231.568
291.807
200.256
201.98
145.241
132.406
132.166
127.524
157.09
96.8413
149.037
112.401
101.578
202.3
159.022
236.534
146.706
118.728
131.835
118.334
98.5928
113.792
99.5267
70.7726
71.3088
73.3968
55.7324
86.0888
88.8364
123.144
204.119
127.183
177.177
104.151
110.837
107.499
131.49
143.186
127.336
180.628
175.261
231.789
151.844
127.83
113.216
120.167
153.87
152.59
151.091
186.729
183.045
165.32
202.366
189.115
177.287
191.533
202.5
207.977
256.501
265.698
268.093
284.306
236.626
24.0277
28.8429
29.8604
26.3188
28.2944
25.1206
30.7923
31.2124
27.6143
25.8883
27.8279
25.0792
24.6104
24.3242
24.8955
23.7885
26.0348
23.5705
25.743
25.1201
23.5656
23.8888
21.7764
21.5885
19.4465
17.9205
16.1302
14.0857
14.1682
13.2094
12.2832
12.236
12.6365
12.299
12.3227
11.5225
11.5079
10.7506
11.4634
11.2584
11.1446
11.1135
10.8257
10.5421
10.6099
10.0868
9.69508
8.0126
21.535
29.3315
20.3533
20.5827
22.7839
22.9886
23.0078
22.5873
23.2682
23.7678
22.403
22.9881
24.3171
23.5687
23.9975
26.3715
25.5272
25.5492
24.5098
21.2535
21.9688
21.9331
24.4338
24.6715
28.2306
28.2422
25.0278
23.4083
29.877
27.7671
30.3762
29.5448
28.6347
30.9439
37.2865
38.7041
42.961
33.6111
31.2295
30.9212
44.4196
40.2211
42.663
37.3149
43.2146
38.0037
38.1436
34.2406
190.792
231.727
211
203.459
153.898
160.536
146.565
144.847
143.551
159.219
128.41
123.393
185.413
164.026
138.854
142.575
186.573
173.789
244.639
254.546
189.492
175.152
125.472
194.487
255.232
238.662
117.864
227.307
69.4941
144.12
108.172
68.9133
292.139
196.108
172.162
227.489
191.068
144.278
136.998
122.592
144.921
131.564
107.616
98.0302
128.177
105.909
172.697
139.906
241.893
206.075
128.664
185.182
101.787
67.7407
116.539
128.522
62.7731
65.3343
72.0051
38.4224
104.095
56.737
104.802
137.948
134.848
165.006
89.8452
91.7013
163.408
102.104
137.97
135.476
160.363
178.451
239.739
118.806
145.901
97.0534
119.954
108.2
148.344
116.743
138.085
131.885
126.527
151.874
158.568
148.4
145.953
177.737
198.073
203.165
232.745
265.347
285.267
250.78
36.6706
32.2269
38.4578
34.7822
34.1345
27.9057
34.6705
31.6958
30.3812
27.3768
30.6942
27.9936
27.9193
25.1831
26.9014
25.0125
27.7494
27.8032
23.8639
26.0234
25.1053
23.9374
25.6805
23.2148
20.3186
19.2531
17.9225
16.2401
15.1468
13.7035
13.2182
12.0957
12.5549
12.5714
12.321
11.4588
11.9944
11.5753
11.4891
11.6089
11.6751
11.2578
11.029
10.9393
10.8716
10.473
10.2962
9.61299
24.0698
31.2872
21.6897
21.8238
23.0106
23.8056
24.4162
23.694
25.0613
24.4031
23.7942
24.3352
26.1048
24.2745
25.9196
24.5066
27.6517
26.142
23.9047
25.7571
26.3458
25.4226
26.0399
26.1412
26.6953
28.1513
29.854
27.1522
29.9417
32.505
30.0324
31.2262
34.8591
35.0387
36.2289
39.0369
46.7823
41.173
43.8869
42.1461
47.2964
54.1424
46.9104
42.011
45.3035
38.715
47.9042
53.8213
238.467
197.941
192.872
182.463
152.269
149.726
121.375
136.022
110.915
131.812
93.9837
118.42
150.819
167.835
151.117
160.081
187.893
172.019
191.583
203.969
146.446
124.789
182.156
210.543
195.142
142.447
182.162
160.907
53.6245
132.377
114.924
57.2827
180.836
205.084
186.357
195.366
201.637
197.72
136.408
139.108
100.814
165.982
146.489
109.61
155.145
163.652
163.509
144.543
158.88
194.782
174.734
177.081
63.017
79.2629
81.4733
118.146
57.2018
72.9093
81.8773
59.3493
51.2093
45.5477
92.6778
111.331
118.129
115.396
81.3546
84.2064
102.32
90.8958
172.939
133.648
144.262
162.105
143.2
174.194
144.194
90.0089
92.1596
122.432
112.958
127.289
125.545
127.646
137.06
140.245
129.199
130.999
131.328
154.855
155.615
192.21
187.031
221.929
234.373
233.822
48.5469
40.0392
43.1173
38.9986
44.0921
41.2762
40.3248
38.5293
35.1321
28.3144
31.2992
28.2586
31.1961
26.9951
26.8615
28.7836
26.8086
27.996
26.5685
26.3383
26.5825
24.7624
25.6483
23.9289
20.5554
20.2681
19.6879
17.6001
16.8006
14.9469
13.272
12.5348
13.4936
12.8826
12.7447
11.9369
12.4262
11.8944
12.1496
12.1066
11.8692
11.4965
11.4607
11.2793
10.8209
10.722
11.0311
10.8247
26.6087
35.4455
23.5917
23.3148
24.9142
24.5736
26.6395
25.2677
26.1562
25.9941
25.8272
26.7533
25.7245
25.9811
25.6422
27.7114
28.3094
27.6015
30.5995
26.1201
27.8634
26.6707
26.6594
29.387
28.1194
28.2122
33.7538
29.1071
30.0542
30.6743
33.6667
33.1545
38.7829
37.8692
46.4213
46.2889
47.4202
45.8414
46.8748
50.8536
53.7278
46.4135
60.1424
54.5527
64.7056
56.93
60.4962
53.1812
200.522
191.551
158.423
150.673
126.017
118.026
112.128
113.169
97.568
108.939
89.1897
105.55
105.36
117.293
108.781
118.135
117.523
122.36
147.709
200.71
169.583
136.704
187.894
210.039
156.283
103.639
73.0183
76.6559
45.568
72.757
110.588
47.8947
127.678
110.982
120.004
124.92
149.416
196.77
55.1432
78.7146
100.884
133.304
72.2705
120.82
164.749
131.594
110.912
115.333
210.728
173.561
111.48
175.906
61.7226
75.881
71.2521
58.7446
48.5036
74.0969
56.9984
43.2456
52.1603
49.3051
81.1147
118.361
94.2521
129.195
126.176
149.751
118.186
128.185
94.9583
136.064
84.1793
148.048
110.082
106.897
90.3352
84.4262
68.6696
94.7733
82.9482
106.722
105.308
128.265
106.609
114.592
119.446
117.009
109.637
117.743
131.172
148.335
128.895
164.127
201.089
229.737
68.8278
69.1343
57.9922
50.9381
54.4857
51.3528
56.3898
55.3762
39.6057
34.0165
34.7342
32.5579
35.512
31.5011
28.188
29.9324
28.3302
28.7011
27.2142
30.8315
28.1319
28.7293
24.9579
21.4583
22.4191
21.7349
23.1952
20.8866
18.6797
15.7991
14.059
12.7949
13.7187
13.9649
13.0346
12.5961
12.7376
12.557
12.4081
12.129
12.1465
11.8805
11.6287
11.7815
11.0884
10.7008
11.8488
11.6606
32.3694
38.604
24.6453
24.5155
26.7315
25.9826
28.6313
27.4841
26.9294
25.6183
28.0761
27.5245
28.2114
26.7483
29.4269
28.8401
31.9768
28.6588
28.412
31.8531
34.4392
29.9429
31.2922
31.5051
30.8463
27.3825
35.5752
35.1993
37.5746
36.6557
36.0166
39.2466
42.8484
36.1173
46.2576
52.3558
56.5264
53.6234
53.9125
56.2166
62.7405
55.5553
73.3903
58.828
80.8637
75.6497
85.5081
74.0968
153.772
150.333
120.972
125.978
97.4414
99.9448
87.4372
89.0744
73.5534
88.3972
71.8201
82.8002
74.7881
89.5441
86.358
93.1295
89.7224
89.356
108.905
155.144
147.774
155.406
200.399
172.861
145.42
126.079
66.4981
47.0839
58.5885
93.0891
108.791
47.1611
81.0717
108.757
81.6636
90.7254
95.793
163.281
37.9004
69.3049
78.5944
144.615
86.6128
46.5841
151.593
124.651
132.963
127.596
112.893
135.41
72.8316
60.6343
52.2193
90.3008
43.3647
52.1354
41.4837
59.0424
49.1192
35.517
52.8861
56.5028
66.7744
91.6456
65.4055
96.3867
186.594
171.715
105.982
93.0521
44.0417
56.7673
71.313
91.1263
79.235
93.2262
71.7371
69.934
57.3416
67.4923
67.322
94.0573
85.7754
81.6426
77.2763
93.651
90.0068
94.2818
81.1149
89.7056
88.2364
106.19
80.0905
106.343
140.849
172.853
79.9276
71.459
79.8896
61.8387
72.2543
66.1505
54.2737
50.4892
45.54
39.7365
37.4348
34.5265
37.8687
36.3532
34.2634
30.9526
34.0725
30.5615
33.6426
30.2265
28.8018
27.2499
30.1446
23.747
22.6916
24.3282
25.3637
22.7964
17.4777
16.9826
14.7186
13.2229
13.3636
14.5369
13.3095
13.3477
12.8373
12.818
12.6573
12.3427
12.3283
12.603
12.1109
11.8872
11.4434
10.7787
12.6047
11.8397
37.9131
43.1573
25.5134
26.2931
27.4788
27.7787
29.7794
29.7906
29.165
27.5476
30.2372
31.6047
29.2987
27.3638
32.661
28.5783
32.8018
29.8604
30.2613
33.4526
29.81
33.1786
39.897
34.4155
34.1802
31.9714
34.7498
36.4447
37.6149
35.5536
37.3359
40.7204
47.731
43.3523
49.8303
55.3777
68.2439
62.6908
71.5134
67.6773
75.8127
73.5737
77.5224
83.6434
109.873
87.8455
97.858
100.357
119.673
120.939
102.718
100.701
80.5028
87.8323
82.268
78.4037
78.1336
84.1236
67.7516
83.2398
71.9596
69.6515
84.043
86.1666
69.669
80.1551
90.0319
97.9872
135.699
122.742
221.403
164.55
132.767
100.19
38.3693
48.8552
47.3251
87.7364
92.4841
35.3155
63.0092
96.2265
43.1005
49.6882
81.7283
112.421
38.9735
33.5446
57.483
79.1821
81.6448
121.118
96.0558
62.6499
101.479
31.6352
117.163
114.16
80.7641
23.2645
50.7135
98.5493
41.1347
42.4816
65.6457
37.2629
47.9308
36.6759
54.5249
60.5526
33.281
52.7442
69.4308
69.6996
149.76
127.908
97.5949
120.996
57.6612
42.1385
52.1334
63.3445
63.4727
50.0271
95.6575
47.2943
57.6266
76.7441
66.4229
56.7068
67.5418
83.1273
63.9445
81.2008
96.701
73.9193
71.2805
68.8315
72.8881
79.8282
68.2775
79.1836
104.586
109.496
105.763
105.632
105.637
93.761
83.4136
75.1703
58.3441
53.0808
54.1296
49.7783
50.3743
42.3406
41.6355
42.1219
34.6014
33.7178
33.4407
34.8889
35.5886
31.6453
28.7395
28.2343
25.4521
24.5241
23.6104
23.566
22.2768
20.7365
19.8777
16.6298
15.2943
14.6275
14.6753
13.8467
13.6373
13.651
14.1611
13.7123
12.7793
12.9252
12.9341
12.7407
12.1804
12.2851
11.4949
11.2204
12.8619
12.2313
40.9241
46.4296
26.2987
27.3029
28.4506
28.0192
30.2442
30.5414
31.3729
28.617
31.6628
33.064
32.6008
31.0541
33.5821
31.7665
33.6617
34.449
32.199
31.3298
35.8427
30.6677
38.7273
38.4798
37.1634
41.4075
40.0043
37.763
43.2814
43.7259
43.6123
36.725
43.7949
49.9258
65.1588
56.0762
72.7649
73.3369
74.0635
76.1665
91.1701
74.9439
89.0749
87.9944
94.0539
98.6964
122.474
116.237
110.243
109.212
102.693
92.6347
77.7913
81.8135
79.0242
74.0245
67.1802
76.564
67.2575
78.5791
66.7924
67.4576
76.3349
78.0844
69.2214
69.9186
88.0914
89.3498
111.942
116.674
205.594
158.022
165.182
94.9073
80.3867
61.7008
47.9225
78.9213
78.2802
37.921
62.3066
90.74
34.6511
42.8166
79.9311
110.388
8.89871
22.8814
58.9862
83.705
69.8758
107.757
94.3129
63.6877
104.664
31.5509
119.012
40.4126
48.2973
21.4409
50.798
97.9964
41.0833
41.1863
65.2898
55.4358
47.3485
37.298
52.9664
63.4423
28.2441
50.986
68.0897
68.7471
134.298
104.837
106.427
126.857
61.6425
40.1906
49.4872
58.976
51.7379
51.7293
91.1844
56.3586
43.5099
58.9288
69.3227
54.929
66.0188
76.3124
72.8471
69.7474
75.2499
72.1976
58.5774
64.5161
71.4689
86.8223
62.6015
64.6324
90.3532
102.032
90.6707
113.647
89.0265
93.5565
92.7698
81.2436
64.7825
68.3352
57.4474
53.8181
45.1809
38.4825
40.9674
39.0275
35.4831
35.2589
31.3274
28.8584
33.4528
32.9385
28.2253
26.8873
26.9241
24.9335
23.8509
25.4744
21.5917
19.8528
18.6504
18.0475
16.5187
15.5818
15.2547
14.623
13.0678
13.826
14.6141
13.6395
13.0661
12.7811
12.7766
13.0101
12.2876
12.1633
11.6274
11.3461
10.252
12.9522
39.4377
46.2592
27.5919
29.3874
31.3113
29.8829
30.7679
31.7458
32.272
31.9498
34.1142
32.6988
33.742
35.3069
35.681
33.3017
34.3265
36.8989
34.2002
33.9082
35.1183
37.1765
41.8785
36.9153
36.883
40.1658
40.928
39.5365
44.2889
45.4204
48.3666
44.1474
49.08
53.4941
61.2216
66.158
77.4997
74.8597
81.7665
93.1428
90.9057
82.1362
84.5465
91.5004
99.878
102.337
99.2487
95.8019
90.6571
96.9698
88.1324
92.435
73.8216
75.9394
68.9758
68.6639
71.3745
71.7547
64.2002
70.6384
61.8423
63.5898
71.9766
76.5717
62.1473
71.4987
85.0387
77.6387
148.998
115.588
177.771
138.208
146.419
102.431
44.1361
58.4384
24.1293
75.1688
78.5001
43.1963
63.0345
87.3066
29.5711
36.8267
47.1467
98.9323
9.3088
21.2281
48.9368
86.3949
67.9982
75.4158
33.259
65.5096
115.423
31.5539
123.875
143.521
27.6208
23.4922
40.3026
97.2007
35.8741
39.4086
24.0384
39.5588
45.4043
39.73
45.529
63.8958
29.2072
42.9971
64.5304
51.3341
134.374
91.0115
56.8888
117.584
65.4323
46.1048
52.2067
53.0431
50.3884
72.6617
88.5977
67.5982
40.2103
47.9504
66.0112
54.018
62.7161
70.7228
79.7286
61.3763
73.1423
69.6657
56.6869
61.0659
62.3146
73.7932
54.1361
60.9059
76.3053
90.3142
100.374
107.311
84.997
96.7386
77.8724
80.0716
58.6223
64.94
54.3581
46.0843
46.0446
46.9122
38.7817
39.8255
37.4328
34.5089
32.9798
32.3156
30.2149
33.7601
29.8022
28.6104
26.6919
23.8404
25.4437
24.432
21.8153
21.4095
17.8607
16.4513
16.3886
15.6263
15.2752
14.7565
14.3791
14.8823
14.4996
13.8197
13.6124
13.0854
12.624
12.6528
12.2728
12.114
11.4722
11.2252
10.1925
12.7809
37.0434
44.5675
28.2783
30.1221
32.124
30.7552
32.243
32.8867
33.5501
34.6546
34.9992
34.312
36.334
34.6096
37.9891
36.2271
37.5858
40.2037
42.3911
38.4443
39.8248
38.5379
38.7031
42.6781
47.5859
40.2327
41.5936
47.1441
46.683
43.6714
48.2452
53.3883
57.5576
61.1041
55.2183
61.2259
80.2347
73.4063
70.5474
74.1876
81.9966
80.3214
83.9561
89.3973
82.3978
92.3294
84.6804
78.6031
85.3575
90.9623
75.4875
78.0277
67.9378
76.9148
60.8343
63.2518
61.6634
66.6728
62.7738
67.4131
57.956
56.8188
57.0408
62.8704
65.3542
66.8177
91.6923
71.1871
135.994
111.247
118.499
136.171
137.034
92.7486
61.4422
37.2094
26.0891
37.9175
74.2807
78.6988
30.9025
73.4712
62.8688
29.4434
50.8914
88.7002
11.5233
25.2241
51.4175
95.8091
65.1976
75.744
32.1236
38.648
95.8878
33.9985
66.9644
144.759
22.2141
24.8125
54.705
85.4929
33.4556
35.8009
25.2487
24.9934
41.7272
44.8299
43.5727
56.6116
29.392
40.9916
54.912
54.5325
143.129
101.926
67.5612
118.285
70.1075
55.5979
52.2345
43.2893
45.2911
61.1288
62.0352
101.051
33.5581
45.4335
66.6085
52.5104
50.7414
71.2149
59.9198
54.0783
67.4634
56.9285
49.73
49.8335
50.4004
55.6548
53.8582
49.7851
53.8497
73.8737
66.2138
90.4356
72.9085
70.162
67.4219
70.7884
53.6095
51.393
51.3283
45.3624
43.3261
36.9057
38.8475
38.3062
35.6671
34.185
33.1874
32.2954
30.8825
32.0417
29.8348
28.7359
28.0178
23.5116
21.5953
22.1441
20.2281
20.9753
17.4703
16.6265
15.5406
16.1421
15.4344
15.272
14.8248
14.8656
13.9922
13.918
13.1803
13.1107
12.4049
12.4137
11.6653
11.8505
11.0311
10.8724
9.99189
11.9481
35.4308
42.6531
28.8915
29.6193
31.4478
30.7927
32.053
32.6486
33.3251
34.0073
35.1973
35.681
34.4153
39.1302
41.2262
39.5656
42.9926
38.6902
43.1832
39.4715
43.1724
34.7756
38.3489
43.2812
43.8332
45.0135
51.0538
47.2662
52.2654
50.4191
52.4623
49.9182
63.917
60.3544
59.6767
58.8224
59.432
66.5025
77.4175
77.1837
64.2939
74.8677
80.6578
83.6058
85.2251
83.7241
77.4089
81.0221
79.34
78.724
72.5578
67.6242
66.6862
65.8776
58.9552
59.4527
60.3769
66.1806
59.8131
59.5468
55.5575
58.704
52.7436
64.3127
53.1977
56.1094
57.9205
63.9562
60.5222
43.0433
39.7319
82.0141
107.349
133.049
44.6948
34.8958
30.3314
30.7372
37.8838
110.823
53.0534
53.9445
58.6153
68.1049
59.5982
92.4157
27.8444
23.0326
70.8427
102.805
72.5275
96.5478
56.6469
46.1709
63.346
24.6171
66.365
124.017
12.6295
27.9388
42.872
77.6975
34.1454
31.5695
26.2965
24.1865
40.5692
42.128
43.0964
47.4509
35.6662
43.1992
65.1961
53.4411
153.258
71.9446
60.0691
136.21
74.1839
64.4805
43.6079
38.4976
36.1439
45.0352
49.8531
74.0618
32.2546
39.0324
58.2219
47.1959
57.8479
63.515
53.4314
51.0445
54.2074
51.9991
44.1423
39.1767
41.2839
49.9194
46.098
43.5399
47.1151
57.1669
51.1217
46.7614
54.6808
64.0983
55.4015
60.6887
51.0825
50.7111
49.8322
44.2997
41.036
43.2562
39.1329
37.3734
30.8327
32.7827
31.1719
30.7673
26.7761
28.4216
26.4829
26.0883
24.5299
24.4814
18.7201
19.453
17.6024
17.8134
15.6996
16.2617
15.6764
15.673
13.9426
14.6712
14.3377
14.0931
13.7018
13.6168
12.4117
12.5112
11.9359
12.0591
11.1671
11.16
10.363
10.358
9.58586
10.8014
31.7905
38.2517
31.4328
28.6909
31.1786
32.049
32.6484
33.8963
32.8606
33.7886
34.8573
35.9296
34.7239
34.8503
36.1582
41.4867
39.9127
39.8466
44.3512
39.8115
40.2995
41.3612
41.6211
36.248
44.1176
44.6994
49.2988
45.1556
52.5874
52.9487
53.3878
50.8639
54.5955
58.4964
55.0279
59.4942
55.0057
66.5301
60.4033
63.1397
69.4105
59.5137
67.2252
76.3352
81.3201
88.3148
75.6371
74.4177
76.629
68.3446
66.823
61.6451
61.927
60.2629
57.4692
59.5636
55.1552
61.4962
56.252
54.4401
55.3525
54.4467
49.8468
64.2171
46.983
47.1884
54.3166
55.8898
46.601
41.8927
42.5334
58.5158
90.9683
110.611
41.249
41.2525
20.4513
44.5163
23.1735
41.7832
54.65
87.7156
48.6954
37.9014
68.3063
87.069
38.9053
24.9788
64.9891
117.354
78.4075
99.2985
51.7111
47.7576
100.081
36.6928
49.4279
112.779
19.0088
31.0469
39.8628
82.9885
34.2574
29.6758
25.8642
26.2485
37.0796
33.891
54.8072
51.209
35.3666
43.4438
53.7303
57.8394
119.97
81.3025
43.5247
58.3785
73.0091
42.5644
32.2857
33.8953
36.3965
39.1513
36.5246
39.3875
27.6219
34.1911
51.693
50.0578
41.4799
59.2567
50.7585
44.6925
52.8641
49.5125
41.6647
35.2872
36.1496
39.7269
39.864
40.7727
37.8472
43.071
42.1876
45.9416
39.7355
42.5204
39.3754
41.9147
41.067
41.5832
33.5185
37.2952
35.2781
34.4815
34.208
32.7017
30.0518
29.3155
25.296
26.5101
23.5616
24.3709
21.6668
24.905
19.7656
21.2623
16.4881
17.7158
14.6666
14.3303
14.2158
14.4723
13.7539
14.5985
12.6652
13.1564
13.1003
13.285
12.1263
12.355
11.4399
11.607
10.6474
11.0512
10.2179
10.4455
9.87878
9.91451
9.17271
9.73563
31.1201
34.2987
38.7164
30.5438
29.5014
31.6205
31.6019
32.9494
29.9537
32.2579
30.3716
34.2147
36.4911
37.3818
34.405
34.9797
38.8466
41.909
41.4137
45.6028
41.523
38.7177
38.7282
39.1786
40.5376
46.9915
44.6989
47.5344
46.1603
48.7276
48.4629
55.709
54.914
59.1415
50.878
51.0238
58.227
55.6771
57.5812
62.412
57.3308
63.5553
64.4966
71.9577
59.5407
64.9034
75.6498
76.6433
63.3002
65.7764
60.2435
59.2535
55.6131
60.184
52.4537
53.7027
51.8678
57.8762
54.9229
56.3637
47.8159
54.4237
47.1375
54.6599
52.0618
44.6373
56.6893
49.0884
37.5267
31.2638
54.9645
69.9502
70.4564
70.7848
54.2348
44.5554
21.3491
28.5986
29.7709
36.4067
79.6988
70.593
55.4327
50.0563
36.013
50.7408
48.0902
143.062
102.206
103.578
43.8489
58.7999
30.0001
60.1495
95.6245
77.6403
50.4029
85.8874
23.338
18.1099
53.5121
74.3339
34.4496
32.7206
22.1565
27.3833
36.6101
31.5611
55.3161
52.6056
48.5773
41.6136
64.7186
63.7149
111.193
61.7549
62.5437
58.5392
79.9782
66.5091
27.9337
41.1845
30.7714
33.6833
35.2039
43.7188
25.8755
30.7128
44.6317
48.4562
33.7276
49.2144
45.9242
44.3983
51.3458
49.7728
35.0937
33.2462
29.6707
35.329
33.8235
28.7692
26.8099
29.4419
26.9881
34.1824
28.8042
32.1197
27.7993
34.8199
29.6917
33.2757
27.8482
27.5603
26.9623
28.1199
25.5134
25.5576
21.3469
25.4265
22.3942
22.2302
20.2471
20.5059
17.5888
18.9384
16.4597
15.4053
15.1612
15.0304
13.1614
13.7614
13.1078
12.7958
12.685
12.3183
11.9713
11.9071
11.3212
11.5553
10.9688
11.2256
10.6472
10.7317
9.84252
9.82572
9.4334
9.41045
9.27618
9.33923
8.67618
8.76407
28.2679
29.7535
43.4504
36.5862
31.5514
29.6145
30.976
32.8768
31.9315
29.1782
32.9525
34.9216
34.335
35.273
35.2423
34.7905
37.647
37.5044
41.2344
46.1271
41.6811
37.1967
37.6625
40.8839
37.2498
44.4095
43.2073
41.1319
42.4103
45.294
49.5389
47.6775
50.534
53.29
52.0151
57.3707
56.9726
61.4248
58.138
56.2079
59.9102
59.0414
53.5534
56.0029
47.9444
57.626
62.2548
63.5698
60.7653
58.6106
54.8084
53.9932
49.4727
55.5638
50.6183
49.6577
52.417
57.5234
53.231
53.823
43.476
48.2798
49.8795
55.8741
49.4935
45.9591
55.8063
44.9926
53.0171
32.7202
32.3185
42.1377
65.9345
57.2681
64.5695
48.9513
40.4409
51.0681
20.2038
61.4321
66.1825
74.966
59.9489
47.1666
33.1925
42.4568
29.6135
34.0488
116.858
116.819
26.2955
43.4803
27.9646
53.5144
86.3567
33.1925
76.5194
88.9444
38.7889
15.6123
35.2839
73.5139
35.8
32.297
23.1854
26.6037
32.0337
27.8069
47.3524
47.4788
44.2293
43.0222
68.4905
63.0431
61.5747
100.557
84.0304
77.2809
54.343
68.0354
29.4317
39.5654
36.1758
29.4407
33.723
40.0418
25.5033
27.4212
41.9833
45.7291
33.3231
31.5624
46.481
37.5126
45.6924
47.0618
32.6223
30.2989
24.6086
25.8077
25.9176
24.7556
19.6628
20.8936
19.1269
22.0495
19.4534
26.5362
21.9762
22.5095
25.6729
24.6516
20.4924
21.3357
19.6624
22.4989
19.9496
18.9222
18.1987
19.712
18.2865
17.6885
16.283
16.76
15.3956
15.163
13.6553
14.1332
12.3568
12.9286
12.0579
11.9593
11.8501
12.4565
10.8701
11.3022
10.6486
10.9791
9.94985
10.2913
9.8477
9.87833
9.73286
9.68932
9.02369
9.25559
8.86802
8.92099
8.57706
8.71949
8.33248
7.89976
26.2677
28.141
43.8307
40.0808
31.8792
29.3139
30.637
30.9532
30.2506
32.6811
31.3777
33.6118
34.0679
36.0848
35.7212
36.3124
36.5903
40.1372
39.0075
38.876
36.8689
42.4784
38.6065
36.8449
34.8873
41.965
38.5114
41.1102
45.5092
44.429
43.1265
52.0875
49.9762
51.3522
57.2131
57.6971
42.252
52.623
51.6763
56.9333
43.3864
46.1167
45.5135
46.6075
51.5434
52.9379
55.3365
52.3407
51.547
56.1386
50.1366
50.7217
48.8305
50.6466
47.7646
51.3573
52.2637
52.6832
56.4436
50.4904
44.2162
50.0096
54.4936
56.2314
43.3342
41.1453
50.7584
43.0789
36.6942
30.5479
58.9455
46.903
40.3302
72.9169
51.3192
43.8219
20.8846
49.2088
24.3108
80.3406
52.9416
60.8191
45.305
39.2839
34.6244
37.8087
32.9217
48.5924
101.424
132.823
21.7161
50.3173
19.7772
42.8698
68.325
30.3294
81.709
48.1139
20.9233
25.2016
29.6157
60.6359
36.2911
30.9141
18.6402
26.4123
33.9509
25.0653
46.7938
28.6037
53.2249
48.1414
68.4766
60.326
62.6483
75.3732
87.5469
71.5392
28.1649
41.8162
35.4996
41.6966
40.6974
17.7086
29.0078
38.3412
28.0847
24.2159
36.8947
45.3522
32.5032
31.8855
41.8833
37.5176
40.6798
44.8215
26.9991
26.0284
21.1506
21.1067
20.7417
20.9537
18.2629
16.3094
17.7215
16.2279
14.8734
17.3403
17.7996
18.4962
16.0694
19.3748
18.1148
18.8511
15.8981
16.5227
15.9571
16.9667
14.0419
16.2657
14.2223
14.7855
14.3395
14.0031
12.6587
12.8895
11.8902
12.858
10.6292
10.706
10.5033
10.7952
10.0742
10.5843
9.9488
10.5589
9.78572
9.69493
8.77496
9.55424
9.35243
8.91879
8.54153
8.97912
8.26443
8.52702
8.05488
8.3574
8.14654
8.1645
7.97038
6.42211
27.2703
24.4505
38.2855
39.4481
29.6291
29.6787
29.8075
28.6261
27.6561
29.1972
30.2396
30.7353
30.0838
30.5807
33.1731
34.714
31.0529
34.3488
34.6155
38.1716
36.0325
35.8919
35.2606
35.2878
32.4209
37.7231
37.3828
40.5066
41.6189
42.4891
38.0599
42.7288
37.9351
40.5305
44.4755
50.8446
53.3492
42.3994
47.9158
47.4888
47.2858
47.6349
54.104
52.8333
53.005
55.1267
52.1782
52.3677
48.9233
45.9671
50.8356
47.7609
48.2689
49.2536
46.128
48.4395
51.9442
53.6092
54.83
50.3379
43.6261
45.3056
54.7229
54.0516
44.1401
40.9895
37.7225
43.8395
41.3288
34.0851
41.1928
74.5521
57.8295
43.7727
53.1462
34.8497
28.7075
30.7506
36.9685
56.1059
46.7287
55.9937
40.357
32.845
34.9146
35.9322
26.9684
43.0348
68.0375
97.1315
34.9218
115.941
23.2865
42.1901
67.3282
46.529
67.9997
10.1774
8.36045
23.4606
32.6085
42.4334
36.716
31.0112
17.5295
25.229
32.8971
26.4762
44.0637
34.3216
50.2075
46.4193
78.4898
58.2346
50.2319
65.4969
80.7161
62.4144
41.373
27.335
38.5335
65.5501
24.1502
18.8617
22.8912
34.4145
29.9424
25.0326
31.7881
36.9191
31.5369
31.9131
36.1352
33.0097
37.4517
41.4006
27.892
24.0821
17.3921
18.2462
15.8193
17.1566
14.7268
13.827
13.7913
15.2092
14.0278
13.3692
13.1454
14.3415
13.6328
14.3765
14.3299
15.6031
13.0752
13.8496
13.551
14.5158
12.7408
13.4415
11.8631
12.7086
11.3166
11.8866
11.4742
11.4157
10.1518
10.1321
9.52121
10.2311
10.0775
9.891
9.09305
9.46031
9.03152
9.10302
8.88822
8.81395
8.19448
8.48126
8.28565
8.46895
8.14088
8.04787
7.83328
8.03849
7.75467
7.93594
7.75097
7.76729
7.52235
5.28305
22.1671
21.3571
34.5283
37.0151
27.7019
29.3946
29.547
29.1984
29.4455
29.1136
29.6722
30.8475
29.7495
28.7037
30.3201
30.3978
33.6671
33.4246
36.1699
36.8769
35.9013
36.948
33.6017
41.7991
42.6742
40.102
42.8874
37.7595
39.0728
41.0104
38.8686
40.6415
39.8887
41.9531
46.4931
44.1391
43.5903
42.8607
47.5795
49.8975
44.6693
47.7725
43.7656
49.7113
42.8771
44.4932
46.8867
47.1407
43.8624
47.2807
42.3257
44.9225
47.2744
47.1192
46.5139
47.1782
47.0659
55.5688
50.0727
47.3415
42.1535
50.6465
50.5577
50.3812
36.6819
36.5572
34.0246
45.6129
37.8177
56.0127
34.2988
31.0286
45.3789
53.1772
50.8662
44.0714
26.0705
31.4626
38.4294
28.6671
44.5805
51.4898
46.3108
27.2433
27.8275
31.3486
21.1237
31.5599
66.2297
56.2639
38.3015
73.7507
29.2875
42.923
72.4163
61.7735
82.3001
47.316
14.3705
13.453
35.9717
49.4774
30.7079
28.0098
21.2442
23.5008
32.1717
25.9887
34.8255
32.4174
51.1934
46.4154
84.4693
59.1548
63.0753
69.9528
75.9709
59.754
67.7491
55.582
36.0938
55.4593
25.7863
25.449
21.3588
30.4538
32.3641
26.1037
28.4583
36.3952
31.504
32.6164
30.9665
33.4747
33.1787
35.9714
26.8932
23.0807
15.9533
15.6787
13.3082
14.5981
12.7094
13.1543
11.6036
12.6386
12.5987
12.5578
12.2664
12.464
12.0935
12.5637
11.169
12.1018
12.1582
11.0311
11.7072
11.9517
11.0163
10.7479
10.1296
11.0768
9.8106
10.1319
10.1327
10.2275
9.25291
9.70421
9.2013
8.82221
8.71638
9.05912
8.61612
8.87398
8.07832
8.18014
8.10236
8.38348
7.73772
7.56044
7.73086
7.81625
7.62294
7.6692
7.51991
7.54284
7.46757
7.58898
7.50318
7.55649
7.11273
4.67121
22.6059
18.8718
27.7092
34.3091
27.5667
29.4303
29.8129
29.0506
28.9349
30.3154
31.2727
30.5956
30.7028
28.626
29.2397
29.3451
28.5847
30.1888
31.3208
33.7217
35.7371
35.9295
37.8342
34.4972
36.9472
36.6524
36.7307
36.7111
33.9207
35.2685
36.1344
36.0694
38.0391
47.0502
39.3219
38.7098
39.9485
44.0962
34.6598
40.4459
34.6899
38.1741
36.7692
39.3134
37.3331
39.9139
41.8602
38.2169
41.4815
43.1226
38.0425
39.7295
45.9595
46.2298
46.1313
44.3502
44.7627
53.5549
46.8753
44.7399
42.1889
48.4076
47.0913
44.9865
32.765
34.1915
31.151
36.1004
21.9366
27.9532
28.8528
40.974
29.9388
42.9486
54.9152
61.766
12.7345
29.9442
54.4629
28.825
29.6958
39.5729
48.2595
31.8222
27.2629
29.6403
32.8357
52.996
57.1133
105.387
69.0718
127.634
71.2557
41.704
69.1122
63.3749
41.3797
30.5931
23.6862
10.18
34.86
51.3655
24.95
26.8855
20.9116
25.365
29.3469
23.771
37.3199
24.2275
52.5877
46.3313
71.236
56.7931
59.1438
86.1588
68.5447
55.0261
51.2598
51.1035
15.7533
48.7032
24.9587
18.1068
22.8764
28.4691
30.9932
29.8474
25.4605
37.1389
30.5552
31.8242
30.0206
30.5795
30.6205
31.5812
27.5024
22.0715
14.7604
13.6731
11.9132
12.2919
10.1463
11.5917
10.5842
10.3847
10.1502
11.5052
10.0484
10.2137
9.86813
10.9572
10.3656
9.95616
10.1741
10.2332
10.2288
10.1704
9.8021
10.3352
9.38373
9.8709
8.79683
8.79156
8.80972
9.40448
8.4927
8.82471
8.28512
8.74628
8.36063
8.47091
8.10646
8.14574
7.98917
7.62481
7.65173
7.54309
7.32997
7.26822
7.14553
7.34868
7.29217
7.31852
7.18535
7.28626
7.28451
7.40402
7.37685
7.44813
6.79554
4.0641
19.4688
17.3488
28.9535
32.2277
26.687
26.172
26.4274
29.4934
28.3454
29.9239
26.631
30.851
29.5224
31.3009
30.0469
30.6788
30.5526
31.3389
31.6212
33.6837
33.163
31.6816
35.7708
35.3151
35.3148
34.2281
34.2828
34.2433
34.5044
33.9526
31.417
35.2589
40.3837
40.1575
38.3816
37.0951
40.8752
38.7762
37.022
41.344
37.7888
37.7487
33.3823
33.511
36.3221
42.2298
39.7282
39.9286
38.6883
39.0621
38.1189
38.8154
42.2849
46.1902
43.8652
41.4303
44.375
49.8952
47.633
42.6613
43.4149
46.1324
45.048
42.6863
30.0134
33.2778
34.3271
39.2777
26.6931
34.9331
25.999
24.4532
34.005
35.6575
31.637
22.3507
30.1455
9.91269
52.0888
42.2645
29.193
37.0641
37.1137
36.6581
26.3735
29.9395
36.7979
33.0304
59.2699
153.057
58.7863
107.517
61.9936
91.7075
54.4185
34.6182
12.8378
22.063
18.5845
24.475
27.5817
47.6556
26.3302
28.2965
23.4249
24.0865
28.0621
22.9962
36.3842
25.3076
51.0363
53.4646
110.254
67.3398
57.5373
83.1597
71.7372
58.0416
27.55
29.2453
26.7453
45.9832
31.9873
26.3435
24.7875
25.2616
32.2256
28.9129
25.7633
30.9553
30.1261
27.8848
28.774
26.2416
30.6796
29.4103
27.2706
21.4684
14.5747
12.617
10.3127
10.4012
9.35039
9.38036
10.1185
9.42111
9.28848
9.89875
9.15403
9.37862
10.139
9.65174
9.74009
9.50814
9.30411
9.27115
9.13366
9.49095
9.14518
9.05437
8.84858
8.60544
8.3418
8.43922
8.25257
8.50493
8.41551
8.31227
7.97506
8.02723
7.79008
7.85525
7.29382
7.50539
7.21063
7.58969
7.23503
7.17297
7.1199
7.06885
6.94195
7.06564
7.02287
7.05
6.96763
7.06855
6.89188
7.09844
6.95548
7.37119
6.44855
3.68783
15.9541
15.4586
30.0518
29.0807
24.7666
25.3686
23.6968
25.9399
26.823
28.7093
27.5486
25.7359
25.0905
27.3203
28.5542
27.8677
31.643
30.7554
29.1814
31.51
31.6719
33.0356
29.7633
31.407
32.7162
32.4841
35.6541
35.5456
35.5726
35.4639
38.543
40.7346
42.3451
37.2899
39.2278
39.1091
38.0738
39.6955
37.3989
36.8832
31.2806
34.2589
38.2199
36.1081
38.6636
41.516
39.365
37.7022
35.4063
35.3297
36.828
38.609
41.9456
45.3976
42.8426
41.7611
43.2366
48.3558
45.161
40.1351
43.8089
44.0153
44.7515
39.8821
32.618
34.6537
34.1416
44.8157
35.3792
35.6088
38.1771
26.6082
26.2898
39.5643
27.8775
35.1796
34.9301
19.4563
26.2227
48.6188
26.4765
38.879
29.0356
24.5624
24.9515
35.1147
35.7094
23.4857
50.216
154.232
45.155
116.455
60.5835
125.186
44.5635
23.2776
25.6323
8.77356
28.4889
20.7598
35.9033
44.3469
27.4742
28.9614
22.2571
30.5444
24.0925
20.8852
37.376
25.4155
52.1188
49.7314
123.823
88.8651
120.531
79.4778
54.5142
38.8243
33.6234
24.107
56.1345
31.5348
32.5488
23.2181
23.2866
29.0814
29.8103
30.1989
24.9795
30.4452
27.9065
27.9144
29.5998
26.5126
21.8943
28.744
24.5808
23.982
13.9968
12.4201
9.32332
9.41892
8.28846
9.13845
8.55888
8.69325
7.73424
9.09694
8.59636
8.52641
8.3709
8.95915
8.83328
8.89669
8.74112
9.24749
8.66588
9.27973
8.62408
8.32979
8.27992
8.52923
7.92832
7.71182
7.35106
7.46427
7.81651
7.79801
7.61779
7.47617
7.28076
7.16373
7.01596
7.06209
6.91631
7.07378
7.19963
7.09043
6.80024
6.83902
6.74427
6.80699
6.9122
7.10253
6.88101
6.90287
6.79515
6.23181
5.38864
6.90216
6.06869
3.28655
15.3211
15.201
26.258
27.4089
26.1174
26.5594
27.1014
24.9663
28.7233
28.0537
30.2745
29.7596
30.7948
28.523
29.4628
24.8411
30.0291
27.9501
31.4335
36.1588
35.2631
34.6815
42.0457
31.5306
38.0431
31.7438
35.7428
35.6423
36.5992
34.4059
38.5654
38.892
36.3105
39.9976
38.6857
43.4268
29.4725
34.5897
31.6242
32.4088
37.2664
36.1977
38.0696
38.8376
42.1814
39.1237
34.2297
32.6081
36.151
37.6492
36.7123
39.0377
41.7632
43.86
42.9507
41.6927
44.2105
46.8477
45.7397
40.9554
41.4211
40.5459
44.9879
38.0044
36.3892
35.687
40.8687
45.1413
28.5567
34.6129
28.9311
29.6482
26.2212
31.486
44.224
64.3042
43.2968
49.7854
23.9488
25.1798
26.3411
37.6399
32.7158
33.8435
26.3024
27.5705
28.4146
28.4987
91.6365
118.82
87.1709
114.905
63.1479
85.136
74.6971
71.9143
34.6372
38.9621
27.5481
26.4245
25.913
44.079
28.1177
29.2705
24.4742
25.4027
24.3825
18.0027
37.1679
25.835
54.1744
59.6461
125.909
91.8605
117.48
128.233
37.9976
31.6067
27.8378
20.393
27.681
47.5039
26.6739
25.4498
26.0067
29.6259
24.2296
27.4965
24.4836
27.8757
27.7156
30.0865
29.3761
26.4621
25.9358
23.0717
19.9421
21.9416
15.1204
12.9866
9.24761
8.80426
8.2967
8.92552
8.286
8.47712
7.60297
8.38041
8.02506
8.02607
7.16622
7.82717
7.74154
8.0047
7.60605
7.93843
8.09651
8.4272
8.0437
7.71159
8.08449
8.19005
7.48315
7.30716
7.34902
7.09912
7.18069
7.25121
6.91776
7.15494
7.09705
6.97958
6.9082
6.88425
7.11638
6.9481
6.91526
7.0789
6.90538
6.75192
6.62318
6.60774
6.85627
6.91647
6.92251
6.85863
6.78777
5.80429
4.04738
5.48547
5.83137
3.06881
15.6037
17.0564
26.0446
24.653
26.6864
26.561
25.9024
26.0754
26.0135
26.3349
27.8567
33.5312
31.034
30.6121
27.73
27.0857
30.4753
30.637
28.5985
32.1656
31.8761
31.7736
33.8887
35.6195
28.4289
32.4957
33.8684
36.9991
28.2919
32.7141
37.0295
36.3675
32.3619
37.3066
31.6168
26.632
29.5781
28.7158
31.8431
32.3378
36.1424
33.5503
37.4693
36.7577
34.1199
33.1565
30.8838
36.9912
36.1549
36.0916
39.6183
39.6365
40.6455
42.5792
40.9345
41.8585
44.1844
43.6279
44.4517
40.5741
40.1335
37.945
42.8899
40.5709
38.6893
35.0326
38.9241
41.6711
27.4943
34.2729
33.2849
31.8339
34.8551
26.1432
30.83
46.2759
43.7258
46.8809
25.9581
16.1121
27.5887
16.3692
40.2588
25.4101
24.0383
27.4789
34.3357
39.3622
49.3587
50.0824
70.0219
109.65
62.0014
89.1361
85.4105
64.1979
47.517
66.3206
16.8786
25.2305
27.5043
43.1916
23.102
27.6638
21.3726
25.0997
26.3793
12.0235
35.1078
25.6224
51.783
59.5872
126.736
96.8813
114.977
106.335
33.3596
30.4152
21.1404
20.9604
24.5549
30.5587
28.3998
24.8931
21.7968
16.1064
16.4844
24.7049
24.6761
26.1323
24.7413
29.796
29.2606
26.1283
25.1092
25.1508
21.2425
20.8657
15.5941
12.6531
10.0033
8.87314
7.88151
8.1754
8.41346
7.65666
8.28401
7.20901
7.09409
7.50025
6.99986
7.2269
7.52623
7.3479
7.46329
7.22782
7.50905
7.55801
7.56307
7.61424
7.61157
7.65557
7.29585
7.19011
7.35287
7.623
7.1666
7.27394
6.81011
7.06915
6.87296
7.06356
7.03195
6.77493
6.83565
6.81427
6.74329
6.86863
6.88327
6.68809
6.70311
6.65037
6.61777
6.77208
6.88027
6.84879
6.95174
5.73712
3.43473
3.85698
5.48225
2.81632
19.4385
20.6317
26.1652
26.1065
23.2179
27.4963
26.3766
26.1084
27.1785
25.3574
27.1907
25.8399
25.8091
28.3411
28.6259
27.9561
26.9628
28.8592
25.0225
27.7002
31.8466
31.2618
30.3146
33.402
29.834
29.3053
28.7047
35.1045
36.2027
31.2723
29.3156
32.8033
33.9176
33.4792
28.7982
30.1523
35.4128
35.4122
33.3217
34.5939
29.0776
31.2823
33.6292
32.6308
30.2406
29.9422
36.5254
38.019
36.4215
36.0191
39.3936
37.8268
40.3386
40.4501
39.9473
40.927
44.7508
43.5564
41.3868
38.7528
40.3447
36.2876
45.9209
44.3543
31.1476
32.822
34.672
38.8122
34.5439
28.543
26.1753
16.6998
35.4997
36.0127
21.9072
39.8963
30.4872
50.672
30.5003
15.0494
24.1154
15.459
37.5341
22.6685
20.1971
25.8684
41.9568
48.273
36.1314
48.5626
90.0047
138.683
60.4935
94.4341
67.0238
66.0025
75.6638
77.4816
22.0265
16.4801
27.4298
42.0423
23.1779
27.4214
19.2271
21.1825
26.6564
11.5893
34.9373
26.1814
46.6612
62.3384
123.748
102.335
108.899
106.572
30.0575
35.3149
28.2848
20.8517
29.8718
25.136
26.6397
28.4862
19.0401
24.4103
13.93
21.3304
23.6986
27.2892
22.2016
29.9428
27.8456
26.624
23.8552
26.0259
18.7817
20.3405
14.7881
12.9074
9.85385
9.11754
7.86252
7.58979
7.63419
8.23425
7.25878
7.46514
6.88872
7.02046
7.33898
6.91571
7.29515
7.32134
6.93454
7.32511
7.04689
7.3644
6.88858
7.28901
7.48721
7.29723
7.21264
7.13399
7.01658
6.85998
7.12391
6.85323
6.86987
6.7934
6.57442
6.58389
6.75697
6.67624
6.64449
6.48489
6.72701
6.78127
6.71806
6.70216
6.59734
6.49203
6.65397
6.59833
6.91594
6.8823
7.10516
6.16864
3.27909
2.71018
5.02581
2.67184
29.5208
27.3318
25.5903
26.2014
24.2899
23.6061
28.2928
25.2299
25.8178
27.0199
27.0122
27.5005
26.7823
26.9621
26.4228
25.486
25.2265
29.099
30.683
28.2733
34.0408
28.8156
35.1411
32.9977
31.9944
29.9271
30.3632
30.613
35.0267
34.2681
34.3214
29.3568
37.1223
33.0268
38.103
36.5724
32.4856
29.3062
33.1203
29.8304
33.4515
33.2132
34.2782
33.4183
35.5131
37.4449
33.6501
34.7055
34.9308
36.8069
37.9518
37.8029
39.4878
38.1019
40.3391
41.7451
41.0226
42.9831
37.9871
39.1829
40.8637
35.0861
46.0355
42.6597
34.6009
32.583
36.0393
40.8828
38.0762
30.2123
22.5147
22.0192
31.9342
35.491
33.5855
40.0936
29.6074
42.1559
50.0479
29.2232
19.222
10.3704
22.5131
23.2789
19.2506
19.8422
40.1097
45.2969
38.3316
41.2713
67.3035
103.36
97.6494
94.3723
63.1877
49.6941
52.5856
71.8881
12.3958
11.5405
30.329
40.2224
21.0941
27.1842
17.6885
9.17518
22.4328
11.5855
32.4612
26.4166
63.7139
68.5693
116.11
103.051
109.585
119.576
32.417
36.6114
30.9899
11.7689
38.9139
37.7624
26.7915
25.5714
21.9893
32.3016
14.0214
18.0738
24.472
26.3588
17.5761
24.736
25.4257
24.6304
19.5776
23.741
20.2079
17.1082
14.0665
12.3221
10.0726
8.67939
7.6243
7.22455
7.38928
7.91084
7.81802
7.56527
7.17409
6.97264
7.0978
7.11319
7.1857
7.072
7.25231
7.14698
7.31593
6.96872
6.89531
6.68344
7.08774
7.54878
7.12684
7.01216
7.0283
6.82959
6.5748
7.20888
6.81126
7.02081
6.67904
6.4017
6.50966
6.48363
6.70969
6.73906
6.61347
6.57939
6.56407
6.70553
6.65614
6.64478
6.62597
6.61093
6.87105
6.93084
7.15232
6.99842
3.12707
2.44901
3.73344
2.39811
22.5821
42.2909
43.6771
45.3684
9.46766
31.4063
29.7849
35.9269
23.1077
33.1953
45.4612
15.5708
45.5193
36.6713
27.063
27.8181
41.411
39.1092
18.0142
9.89354
39.7225
24.3826
15.2563
19.2862
15.341
18.4834
12.8636
22.0392
14.4076
27.785
39.0889
90.6169
95.0665
29.4328
36.6157
32.8611
19.8657
40.9295
27.5071
23.3767
21.2022
32.6555
73.4611
88.0698
58.6189
104.238
28.6843
24.8364
13.7624
