2.99126e+16
1.76851e+16
2.76643e+16
2.14052e+16
8.0663e+15
1.93277e+16
1.68669e+16
2.56321e+16
2.92977e+16
2.06389e+16
2.3037e+16
7.067e+15
9.30094e+15
1.54447e+16
9.38288e+15
1.41381e+16
1.4384e+16
2.46652e+16
8.29814e+15
9.25575e+15
7.97811e+15
9.42861e+15
1.39465e+16
2.45002e+16
2.39931e+16
1.92739e+16
1.27264e+16
9.83382e+15
1.12072e+16
1.29034e+16
1.09278e+16
1.84807e+16
2.43875e+16
1.84192e+16
4.6537e+17
4.2325e+17
5.92798e+17
3.46225e+17
3.9268e+18
3.15221e+17
4.15222e+18
1.24933e+16
3.03947e+17
6.74838e+18
2.4863e+17
1.06785e+16
2.15486e+17
2.06927e+17
9.55329e+15
1.37466e+16
9.09623e+18
4.21885e+17
4.81271e+17
1.99931e+16
3.86354e+17
1.85895e+17
5.56682e+17
3.25799e+17
6.21066e+17
2.58239e+17
8.18469e+16
7.14027e+16
9.16216e+16
7.98794e+17
5.92003e+16
1.01291e+17
1.559e+17
1.7731e+17
5.69586e+16
1.09569e+17
8.60196e+17
5.27028e+16
1.35541e+17
1.44936e+17
4.85957e+16
1.35016e+17
1.43647e+17
4.32183e+16
1.43665e+17
4.38417e+16
1.24868e+17
2.04159e+16
2.09879e+16
1.28738e+17
4.08664e+16
9.61896e+16
3.81856e+16
1.22685e+17
8.53967e+17
3.99256e+17
7.33792e+17
9.76655e+17
1.02318e+18
5.89544e+17
1.36463e+18
3.4743e+16
8.88059e+16
5.58571e+17
1.61826e+18
1.00848e+16
6.76972e+16
3.27375e+17
7.38846e+16
4.65057e+17
1.13393e+17
3.70814e+16
3.48143e+18
5.91798e+17
3.79959e+18
7.04972e+16
8.27273e+16
4.3456e+17
7.37311e+16
7.74754e+16
3.48406e+16
2.24695e+17
3.6376e+17
1.10928e+17
3.42409e+16
3.37831e+17
8.69586e+16
3.74178e+16
9.58039e+16
9.91011e+16
3.50163e+16
2.86123e+17
2.04842e+16
1.98955e+17
7.65888e+16
3.13157e+16
5.34256e+17
3.89469e+17
2.97363e+17
3.75335e+17
1.08504e+17
1.01015e+17
2.55136e+17
6.9052e+17
6.94039e+16
2.98517e+16
9.29507e+16
1.202e+15
1.14159e+17
1.05144e+17
2.40164e+17
1.08052e+17
5.83409e+16
1.03665e+16
1.24317e+17
1.42407e+15
3.68916e+17
1.59259e+17
4.96867e+17
4.15456e+15
2.34526e+17
3.27349e+15
3.13154e+17
3.77231e+15
4.97846e+16
5.48316e+18
2.27932e+17
9.76462e+15
3.25434e+15
2.39734e+17
3.0652e+16
5.70571e+14
2.10328e+17
4.35112e+16
1.8505e+17
1.08419e+17
1.62008e+17
1.54626e+17
1.36652e+17
1.26544e+17
2.03541e+17
7.3088e+18
6.85841e+17
4.03381e+16
1.33904e+16
5.25332e+17
5.28254e+17
4.37533e+17
7.74527e+16
8.9693e+16
7.50845e+16
8.96502e+16
6.77022e+16
1.2802e+17
6.22943e+17
7.75554e+16
3.8075e+16
1.66275e+17
5.6792e+16
4.10071e+17
1.11403e+17
1.18467e+17
9.32088e+16
9.02838e+16
8.11422e+16
5.2161e+16
3.58977e+16
6.22471e+17
3.22852e+17
1.08755e+17
2.12023e+16
2.13453e+16
3.28103e+16
4.45519e+16
9.58102e+16
8.95095e+16
8.92991e+16
1.49998e+15
1.74596e+15
2.77552e+17
1.00373e+17
8.60851e+16
5.05227e+16
9.46224e+16
4.17297e+16
2.17843e+17
9.00397e+16
3.29244e+17
2.89956e+17
2.58347e+17
2.341e+17
2.41273e+17
2.16229e+17
3.20199e+17
2.16893e+16
3.35378e+15
7.67841e+17
1.03647e+18
2.64897e+15
1.98825e+16
9.6779e+16
5.2654e+17
4.47974e+17
1.38817e+18
1.89525e+18
8.43335e+16
8.31858e+16
1.69792e+17
3.91452e+16
2.39405e+17
1.14863e+18
5.82812e+17
9.53236e+15
1.22063e+16
1.19663e+16
3.1836e+16
3.36446e+16
6.34238e+17
6.93746e+14
1.00838e+15
1.14317e+15
1.14561e+14
1.87666e+17
3.9647e+16
1.31669e+15
3.64573e+17
1.41798e+17
8.44405e+17
3.44064e+18
9.7799e+14
3.05487e+17
1.10622e+16
3.06938e+16
8.3597e+16
4.3414e+16
3.48949e+14
3.95744e+14
4.05512e+17
2.23302e+15
1.44536e+16
2.88924e+17
1.15529e+16
7.92092e+16
7.00397e+16
6.70277e+16
6.52481e+16
6.03056e+16
6.13529e+16
5.51062e+16
5.78918e+16
1.21218e+17
1.13418e+17
3.66068e+16
2.18385e+17
6.38284e+16
1.59689e+17
5.03134e+14
1.91585e+15
1.36712e+17
3.83857e+14
1.75564e+16
1.57627e+16
1.04238e+17
1.17059e+17
1.46712e+17
1.28373e+17
2.13271e+16
2.15684e+16
5.14786e+16
5.11953e+16
2.48082e+16
2.7053e+16
4.53732e+15
8.8903e+15
5.64388e+15
5.0907e+15
4.62682e+15
1.0567e+16
1.14669e+16
1.02623e+16
7.17207e+15
6.62209e+15
5.28861e+15
1.11236e+16
1.06373e+16
1.13135e+16
7.63588e+15
1.55915e+17
3.49078e+15
3.43065e+14
1.56333e+15
1.76178e+15
1.08337e+15
1.90908e+15
3.57515e+14
6.844e+14
4.4798e+14
3.80476e+14
1.02334e+16
8.94882e+15
1.00099e+16
9.74346e+15
9.82668e+15
5.59035e+15
3.51215e+15
4.56224e+15
7.26841e+15
6.63754e+15
8.47997e+15
9.10998e+15
8.24693e+15
8.63057e+15
7.90754e+15
3.52789e+15
4.53769e+15
4.75819e+15
6.08088e+15
5.9539e+15
6.78079e+15
5.83346e+15
7.17554e+15
3.05534e+15
3.4712e+15
3.97002e+15
3.39827e+15
1.43025e+16
1.43175e+16
1.75212e+16
1.85731e+16
1.89552e+16
1.13376e+16
1.12485e+16
1.10487e+16
1.0814e+16
1.00291e+16
1.23791e+16
1.08667e+16
1.19724e+16
1.32292e+16
1.30584e+16
1.50851e+16
1.64683e+16
1.70684e+16
1.20506e+16
1.07647e+16
2.11592e+16
1.86205e+16
1.78966e+16
1.97517e+16
2.06533e+16
5.00417e+16
4.35591e+15
4.67328e+15
4.39915e+15
1.45049e+16
1.35581e+15
1.45581e+15
1.42681e+15
1.3277e+15
1.28583e+15
1.21685e+15
1.42077e+15
1.51064e+15
1.4186e+15
1.35953e+15
1.51145e+15
9.85698e+14
1.18972e+15
1.35295e+15
1.47354e+15
9.59807e+14
3.76415e+16
4.07984e+16
3.28759e+16
4.33036e+16
4.90448e+14
4.84375e+14
1.99303e+15
3.15503e+15
1.11442e+15
6.33384e+14
5.42356e+14
5.13338e+14
1.92459e+15
1.71515e+15
1.84957e+15
2.01305e+15
2.46484e+15
2.58119e+15
1.35035e+15
1.05104e+15
1.02127e+15
1.44487e+14
1.29036e+14
2.66231e+14
1.52521e+15
2.59459e+15
1.96218e+15
2.46895e+15
2.11856e+15
2.52077e+15
1.74886e+15
1.35957e+14
1.35652e+14
8.75495e+13
9.50029e+14
1.98601e+15
1.04593e+14
3.0085e+16
3.03662e+16
3.12596e+16
7.13777e+14
3.01586e+14
5.77787e+14
8.59518e+15
8.3458e+15
1.35531e+16
4.69684e+16
1.03638e+15
1.2959e+15
1.44808e+15
1.24964e+15
1.46962e+15
8.20251e+15
7.33253e+15
1.41612e+16
2.18434e+15
4.09698e+16
7.29351e+16
2.58774e+16
1.25765e+17
1.06818e+17
8.52495e+16
1.02352e+17
1.40246e+15
2.17983e+15
1.91887e+15
1.28998e+15
2.68005e+15
2.21224e+16
2.39147e+16
1.17959e+16
1.18628e+16
6.90135e+15
6.75359e+15
1.04045e+17
1.27027e+15
5.91934e+15
5.30098e+15
3.46804e+16
3.90861e+16
4.26955e+16
7.16453e+16
4.78801e+15
4.37339e+15
1.45946e+16
8.06922e+14
1.01699e+15
8.40326e+14
1.39735e+15
4.56957e+15
2.52702e+15
4.75115e+15
3.77631e+15
3.42813e+15
3.06233e+15
2.67435e+15
1.62333e+15
9.73485e+14
1.23871e+15
2.25598e+15
1.5742e+15
1.12363e+15
1.03572e+15
2.09494e+16
2.18074e+16
2.84585e+16
7.15142e+14
5.50317e+14
2.7089e+14
2.97706e+14
3.69659e+14
4.29419e+14
8.938e+14
9.47819e+14
1.00975e+15
7.70424e+14
2.48467e+16
2.47863e+16
2.44572e+16
2.34513e+16
3.64501e+15
4.38046e+15
8.59073e+15
9.76736e+15
8.34285e+15
6.98884e+15
5.07014e+15
2.59692e+16
1.71068e+16
1.41223e+16
2.82664e+16
1.93141e+16
1.65603e+16
2.06934e+16
1.44186e+16
2.90154e+15
1.15721e+15
1.64175e+16
1.80484e+16
9.87408e+14
1.61591e+15
2.72268e+16
3.96305e+16
2.38794e+16
4.33577e+16
2.87668e+16
1.37895e+15
7.6726e+14
1.58212e+15
9.19224e+15
1.0456e+16
1.09326e+16
6.99381e+14
7.51494e+14
3.66735e+14
1.92385e+14
6.2252e+14
6.41612e+14
5.62862e+14
5.14796e+14
4.84622e+14
4.94341e+14
1.5575e+16
1.24039e+16
2.9812e+15
1.4097e+16
3.38438e+14
1.39483e+14
1.29556e+15
3.241e+15
1.78825e+15
1.56629e+15
9.8807e+14
8.95272e+14
1.2157e+15
9.00817e+13
7.19588e+13
7.91346e+13
1.36417e+14
9.09323e+13
7.20331e+13
2.48983e+15
1.41737e+15
1.32038e+15
9.42121e+14
9.25432e+14
8.40498e+14
1.04061e+15
1.34959e+15
1.21301e+15
2.10528e+15
1.77256e+15
3.01941e+16
2.00398e+15
2.12193e+14
3.63365e+16
8.05184e+14
1.27716e+15
3.05669e+15
2.07857e+15
2.66923e+15
2.85885e+15
1.29122e+15
1.63193e+15
2.2847e+15
1.29242e+15
1.78391e+15
1.81117e+15
1.02825e+14
1.19368e+14
2.42366e+15
2.39567e+14
1.153e+14
1.33737e+15
2.91593e+15
2.07009e+15
2.21145e+15
1.7258e+15
1.79432e+15
1.76943e+15
8.46027e+14
2.8231e+15
8.34008e+14
7.47905e+14
1.28932e+15
1.02335e+15
1.09594e+15
1.77469e+15
2.63993e+16
8.72104e+14
8.36356e+15
8.67868e+15
7.58065e+15
2.11075e+15
2.79577e+15
4.12835e+15
8.31961e+15
6.25009e+15
3.91562e+15
5.24162e+15
4.93881e+15
3.57217e+15
5.27729e+15
2.5032e+15
4.64535e+15
5.67947e+14
6.94133e+14
1.08821e+15
2.78582e+15
2.63343e+15
1.11959e+15
1.30473e+15
1.16828e+15
3.99065e+15
4.29585e+15
3.35959e+15
5.18717e+15
8.57479e+13
7.49692e+13
4.34538e+15
1.18645e+15
6.8688e+14
8.25903e+14
7.30415e+14
9.80905e+14
1.40948e+15
7.27699e+14
6.85618e+14
1.07726e+15
1.71112e+15
1.19239e+15
1.54987e+15
1.25997e+15
1.21005e+15
1.86525e+15
1.22705e+15
7.34379e+14
9.30592e+14
1.0069e+15
1.44383e+15
1.31146e+15
1.46687e+15
1.11673e+15
1.02554e+15
1.43753e+15
9.69548e+14
1.37551e+15
1.91593e+15
2.38885e+15
1.10331e+15
1.42428e+15
1.94918e+15
2.09462e+15
2.17055e+15
1.3623e+15
1.03005e+15
3.04674e+15
1.03952e+15
1.01097e+14
7.86174e+14
6.26179e+14
1.10315e+15
2.82299e+15
9.92776e+14
8.65509e+14
1.35628e+14
3.26984e+15
3.24282e+15
3.66196e+15
1.32759e+15
1.08526e+15
6.54246e+13
1.27072e+14
1.20749e+14
7.00567e+13
2.96678e+15
2.68677e+15
7.07982e+14
6.11207e+14
6.55513e+14
6.19616e+14
1.85761e+15
2.68921e+15
3.33312e+15
8.96557e+14
1.13098e+15
9.03465e+14
1.34479e+15
2.08464e+15
2.46e+15
1.19614e+15
1.38323e+15
1.79263e+15
3.31501e+15
2.10562e+15
2.67329e+15
1.25035e+15
8.90029e+14
5.66884e+14
1.15017e+15
4.54823e+15
1.25445e+15
1.48991e+15
3.11903e+15
1.51667e+15
1.37174e+15
1.05969e+15
1.88408e+15
3.68732e+15
1.28778e+15
1.21559e+15
3.44051e+15
1.18255e+15
1.24513e+15
1.07378e+15
6.98111e+14
1.0726e+15
9.19505e+14
6.42231e+14
6.57423e+14
7.63835e+14
6.10006e+14
4.35215e+14
7.59647e+14
5.73717e+14
6.48377e+14
7.09235e+14
6.76258e+14
6.88516e+14
7.76452e+14
3.03761e+15
2.52305e+15
2.35341e+15
2.14158e+15
2.53093e+15
1.15347e+15
1.55684e+15
1.34812e+15
4.04887e+14
4.21367e+14
4.28334e+14
6.74652e+14
1.22515e+15
1.12182e+15
1.55502e+15
1.71503e+15
1.43968e+15
1.50784e+15
1.56706e+15
1.28029e+15
2.32624e+15
2.23057e+15
1.26515e+15
1.70954e+15
2.02552e+15
1.80144e+15
2.13256e+15
1.19047e+15
9.1111e+14
7.12623e+14
4.39908e+14
4.53835e+14
2.80862e+14
2.86427e+14
5.67829e+14
8.04955e+14
8.28111e+14
6.30467e+14
7.71784e+14
1.2061e+15
1.09772e+15
1.14131e+15
1.03428e+15
8.69676e+14
1.1795e+15
1.14052e+15
1.44695e+15
1.52639e+15
1.95861e+15
3.18729e+15
2.85616e+15
2.21024e+15
1.77351e+15
1.24088e+15
1.22167e+15
1.35224e+15
1.54264e+15
1.32895e+15
1.47387e+15
1.20859e+15
3.7343e+15
2.501e+15
2.11168e+15
3.4468e+15
3.5412e+15
1.69285e+15
1.27212e+15
9.78154e+14
1.03101e+15
1.16839e+15
1.48163e+15
1.52207e+15
7.6916e+14
2.1087e+15
1.44972e+15
2.49159e+15
2.18741e+15
2.35969e+15
1.62048e+15
1.90092e+15
1.85443e+15
2.32633e+15
1.78355e+15
9.44017e+14
7.51368e+14
2.41042e+15
6.35037e+14
8.92289e+14
2.85377e+15
3.16127e+15
1.68841e+15
1.74867e+15
2.01498e+15
1.60606e+15
1.67066e+15
1.93598e+15
1.56121e+15
1.4382e+15
1.19504e+15
1.50577e+15
1.72479e+15
2.14882e+15
2.42736e+15
3.54832e+15
1.0641e+15
8.73144e+14
3.88834e+14
1.52808e+15
1.82518e+15
1.91479e+15
1.69849e+15
8.78514e+14
1.67505e+15
1.56831e+15
1.55667e+15
1.51775e+15
1.40803e+15
1.4081e+15
1.3243e+15
1.57845e+15
1.09272e+15
5.74382e+14
1.55048e+15
7.87112e+14
8.85937e+14
3.8139e+15
1.55827e+15
1.77149e+15
1.75217e+15
7.86424e+14
2.84139e+14
1.18028e+14
1.79047e+15
2.01639e+15
1.94594e+15
1.99835e+15
7.87931e+14
1.53833e+14
1.64223e+15
3.60127e+15
1.99219e+15
1.58008e+15
5.79165e+14
2.11266e+15
1.15641e+15
1.37247e+15
9.15811e+14
1.47263e+15
8.34646e+14
1.24598e+15
8.29047e+14
1.2415e+15
1.2599e+15
1.25647e+15
1.24698e+15
8.92743e+14
1.32128e+15
9.68292e+13
1.84148e+15
2.61922e+15
2.32873e+16
4.25886e+15
4.1275e+15
3.39639e+15
2.48016e+15
2.28146e+15
3.79764e+15
2.79241e+16
3.08558e+16
2.98015e+16
1.94537e+14
7.40321e+14
6.0255e+14
1.04688e+15
8.68823e+14
1.94051e+15
2.25368e+15
1.21318e+14
1.60362e+14
1.28717e+14
1.41577e+15
5.00804e+14
1.84208e+14
7.40901e+14
1.04832e+15
1.53326e+15
1.4863e+15
1.11764e+15
2.40143e+15
9.60713e+13
9.13689e+14
2.16981e+15
1.95666e+15
3.09803e+15
2.1613e+15
1.27123e+15
4.99343e+14
2.75199e+14
6.40236e+14
2.61824e+15
1.35798e+15
1.08953e+15
1.83143e+15
2.23252e+15
1.75058e+15
1.70088e+15
4.72816e+15
4.42436e+15
4.82801e+15
4.37108e+15
9.88584e+14
2.05002e+15
9.52174e+14
2.02561e+15
1.26289e+15
2.08467e+15
4.06417e+15
2.51559e+15
1.43928e+15
7.41939e+14
1.84559e+14
2.71041e+14
8.25736e+14
6.91285e+14
7.0604e+15
5.37463e+15
5.7181e+15
3.57328e+14
9.1124e+14
2.8595e+15
3.00374e+14
9.14947e+14
2.49849e+15
1.49829e+15
9.66065e+14
4.22065e+14
7.23803e+14
7.91907e+14
1.71773e+15
1.95139e+15
9.9441e+14
4.78017e+14
1.49924e+14
1.91334e+15
1.76587e+15
6.59325e+14
2.91744e+15
9.01038e+15
1.24767e+15
1.6646e+15
2.54483e+15
1.4946e+15
2.40299e+15
2.79173e+15
1.61613e+15
2.55824e+15
1.37427e+15
1.38584e+15
9.91797e+14
1.25712e+15
1.02077e+15
9.31281e+14
1.04571e+15
9.3652e+14
2.37393e+15
2.18729e+15
2.35606e+15
1.689e+15
2.46248e+15
1.55077e+15
1.02723e+15
1.26641e+15
1.31243e+15
1.781e+15
5.31386e+18
5.55219e+18
1.94208e+18
2.71356e+18
5.38099e+18
3.2088e+18
9.45538e+17
6.86372e+17
4.84553e+17
4.78205e+17
4.19651e+17
4.02907e+17
3.57383e+17
3.37032e+17
3.02945e+17
2.93428e+17
2.91194e+17
2.92546e+17
2.7142e+17
2.36332e+17
2.31218e+17
2.08824e+17
1.8909e+17
1.8829e+17
1.74376e+17
1.68677e+17
1.41246e+17
1.33262e+17
1.29433e+17
1.41853e+17
1.25028e+17
1.02909e+17
9.17537e+16
9.10575e+16
6.71155e+16
7.15135e+16
7.33799e+16
7.91498e+16
7.38407e+16
6.38011e+16
6.31884e+16
7.19936e+16
8.18599e+16
6.45942e+16
6.90468e+16
7.34175e+16
8.24281e+16
8.30226e+16
9.47736e+13
5.46189e+13
1.38081e+14
1.5323e+14
1.16974e+14
1.70126e+14
2.98837e+14
2.91784e+14
2.65393e+14
2.51313e+14
3.47323e+14
2.62686e+14
1.7187e+14
1.14574e+14
2.00218e+14
1.35312e+14
1.29705e+14
1.07615e+14
5.97826e+13
5.50574e+13
1.88147e+13
3.03088e+13
1.1545e+13
1.22271e+13
1.06417e+13
3.72482e+12
9.7026e+12
1.43586e+13
8.45174e+12
4.09432e+12
1.72031e+13
1.15071e+13
4.04432e+11
3.23573e+11
4.44228e+11
4.02797e+11
5.2208e+11
4.10381e+11
3.00578e+12
6.0528e+12
2.48612e+12
5.12026e+11
3.03265e+12
5.89404e+12
3.91877e+12
6.03329e+12
4.58298e+12
4.33064e+12
4.8024e+12
4.10729e+12
1.49085e+13
7.42621e+12
7.25311e+12
9.80673e+12
3.66671e+13
3.26159e+13
4.87994e+13
4.08869e+13
1.03069e+14
5.73195e+13
3.08065e+13
3.97507e+13
3.03516e+13
1.11743e+13
3.26497e+13
3.66051e+13
1.99848e+13
1.76559e+13
2.82049e+13
2.39982e+13
3.67408e+13
3.60504e+13
5.6157e+13
8.13923e+13
7.58655e+13
1.39997e+14
9.67907e+13
1.32171e+14
7.42589e+13
7.80307e+13
1.00581e+14
1.09288e+14
1.12752e+14
1.04225e+14
1.24295e+14
9.8241e+13
1.47539e+14
1.4882e+14
1.83734e+14
7.35429e+13
7.60644e+13
8.46856e+13
6.92941e+13
6.26073e+13
7.29538e+12
1.10217e+13
9.48285e+16
9.50749e+16
1.07049e+17
9.81611e+16
1.05146e+17
1.24311e+17
9.58436e+16
1.10341e+17
1.11041e+17
1.12909e+17
1.14579e+17
1.19007e+17
1.16922e+17
1.01279e+17
9.11798e+16
8.12875e+16
8.14848e+16
7.76227e+16
8.366e+16
7.70911e+16
8.57319e+16
9.45925e+16
9.00508e+16
1.04679e+17
1.16133e+17
1.37175e+17
1.1027e+17
1.16935e+17
1.41513e+17
1.84743e+17
2.41527e+17
2.6966e+17
2.80913e+17
3.21431e+17
3.24834e+17
3.49076e+17
3.95948e+17
4.04439e+17
4.7288e+17
4.89593e+17
5.18943e+17
5.29831e+17
5.98493e+17
6.51834e+17
8.15603e+17
9.14014e+17
1.39965e+18
2.18316e+18
5.33443e+18
5.43967e+18
1.97511e+18
3.5176e+18
4.21581e+18
2.72516e+18
8.61139e+17
6.89619e+17
4.82067e+17
4.5339e+17
3.79904e+17
3.93742e+17
3.95461e+17
3.59885e+17
3.11891e+17
3.0071e+17
2.84681e+17
2.45401e+17
2.47574e+17
2.4689e+17
2.29815e+17
2.23469e+17
1.95763e+17
1.77458e+17
1.69555e+17
1.65536e+17
1.39558e+17
1.28564e+17
1.21915e+17
1.32525e+17
1.03131e+17
1.00821e+17
8.53759e+16
7.19912e+16
7.35176e+16
6.55798e+16
7.40147e+16
7.3674e+16
6.76768e+16
6.34903e+16
5.00696e+16
5.58417e+16
6.77756e+16
7.31126e+16
6.33094e+16
6.47571e+16
8.66478e+16
9.12453e+16
1.76622e+14
1.42285e+14
1.87944e+14
1.87404e+14
2.18887e+14
2.37338e+14
3.38437e+14
3.87487e+14
3.25345e+14
2.98622e+14
3.92886e+14
3.31843e+14
1.62523e+14
1.40551e+14
2.11931e+14
1.32714e+14
9.76076e+13
1.31368e+14
7.70835e+13
9.14184e+13
2.08857e+13
2.95977e+13
1.25753e+13
1.16071e+13
1.44198e+13
5.65711e+12
1.28925e+13
1.46409e+13
1.00384e+13
9.32164e+12
9.81685e+12
5.97272e+12
4.34863e+11
5.30972e+11
5.96489e+11
1.37704e+12
5.24416e+11
5.33378e+11
3.20939e+12
5.78332e+12
2.52594e+12
6.69702e+11
3.19241e+12
6.49346e+12
3.57869e+12
6.38876e+12
5.03591e+12
4.30169e+12
5.03505e+12
3.98664e+12
1.04081e+13
1.20652e+13
1.00067e+13
4.04667e+13
5.93203e+13
5.83893e+13
4.73665e+13
5.61233e+13
9.03563e+13
6.15616e+13
2.84963e+13
4.17932e+13
3.17574e+13
1.39647e+13
3.49473e+13
2.03823e+13
3.20224e+13
1.83914e+13
6.95317e+12
1.5737e+13
3.92279e+13
3.55291e+13
6.915e+13
7.72156e+13
6.77436e+13
4.3346e+13
1.10536e+14
1.0403e+14
1.03932e+14
7.29793e+13
1.28592e+14
1.04098e+14
1.28655e+14
1.23425e+14
1.55378e+14
1.33702e+14
1.31412e+14
1.29342e+14
9.08149e+13
1.36006e+14
1.31235e+14
1.21301e+14
1.19867e+14
7.95728e+13
6.26023e+13
4.55495e+13
9.15048e+16
9.01298e+16
1.01895e+17
1.08464e+17
9.45895e+16
9.99264e+16
1.03416e+17
1.0725e+17
1.0591e+17
1.13495e+17
1.07187e+17
1.01408e+17
9.61361e+16
1.03969e+17
8.28717e+16
8.18395e+16
7.92198e+16
8.14189e+16
7.31543e+16
7.87863e+16
6.48874e+16
8.04562e+16
9.07479e+16
8.72298e+16
1.00229e+17
1.18002e+17
1.14555e+17
1.30094e+17
1.51908e+17
1.84725e+17
2.35317e+17
2.49353e+17
2.78612e+17
2.84951e+17
3.30958e+17
3.47135e+17
3.69728e+17
4.08776e+17
4.81834e+17
5.05488e+17
5.55313e+17
5.26132e+17
6.28609e+17
6.74973e+17
8.35805e+17
9.21729e+17
1.43437e+18
4.50908e+18
5.30668e+18
5.36105e+18
1.93855e+18
3.54513e+18
3.5776e+18
2.22249e+18
8.93615e+17
6.75719e+17
4.5781e+17
4.51099e+17
4.19999e+17
4.01458e+17
3.67211e+17
3.59473e+17
3.09381e+17
3.17184e+17
2.75532e+17
2.62573e+17
2.16132e+17
2.28508e+17
2.02394e+17
2.03679e+17
2.07711e+17
1.8759e+17
1.63613e+17
1.7045e+17
1.25526e+17
1.26428e+17
1.11245e+17
1.1434e+17
9.53596e+16
8.18704e+16
8.88143e+16
7.71603e+16
7.05748e+16
7.12726e+16
7.08719e+16
7.31199e+16
6.46321e+16
6.03349e+16
5.70518e+16
5.22453e+16
5.88679e+16
7.03457e+16
6.71802e+16
7.50659e+16
7.60705e+16
7.88955e+16
2.32379e+14
1.64399e+14
3.15218e+14
2.20131e+14
1.98835e+14
1.84187e+14
3.38065e+14
3.65084e+14
4.52731e+14
4.13918e+14
3.76048e+14
3.85499e+14
1.99222e+14
1.79912e+14
2.28915e+14
1.45868e+14
1.21404e+14
1.16572e+14
1.25665e+14
7.94425e+13
3.44134e+13
3.03764e+13
1.69004e+13
9.67017e+12
1.75327e+13
5.72555e+12
1.5142e+13
1.49254e+13
1.21006e+13
1.10458e+13
4.34137e+12
4.22908e+12
5.04496e+11
4.4506e+11
6.34815e+11
7.72173e+11
4.97909e+11
5.11907e+11
3.44027e+12
5.3943e+12
2.4258e+12
7.96466e+11
1.58809e+13
1.57348e+13
3.25298e+12
6.77639e+12
1.18216e+13
1.10842e+13
9.90428e+12
1.00951e+13
1.39956e+13
1.3969e+13
7.77826e+12
4.22622e+13
3.61155e+13
2.99113e+13
5.31902e+13
6.54684e+13
9.6008e+13
6.9912e+13
2.93147e+13
2.59093e+13
4.99587e+13
2.66237e+13
3.46609e+13
2.0531e+13
3.08813e+13
1.92212e+13
6.74644e+12
1.21467e+13
4.72567e+13
5.53569e+13
5.11826e+13
6.13401e+13
6.2235e+13
4.40075e+13
9.44264e+13
1.28881e+14
1.04802e+14
6.30102e+13
1.35936e+14
1.15595e+14
1.26693e+14
1.34066e+14
2.04355e+14
1.27538e+14
1.57529e+14
1.77937e+14
1.07148e+14
9.24259e+13
8.53499e+13
1.22764e+14
1.13057e+14
1.46085e+14
2.35367e+14
2.20254e+14
8.74479e+16
9.75119e+16
9.08935e+16
1.00453e+17
7.99518e+16
8.69017e+16
9.29541e+16
9.42055e+16
9.31667e+16
1.07475e+17
1.01307e+17
9.51061e+16
9.67753e+16
1.06037e+17
8.1453e+16
7.36731e+16
6.42392e+16
6.51984e+16
6.09072e+16
7.56462e+16
6.2258e+16
7.15877e+16
8.45147e+16
9.53895e+16
9.65742e+16
1.03214e+17
1.01596e+17
1.13094e+17
1.40128e+17
1.84816e+17
2.40999e+17
2.51732e+17
2.80515e+17
2.87787e+17
3.19165e+17
3.25969e+17
3.57132e+17
4.17174e+17
4.68368e+17
5.13866e+17
5.29983e+17
5.49033e+17
6.03e+17
6.88084e+17
8.88913e+17
9.55327e+17
1.58711e+18
5.71818e+18
5.37815e+18
5.28373e+18
1.87378e+18
3.22651e+18
3.00111e+18
1.9406e+18
7.64804e+17
6.23061e+17
4.70917e+17
4.1902e+17
4.21037e+17
4.2376e+17
3.43317e+17
3.34453e+17
2.81536e+17
2.82776e+17
2.64889e+17
2.44784e+17
2.10248e+17
2.01131e+17
2.12368e+17
1.99608e+17
1.84813e+17
1.80845e+17
1.49108e+17
1.64293e+17
1.19936e+17
1.08471e+17
1.17085e+17
1.04595e+17
8.60343e+16
9.57566e+16
7.01982e+16
6.7459e+16
6.47462e+16
6.49886e+16
6.00826e+16
5.76704e+16
6.2603e+16
6.1135e+16
5.38852e+16
5.6437e+16
5.17557e+16
5.99122e+16
7.32977e+16
7.44544e+16
7.6108e+16
8.00058e+16
2.96689e+14
4.44722e+14
2.73266e+14
2.31081e+14
2.19381e+14
3.16888e+14
4.74521e+14
4.89988e+14
4.84282e+14
4.59027e+14
4.23885e+14
4.2044e+14
2.90689e+14
1.89617e+14
3.07156e+14
2.03078e+14
1.69415e+14
1.62221e+14
1.65035e+14
1.37841e+14
8.09429e+13
4.54956e+13
1.1879e+13
1.59978e+13
1.90072e+13
4.34054e+12
1.60651e+13
1.42302e+13
1.40948e+13
1.00174e+13
4.4757e+12
4.49175e+12
5.86048e+11
5.78763e+11
7.19459e+11
7.54041e+11
6.27259e+11
5.39671e+11
3.62347e+12
5.09664e+12
2.34717e+12
8.18523e+11
1.06698e+13
1.24599e+13
3.43611e+12
7.15486e+12
1.18405e+13
1.45543e+13
1.79951e+13
1.70128e+13
1.94275e+13
1.69864e+13
1.04222e+13
2.56318e+13
5.27547e+13
2.88826e+13
5.61606e+13
8.38073e+13
1.05205e+14
5.91946e+13
3.07396e+13
2.52694e+13
5.7151e+13
2.95341e+13
3.53666e+13
2.11415e+13
3.2812e+13
2.01392e+13
6.83924e+12
1.62336e+13
4.04728e+13
6.95229e+13
3.78317e+13
5.21566e+13
6.80192e+13
4.93516e+13
1.24217e+14
1.29821e+14
1.35757e+14
6.42067e+13
1.48588e+14
1.92474e+14
1.68883e+14
1.8155e+14
2.26633e+14
1.69402e+14
1.59732e+14
1.51324e+14
1.85933e+14
1.085e+14
1.02658e+14
1.40308e+14
1.50121e+14
2.42782e+14
2.1315e+14
3.68788e+14
7.68899e+16
8.0699e+16
7.32955e+16
8.3799e+16
7.73313e+16
7.06749e+16
8.24158e+16
9.30075e+16
8.76784e+16
9.2048e+16
1.03275e+17
9.91285e+16
8.48039e+16
8.6231e+16
7.33804e+16
7.41276e+16
6.59193e+16
6.16147e+16
5.73621e+16
6.18083e+16
6.92357e+16
6.52133e+16
7.76861e+16
7.96113e+16
9.67197e+16
1.02251e+17
1.12605e+17
1.17947e+17
1.43988e+17
1.70155e+17
2.17266e+17
2.32864e+17
2.49898e+17
2.82036e+17
3.29492e+17
3.22289e+17
3.52965e+17
3.96325e+17
4.50843e+17
4.83629e+17
5.31202e+17
5.52897e+17
6.19563e+17
6.87916e+17
8.47628e+17
9.75507e+17
1.77953e+18
6.99452e+18
5.53022e+18
5.14041e+18
1.94389e+18
3.19663e+18
2.15428e+18
1.48995e+18
6.99039e+17
5.82095e+17
4.74249e+17
4.37684e+17
4.12924e+17
3.73905e+17
2.86613e+17
3.35512e+17
2.89468e+17
2.85021e+17
2.43893e+17
2.21329e+17
2.20793e+17
1.94483e+17
1.86975e+17
2.0382e+17
1.88079e+17
1.77682e+17
1.53251e+17
1.52744e+17
1.20968e+17
1.12116e+17
1.08904e+17
1.16736e+17
8.77e+16
8.53111e+16
6.08381e+16
5.92851e+16
5.47977e+16
6.08787e+16
5.64839e+16
4.98359e+16
5.2074e+16
5.33558e+16
5.15393e+16
4.92994e+16
5.02917e+16
5.42685e+16
7.06586e+16
7.1384e+16
6.90506e+16
7.16139e+16
3.29237e+14
1.8015e+14
2.5427e+14
1.83132e+14
2.82761e+14
3.3667e+14
5.40082e+14
5.02541e+14
6.02923e+14
5.3508e+14
4.70455e+14
4.35739e+14
2.72055e+14
2.67422e+14
3.68998e+14
2.03083e+14
1.69514e+14
1.35433e+14
1.42339e+14
1.09558e+14
1.09031e+14
5.61504e+13
1.30417e+13
1.4857e+13
1.56184e+13
3.10755e+12
1.66592e+13
1.29974e+13
2.75386e+13
8.32105e+12
6.95147e+12
1.93675e+12
4.23774e+12
7.95378e+11
6.92691e+11
7.64767e+11
3.77949e+12
1.04811e+13
3.90558e+12
4.79993e+12
2.2646e+12
9.00668e+11
5.81825e+12
1.13243e+13
4.35377e+12
7.41796e+12
1.37669e+13
2.05303e+13
4.48845e+12
3.76952e+12
8.29046e+12
2.04034e+13
1.39446e+13
1.11587e+13
6.74419e+13
3.3894e+13
6.96684e+13
8.53198e+13
1.2065e+14
6.12916e+13
5.77084e+13
3.02e+13
6.17253e+13
3.62588e+13
3.74161e+13
2.75009e+13
3.35799e+13
2.20965e+13
1.05292e+13
1.98656e+13
3.95941e+13
6.818e+13
3.63634e+13
7.24475e+13
7.41344e+13
6.50514e+13
1.05903e+14
1.39994e+14
1.42297e+14
8.0351e+13
1.47381e+14
2.04951e+14
2.56245e+14
2.53237e+14
2.65216e+14
1.65688e+14
1.61826e+14
2.42659e+14
1.83727e+14
1.29265e+14
1.29659e+14
1.43507e+14
1.91111e+14
1.79503e+14
5.02175e+14
3.50543e+14
6.69186e+16
6.98198e+16
6.40259e+16
6.44912e+16
7.0738e+16
6.87001e+16
6.70964e+16
8.1142e+16
8.94644e+16
8.94975e+16
8.78776e+16
8.74631e+16
7.38839e+16
7.59519e+16
7.21087e+16
6.38109e+16
5.65547e+16
6.82501e+16
5.97717e+16
6.36635e+16
6.21693e+16
7.35148e+16
7.64181e+16
8.16656e+16
9.89839e+16
9.33191e+16
9.74095e+16
1.08422e+17
1.46162e+17
1.69384e+17
2.31058e+17
2.71467e+17
2.53472e+17
2.77796e+17
3.04743e+17
3.12772e+17
3.36844e+17
3.79327e+17
4.23723e+17
4.54944e+17
4.97574e+17
5.79002e+17
6.37809e+17
6.44639e+17
8.73202e+17
1.01705e+18
2.1195e+18
8.12212e+18
5.57176e+18
5.05256e+18
1.75017e+18
2.73977e+18
1.64676e+18
1.20661e+18
6.73326e+17
5.8176e+17
4.90668e+17
4.23793e+17
3.82844e+17
3.59173e+17
3.18511e+17
2.96897e+17
2.9685e+17
2.88484e+17
2.25344e+17
2.17698e+17
2.08335e+17
1.88049e+17
1.96599e+17
1.86497e+17
1.65448e+17
1.63296e+17
1.3488e+17
1.288e+17
1.18852e+17
1.12476e+17
1.04417e+17
1.06481e+17
8.91805e+16
7.36186e+16
5.52777e+16
5.38129e+16
5.01205e+16
4.91833e+16
4.4961e+16
4.26697e+16
4.42535e+16
4.78767e+16
4.22953e+16
4.91382e+16
4.7071e+16
4.97537e+16
4.94763e+16
5.63409e+16
5.78737e+16
6.22971e+16
2.16339e+14
1.57902e+14
2.14069e+14
2.66375e+14
3.25658e+14
4.10572e+14
6.11315e+14
5.59781e+14
6.38802e+14
5.74399e+14
5.61453e+14
4.18576e+14
3.43e+14
3.17745e+14
3.27889e+14
2.11503e+14
1.69939e+14
1.66661e+14
2.42286e+14
1.59535e+14
1.03949e+14
4.77096e+13
1.33819e+13
2.00444e+13
1.02103e+13
2.56183e+12
1.57524e+13
1.15159e+13
2.57644e+13
1.01076e+13
6.19112e+12
2.40432e+12
6.15288e+12
1.19904e+13
7.3586e+11
8.07555e+11
2.87876e+12
3.04705e+12
4.77831e+12
4.45579e+12
2.3938e+12
1.34245e+12
1.00428e+13
1.16464e+13
3.88134e+12
7.308e+12
1.01228e+13
1.24493e+13
4.00547e+12
5.23349e+12
1.1041e+13
1.0405e+13
1.92996e+13
1.54425e+13
6.94197e+13
4.75875e+13
8.59734e+13
1.32628e+14
1.86136e+14
7.7086e+13
7.61773e+13
5.53303e+13
8.14814e+13
7.1354e+13
3.83885e+13
2.95735e+13
4.02774e+13
2.47088e+13
1.10688e+13
2.05643e+13
6.05459e+13
8.81665e+13
4.25027e+13
5.21122e+13
8.85098e+13
7.06248e+13
9.82372e+13
1.58124e+14
1.63256e+14
1.08364e+14
1.82536e+14
1.99214e+14
3.16707e+14
3.03238e+14
2.46327e+14
1.65831e+14
1.98581e+14
1.96983e+14
2.02956e+14
1.97947e+14
1.66991e+14
1.44654e+14
2.30129e+14
3.67413e+14
2.39921e+14
2.55569e+14
5.01444e+16
5.93199e+16
5.49217e+16
5.88587e+16
5.88407e+16
6.39828e+16
5.96263e+16
7.46539e+16
8.24449e+16
8.75617e+16
8.23902e+16
8.23704e+16
6.25174e+16
6.18409e+16
6.48458e+16
7.07503e+16
5.15976e+16
5.62186e+16
5.89803e+16
5.96507e+16
5.69401e+16
6.02645e+16
6.96483e+16
7.96296e+16
8.26841e+16
9.43981e+16
1.14852e+17
1.05935e+17
1.42085e+17
1.82352e+17
2.27957e+17
2.32624e+17
2.5819e+17
2.5277e+17
3.32312e+17
3.2843e+17
3.71245e+17
3.7669e+17
4.46024e+17
4.36562e+17
4.94268e+17
5.50971e+17
6.29902e+17
7.15921e+17
9.01778e+17
1.05855e+18
2.43878e+18
8.91002e+18
5.54653e+18
4.82517e+18
1.5385e+18
2.19138e+18
1.24878e+18
9.99222e+17
6.03185e+17
5.45956e+17
4.28066e+17
4.00755e+17
3.59052e+17
3.64188e+17
3.01325e+17
2.706e+17
2.6696e+17
2.72177e+17
2.12561e+17
2.05651e+17
1.85217e+17
1.73597e+17
1.75241e+17
1.82102e+17
1.65161e+17
1.45925e+17
1.27101e+17
1.22216e+17
1.16533e+17
1.04433e+17
8.43637e+16
9.07057e+16
7.36709e+16
7.49066e+16
5.36013e+16
5.00693e+16
4.19408e+16
4.63511e+16
4.30624e+16
4.12442e+16
3.67145e+16
3.68418e+16
3.84107e+16
4.02967e+16
4.15898e+16
4.89843e+16
5.02453e+16
5.3845e+16
4.2419e+16
5.22503e+16
2.50797e+14
2.68772e+14
2.17843e+14
2.79514e+14
3.01705e+14
3.26887e+14
5.71598e+14
5.98675e+14
7.14726e+14
5.98332e+14
5.93188e+14
5.08562e+14
3.92003e+14
3.72942e+14
4.59204e+14
2.49465e+14
2.18821e+14
1.7668e+14
2.35857e+14
1.92414e+14
1.17428e+14
7.15204e+13
1.4518e+13
2.39123e+13
1.11252e+13
3.8946e+12
2.55685e+13
2.58384e+13
3.05805e+13
6.13972e+12
5.78296e+12
3.22727e+12
5.48858e+12
1.2836e+13
1.41221e+12
6.49431e+12
4.00757e+12
1.00956e+13
8.79815e+12
5.2281e+12
4.84379e+12
3.30609e+12
1.10388e+13
8.43222e+12
7.79088e+12
7.11735e+12
9.93415e+12
1.15098e+13
3.54894e+12
6.46406e+12
1.66486e+13
6.4219e+12
2.2156e+13
1.77374e+13
7.44752e+13
5.34997e+13
1.09688e+14
1.04826e+14
1.93452e+14
8.48482e+13
8.66311e+13
6.08497e+13
1.10899e+14
7.42869e+13
5.04065e+13
2.80917e+13
6.36972e+13
2.71817e+13
1.63394e+13
2.45902e+13
5.41976e+13
8.50984e+13
6.65334e+13
1.02308e+14
1.12015e+14
8.94073e+13
1.10999e+14
1.65367e+14
2.44106e+14
2.17783e+14
1.6715e+14
2.32938e+14
3.51765e+14
2.74802e+14
2.88262e+14
2.1077e+14
2.29653e+14
2.21622e+14
2.37546e+14
2.43092e+14
2.17362e+14
1.54146e+14
2.30248e+14
2.61081e+14
1.46129e+14
1.92818e+14
4.51834e+16
4.63751e+16
4.83897e+16
4.99794e+16
4.70233e+16
5.47634e+16
6.51967e+16
6.56614e+16
6.93272e+16
7.58185e+16
8.06375e+16
6.82109e+16
5.97743e+16
5.95629e+16
6.39835e+16
6.84624e+16
5.2709e+16
5.26251e+16
5.43624e+16
5.57061e+16
5.97758e+16
5.96037e+16
6.20646e+16
7.13478e+16
8.17086e+16
8.54489e+16
9.08537e+16
1.07996e+17
1.33717e+17
1.7246e+17
2.1458e+17
2.26766e+17
2.53449e+17
2.65643e+17
3.22772e+17
3.10941e+17
3.48549e+17
4.08565e+17
4.30383e+17
4.39712e+17
4.77948e+17
5.48241e+17
6.63143e+17
7.33513e+17
9.70755e+17
1.12438e+18
2.84531e+18
9.56091e+18
5.71276e+18
4.66919e+18
1.44432e+18
1.73386e+18
9.90491e+17
8.45311e+17
5.67296e+17
5.09461e+17
3.8057e+17
3.94815e+17
3.36904e+17
3.31907e+17
2.78709e+17
2.68812e+17
2.36915e+17
2.50912e+17
2.10961e+17
2.01603e+17
2.02154e+17
1.83947e+17
1.71504e+17
1.6081e+17
1.64634e+17
1.37438e+17
1.24753e+17
1.15038e+17
1.12278e+17
1.03851e+17
8.00028e+16
7.34424e+16
7.00413e+16
6.21743e+16
4.84812e+16
4.63977e+16
3.92642e+16
4.02231e+16
3.94192e+16
4.05583e+16
3.37638e+16
3.57126e+16
3.4882e+16
3.68437e+16
3.512e+16
4.10575e+16
3.93777e+16
4.23011e+16
3.85986e+16
3.52483e+16
2.70343e+14
3.88721e+14
2.96556e+14
3.81328e+14
3.61285e+14
3.82233e+14
7.14003e+14
7.40902e+14
8.16658e+14
6.89098e+14
7.03635e+14
6.61578e+14
5.08536e+14
5.6186e+14
5.04192e+14
3.95703e+14
3.06137e+14
2.21669e+14
1.94053e+14
1.31132e+14
1.62667e+14
7.95721e+13
3.87955e+13
3.04839e+13
1.39443e+13
4.2081e+12
6.21666e+13
3.40051e+13
2.07144e+13
4.93896e+12
7.00671e+12
6.57144e+12
7.60518e+12
1.95393e+13
8.51069e+11
1.20498e+13
4.4937e+12
8.29438e+12
1.32747e+13
4.4422e+12
7.2429e+12
1.16113e+13
1.3459e+13
8.83538e+12
1.14433e+13
1.62634e+13
9.36509e+12
1.16951e+13
3.29646e+12
6.6959e+12
1.23037e+13
7.81269e+12
2.11364e+13
3.02741e+13
9.84537e+13
6.91238e+13
1.307e+14
1.25702e+14
1.77534e+14
1.43027e+14
1.16002e+14
9.15641e+13
1.64788e+14
8.60478e+13
6.05599e+13
4.00225e+13
5.56659e+13
2.80089e+13
1.51197e+13
1.2428e+14
7.43274e+13
7.7876e+13
5.96627e+13
6.56324e+13
1.11502e+14
1.34572e+14
9.30897e+13
1.15252e+14
2.63267e+14
2.20136e+14
1.96217e+14
2.17586e+14
3.45654e+14
3.01818e+14
2.6835e+14
2.28911e+14
2.63417e+14
3.19727e+14
3.19462e+14
3.78178e+14
2.82314e+14
2.58803e+14
1.96678e+14
2.67284e+14
1.38742e+14
2.71543e+14
3.7536e+16
3.47959e+16
3.68201e+16
3.96253e+16
4.71565e+16
5.01742e+16
5.3236e+16
6.13318e+16
5.51121e+16
6.39127e+16
6.32153e+16
6.54026e+16
5.94676e+16
6.22759e+16
5.50579e+16
5.8193e+16
5.12435e+16
4.71801e+16
4.56025e+16
5.19982e+16
5.30672e+16
6.22996e+16
5.78397e+16
6.21182e+16
7.15583e+16
7.02903e+16
8.25637e+16
8.88997e+16
1.29363e+17
1.5005e+17
1.95807e+17
2.23921e+17
2.39842e+17
2.56726e+17
3.03551e+17
3.09043e+17
3.64511e+17
3.78942e+17
4.15296e+17
4.54936e+17
4.79741e+17
5.34925e+17
6.36876e+17
7.3047e+17
9.71377e+17
1.16074e+18
3.07597e+18
1.01005e+19
5.78959e+18
4.50982e+18
1.26608e+18
1.40862e+18
8.5561e+17
7.45363e+17
5.29803e+17
4.7555e+17
4.2575e+17
3.86998e+17
3.42107e+17
3.27905e+17
2.65781e+17
2.5011e+17
2.36802e+17
2.32809e+17
2.01259e+17
1.85953e+17
1.52599e+17
1.64536e+17
1.50938e+17
1.46772e+17
1.43652e+17
1.3455e+17
1.09647e+17
1.0178e+17
9.7699e+16
9.77499e+16
7.60226e+16
7.06452e+16
5.81587e+16
5.67565e+16
3.60048e+16
3.57899e+16
3.04225e+16
3.15333e+16
2.90108e+16
3.00912e+16
2.8104e+16
3.07637e+16
3.11389e+16
3.17574e+16
3.66765e+16
3.68268e+16
3.17216e+16
3.12205e+16
3.37537e+16
3.62963e+16
5.03096e+14
5.46696e+14
4.72591e+14
3.93663e+14
5.38302e+14
5.64644e+14
7.90895e+14
8.91694e+14
9.64417e+14
7.87053e+14
7.46506e+14
7.05941e+14
6.17857e+14
6.64456e+14
4.25416e+14
3.70596e+14
3.04826e+14
2.73085e+14
1.7619e+14
2.03786e+14
1.22945e+14
9.26368e+13
4.65286e+13
3.11123e+13
2.52195e+13
2.89681e+13
4.55056e+13
3.83844e+13
2.04292e+13
7.74885e+12
1.21559e+13
5.674e+12
1.2248e+13
2.3964e+13
8.31926e+12
1.26852e+13
1.82667e+13
1.83783e+13
1.0719e+13
9.51602e+12
1.39323e+13
1.16524e+13
1.1971e+13
1.54573e+13
1.2227e+13
3.08605e+13
2.34394e+13
2.46336e+13
4.44033e+12
7.56222e+12
1.62018e+13
8.14803e+12
2.68662e+13
3.39734e+13
1.95386e+14
7.87553e+13
1.3068e+14
1.25986e+14
1.92527e+14
1.862e+14
1.46384e+14
1.12918e+14
1.44675e+14
9.6697e+13
8.05623e+13
5.95403e+13
4.14634e+13
2.7517e+13
3.45443e+13
6.48804e+13
1.60003e+14
9.99444e+13
5.70138e+13
1.48891e+14
1.75026e+14
1.38959e+14
1.35397e+14
1.68661e+14
2.42606e+14
2.12784e+14
1.96659e+14
2.72494e+14
3.389e+14
3.22743e+14
3.24129e+14
2.80041e+14
2.96052e+14
4.11363e+14
3.63716e+14
3.57033e+14
2.97943e+14
2.39008e+14
2.82338e+14
3.2332e+14
5.01762e+14
5.2188e+14
2.82356e+16
2.89035e+16
3.56774e+16
3.35058e+16
3.94873e+16
4.85379e+16
4.56438e+16
4.84392e+16
5.10507e+16
5.31355e+16
5.55087e+16
5.90283e+16
5.52481e+16
5.59425e+16
5.41533e+16
4.81099e+16
4.96021e+16
4.62699e+16
4.3439e+16
4.41231e+16
4.45261e+16
4.64595e+16
4.86776e+16
5.11234e+16
5.75087e+16
6.4814e+16
7.16156e+16
9.06866e+16
1.18882e+17
1.50007e+17
1.98506e+17
2.00843e+17
2.27994e+17
2.59463e+17
2.7344e+17
2.87069e+17
3.52753e+17
3.66189e+17
3.98328e+17
4.09871e+17
4.52555e+17
4.87725e+17
6.32848e+17
7.09362e+17
9.28971e+17
1.13231e+18
3.43145e+18
1.0291e+19
5.79224e+18
4.24898e+18
1.13495e+18
1.10677e+18
7.67811e+17
6.73809e+17
5.03108e+17
4.83581e+17
3.83542e+17
3.55833e+17
3.1137e+17
3.01996e+17
2.37913e+17
2.31144e+17
2.01063e+17
1.94103e+17
1.59032e+17
1.77976e+17
1.47373e+17
1.52549e+17
1.43321e+17
1.40699e+17
1.29343e+17
1.2293e+17
1.06256e+17
9.99989e+16
8.54819e+16
8.4694e+16
6.57682e+16
6.82466e+16
5.31137e+16
4.7625e+16
3.54775e+16
3.09637e+16
2.4659e+16
2.57342e+16
2.2522e+16
2.18027e+16
2.32421e+16
2.60132e+16
2.75076e+16
3.08615e+16
3.12815e+16
2.94414e+16
2.48231e+16
2.48839e+16
2.10687e+16
2.75371e+16
4.6611e+14
4.35763e+14
4.75252e+14
4.71272e+14
6.58581e+14
7.31973e+14
9.17321e+14
9.66516e+14
1.15121e+15
9.90347e+14
1.04882e+15
8.2794e+14
5.83115e+14
6.51628e+14
4.88722e+14
4.16734e+14
2.85283e+14
2.83362e+14
2.19531e+14
2.12765e+14
1.00068e+14
1.22189e+14
8.78353e+13
7.04226e+13
4.25362e+13
6.33689e+13
1.97365e+13
2.94056e+13
2.03764e+13
7.09392e+12
8.19364e+12
1.22088e+13
6.79928e+12
1.28837e+13
1.95558e+13
1.53537e+13
3.74678e+13
1.77217e+13
2.15874e+13
8.62621e+12
1.53373e+13
7.85184e+12
1.36018e+13
1.72329e+13
1.5558e+13
3.15961e+13
2.23676e+13
2.97079e+13
4.47551e+12
1.00815e+13
1.38525e+13
1.32779e+13
2.81468e+13
4.29035e+13
1.11529e+14
1.31616e+14
1.84598e+14
1.28038e+14
2.17853e+14
1.89801e+14
1.65871e+14
1.21257e+14
1.35172e+14
8.8158e+13
9.42688e+13
6.79998e+13
3.90595e+13
2.99167e+13
1.9838e+13
6.15069e+13
1.39752e+14
1.21351e+14
5.3894e+13
9.25912e+13
1.49546e+14
1.22254e+14
1.89502e+14
1.7851e+14
2.63368e+14
2.42149e+14
2.41939e+14
2.88636e+14
3.69358e+14
3.4823e+14
3.61348e+14
3.83594e+14
4.32943e+14
4.94626e+14
4.12742e+14
4.23484e+14
3.34401e+14
3.39488e+14
3.55412e+14
4.2773e+14
6.22354e+14
5.59301e+14
2.58619e+16
2.34402e+16
2.78376e+16
2.71833e+16
3.19967e+16
3.77095e+16
3.69005e+16
4.15306e+16
4.21769e+16
4.51926e+16
4.53212e+16
5.23557e+16
5.40693e+16
5.31202e+16
4.99734e+16
5.1736e+16
4.44203e+16
4.72663e+16
3.78956e+16
3.83398e+16
4.11041e+16
4.62379e+16
5.29863e+16
5.68818e+16
5.71564e+16
6.6167e+16
7.06079e+16
7.89425e+16
1.20014e+17
1.39221e+17
1.80922e+17
1.95401e+17
2.11466e+17
2.39692e+17
2.66148e+17
2.82403e+17
3.16681e+17
3.53532e+17
3.6174e+17
3.94908e+17
4.6031e+17
4.88115e+17
5.82722e+17
6.81167e+17
9.83497e+17
1.14955e+18
3.70209e+18
1.04539e+19
5.74329e+18
3.86715e+18
1.08046e+18
9.63053e+17
7.1952e+17
6.28742e+17
4.45982e+17
4.09695e+17
3.42937e+17
3.36095e+17
2.96297e+17
2.81796e+17
2.22005e+17
2.10584e+17
1.79166e+17
1.78632e+17
1.49997e+17
1.56577e+17
1.49385e+17
1.31364e+17
1.16863e+17
1.28385e+17
1.18492e+17
1.04494e+17
1.01835e+17
9.63185e+16
7.53953e+16
7.86787e+16
6.20061e+16
6.05813e+16
4.87391e+16
4.19004e+16
2.79625e+16
2.8252e+16
2.37403e+16
2.55983e+16
2.56975e+16
2.08882e+16
2.10733e+16
2.34041e+16
2.22431e+16
2.51916e+16
2.19895e+16
2.18259e+16
2.04695e+16
2.34309e+16
1.76935e+16
1.95394e+16
5.79072e+14
3.63531e+14
4.0525e+14
5.46473e+14
8.52136e+14
9.26755e+14
1.11508e+15
1.25538e+15
1.39267e+15
1.12065e+15
1.0254e+15
9.08074e+14
6.9128e+14
6.36593e+14
5.45476e+14
4.67813e+14
3.30712e+14
3.34521e+14
2.15669e+14
2.20874e+14
1.10731e+14
1.28571e+14
7.84436e+13
7.44358e+13
6.08345e+13
5.55316e+13
1.63493e+13
2.24481e+13
1.94595e+13
1.16214e+13
3.65953e+13
2.81174e+13
6.32556e+12
1.14623e+13
2.47397e+13
1.45385e+13
6.45822e+13
4.38529e+13
2.30547e+13
1.69908e+13
1.39303e+13
1.31509e+13
2.75823e+13
2.90122e+13
3.04669e+13
4.71446e+13
2.46205e+13
2.8115e+13
4.10487e+12
1.62737e+13
1.11142e+13
1.60834e+13
3.79182e+13
4.93636e+13
1.5569e+14
1.10117e+14
2.12629e+14
1.93962e+14
2.16577e+14
2.91372e+14
1.84698e+14
1.5945e+14
1.24205e+14
6.16589e+13
1.13968e+14
7.43418e+13
3.75103e+13
3.09553e+13
1.85037e+13
4.74671e+13
1.04467e+14
1.05725e+14
6.96142e+13
1.06333e+14
1.62183e+14
1.51182e+14
2.16102e+14
1.95798e+14
3.27306e+14
3.54698e+14
3.6973e+14
3.74575e+14
4.33123e+14
4.37367e+14
4.06199e+14
3.91778e+14
5.79211e+14
6.58952e+14
5.42658e+14
5.03745e+14
4.82065e+14
3.96943e+14
4.94157e+14
3.86325e+14
5.38558e+14
5.49921e+14
2.0458e+16
2.3622e+16
2.44668e+16
2.65192e+16
2.73517e+16
3.04853e+16
3.07572e+16
3.61018e+16
3.42607e+16
3.68884e+16
3.93412e+16
4.67791e+16
4.59718e+16
4.99829e+16
4.10355e+16
4.49768e+16
4.42943e+16
4.56473e+16
3.58827e+16
3.68062e+16
3.57915e+16
3.99826e+16
4.54158e+16
4.93895e+16
4.24697e+16
5.28147e+16
6.36317e+16
6.9975e+16
1.12224e+17
1.3275e+17
1.71106e+17
1.85123e+17
1.98087e+17
2.10951e+17
2.51232e+17
2.59019e+17
2.91044e+17
3.1755e+17
3.61921e+17
3.81239e+17
4.46668e+17
4.91468e+17
5.68711e+17
6.72335e+17
9.50025e+17
1.16755e+18
4.00706e+18
1.04569e+19
5.8638e+18
3.69101e+18
1.00421e+18
8.78861e+17
5.95812e+17
5.3499e+17
4.08369e+17
3.7168e+17
3.17488e+17
3.11755e+17
2.63136e+17
2.47324e+17
1.95623e+17
1.92841e+17
1.62173e+17
1.68405e+17
1.44916e+17
1.42881e+17
1.22892e+17
1.23613e+17
1.13225e+17
1.11375e+17
1.09211e+17
9.00807e+16
8.89978e+16
8.2932e+16
6.47212e+16
6.85761e+16
5.88043e+16
5.6145e+16
4.86439e+16
3.63916e+16
2.60389e+16
2.39196e+16
2.26888e+16
2.12361e+16
1.92864e+16
2.3157e+16
2.07321e+16
2.04284e+16
1.9222e+16
2.20257e+16
1.70003e+16
1.68222e+16
1.36111e+16
1.81854e+16
1.57497e+16
1.63506e+16
4.5227e+14
4.93551e+14
5.44692e+14
6.09738e+14
1.01165e+15
1.1646e+15
1.39579e+15
1.44622e+15
1.61617e+15
1.41559e+15
1.24867e+15
1.12095e+15
9.63788e+14
7.08275e+14
6.52091e+14
5.80543e+14
4.32452e+14
3.31754e+14
2.94049e+14
2.70195e+14
1.91615e+14
1.01056e+14
9.06184e+13
1.26131e+14
7.62682e+13
5.14974e+13
2.35392e+13
3.20018e+13
1.55972e+13
1.36218e+13
3.82692e+13
3.96374e+13
4.48777e+12
7.18394e+12
2.31654e+13
1.31958e+13
2.22378e+13
3.39928e+13
2.30286e+13
1.15369e+13
3.84165e+13
3.05825e+13
4.63074e+13
1.63311e+13
3.8097e+13
4.62007e+13
2.6303e+13
2.6551e+13
3.83032e+12
1.63838e+13
1.42608e+13
1.68089e+13
5.54362e+13
7.30591e+13
2.09999e+14
1.68586e+14
2.2682e+14
2.62072e+14
2.18748e+14
3.12465e+14
1.82534e+14
1.81499e+14
1.57838e+14
7.54361e+13
1.47451e+14
8.59811e+13
3.34163e+13
3.23082e+13
2.056e+13
4.49661e+13
8.58512e+13
1.31682e+14
7.75252e+13
1.30039e+14
1.54048e+14
1.82399e+14
2.33898e+14
2.54869e+14
3.65191e+14
3.65932e+14
3.26209e+14
3.64673e+14
5.02376e+14
4.83076e+14
4.97012e+14
3.85688e+14
6.51794e+14
7.95917e+14
7.38245e+14
6.88014e+14
5.30554e+14
6.03679e+14
5.55704e+14
4.96598e+14
5.6939e+14
4.82594e+14
1.56883e+16
1.91391e+16
2.02313e+16
2.3253e+16
1.95406e+16
2.34729e+16
2.29129e+16
2.65939e+16
2.9234e+16
3.27495e+16
3.4862e+16
3.99339e+16
3.97163e+16
4.62077e+16
3.98925e+16
4.02045e+16
3.71944e+16
3.83893e+16
3.48246e+16
3.77893e+16
3.49109e+16
3.89195e+16
3.89176e+16
4.29513e+16
4.32945e+16
4.84827e+16
5.5049e+16
6.77403e+16
9.55323e+16
1.16817e+17
1.53896e+17
1.56182e+17
1.78105e+17
1.87466e+17
2.34415e+17
2.23846e+17
2.76409e+17
3.14441e+17
3.42469e+17
3.64757e+17
4.05894e+17
4.60403e+17
5.61289e+17
6.42187e+17
9.35383e+17
1.17771e+18
4.10142e+18
1.0395e+19
5.84729e+18
3.45523e+18
9.51035e+17
8.11276e+17
5.78277e+17
4.87765e+17
3.88417e+17
3.41681e+17
2.75308e+17
2.80703e+17
2.48758e+17
2.24838e+17
1.78558e+17
1.73352e+17
1.65667e+17
1.52957e+17
1.23226e+17
1.29022e+17
1.08829e+17
1.05996e+17
1.05499e+17
1.06902e+17
9.50716e+16
9.07785e+16
7.54911e+16
8.07886e+16
6.20468e+16
5.8372e+16
5.78056e+16
4.718e+16
3.56067e+16
3.23455e+16
2.42504e+16
2.51341e+16
1.84716e+16
1.85349e+16
1.70445e+16
1.88551e+16
1.69061e+16
2.01685e+16
1.57893e+16
1.55737e+16
1.22546e+16
1.44782e+16
1.28164e+16
1.37596e+16
1.32111e+16
1.35721e+16
5.11806e+14
3.96642e+14
6.81199e+14
7.71725e+14
1.18564e+15
1.36459e+15
1.88526e+15
1.9021e+15
2.08145e+15
1.72124e+15
1.38123e+15
1.30851e+15
1.10668e+15
8.49681e+14
8.2851e+14
6.0935e+14
6.04947e+14
3.74944e+14
3.37259e+14
2.96731e+14
2.02637e+14
1.33869e+14
1.02308e+14
1.34829e+14
9.20271e+13
6.63605e+13
8.4449e+13
4.44118e+13
2.46355e+13
8.05475e+12
3.98644e+13
4.23818e+13
4.8126e+12
7.00474e+12
3.41063e+13
2.17249e+13
2.6363e+13
8.73613e+12
2.96776e+13
2.26751e+13
1.81777e+13
9.38698e+12
1.86846e+13
7.69757e+12
3.3001e+13
6.32729e+13
6.12244e+13
2.03188e+13
7.62142e+12
1.3052e+13
1.85975e+13
2.13077e+13
1.02276e+14
1.17086e+14
2.9226e+14
2.34377e+14
2.56099e+14
3.01813e+14
2.51755e+14
3.46204e+14
1.91127e+14
1.92362e+14
2.99219e+14
1.60067e+14
1.48682e+14
9.65125e+13
3.17787e+13
3.35576e+13
4.0277e+13
5.34114e+13
7.83506e+13
1.05501e+14
1.40876e+14
1.33358e+14
1.64362e+14
2.51593e+14
2.7993e+14
3.03016e+14
4.06831e+14
4.16056e+14
4.08485e+14
4.17852e+14
5.75303e+14
5.29557e+14
5.15848e+14
4.86509e+14
7.97881e+14
8.97379e+14
8.71527e+14
7.06868e+14
7.65375e+14
6.32974e+14
5.66364e+14
5.51139e+14
6.42578e+14
5.15555e+14
1.52119e+16
1.38631e+16
1.61994e+16
1.63138e+16
1.36801e+16
1.53347e+16
1.78683e+16
2.19389e+16
2.46455e+16
2.76748e+16
2.92292e+16
3.19001e+16
3.88729e+16
3.86202e+16
4.09044e+16
3.6024e+16
3.28819e+16
3.39336e+16
3.34366e+16
3.63665e+16
3.20573e+16
3.67678e+16
3.54861e+16
3.97671e+16
4.29599e+16
4.51956e+16
5.04186e+16
6.26144e+16
9.08723e+16
1.18589e+17
1.47083e+17
1.51702e+17
1.6402e+17
1.9025e+17
2.18235e+17
2.21858e+17
2.48083e+17
2.78382e+17
2.86735e+17
3.36936e+17
3.75013e+17
4.43086e+17
5.19413e+17
6.34086e+17
9.2253e+17
1.16595e+18
4.20675e+18
1.01324e+19
5.74868e+18
3.09905e+18
8.83578e+17
7.36059e+17
5.21288e+17
4.52943e+17
3.53777e+17
3.18568e+17
2.52522e+17
2.52539e+17
2.09746e+17
2.0437e+17
1.59567e+17
1.79167e+17
1.38565e+17
1.36754e+17
1.12155e+17
1.17032e+17
1.07478e+17
1.09593e+17
8.52507e+16
9.54509e+16
7.90643e+16
8.05596e+16
6.34554e+16
5.59576e+16
5.9237e+16
5.78545e+16
4.36899e+16
4.72789e+16
3.35086e+16
2.94182e+16
2.1844e+16
1.84481e+16
1.6965e+16
1.55423e+16
1.71811e+16
1.51871e+16
1.38265e+16
1.56172e+16
1.26634e+16
1.10445e+16
1.01603e+16
1.13157e+16
1.03303e+16
1.05494e+16
1.13479e+16
1.20594e+16
6.42044e+14
5.27762e+14
7.6465e+14
9.53326e+14
1.56894e+15
1.74432e+15
2.36917e+15
2.28026e+15
2.59618e+15
2.15771e+15
1.89797e+15
1.69313e+15
1.42699e+15
1.06317e+15
1.03177e+15
7.97752e+14
6.45788e+14
5.91737e+14
4.95862e+14
3.34552e+14
1.8167e+14
1.45057e+14
1.21586e+14
1.34771e+14
1.17447e+14
1.02543e+14
7.72291e+13
4.61338e+13
3.90312e+13
1.14509e+13
3.57477e+13
6.5404e+13
2.36002e+13
8.79956e+12
7.3899e+13
3.58939e+13
2.7986e+13
1.43589e+13
3.52615e+13
2.51326e+13
2.16191e+13
2.38674e+13
2.27548e+13
2.07009e+13
3.29216e+13
5.29186e+13
4.05681e+13
1.98899e+13
1.31271e+13
7.13308e+12
3.6673e+13
1.50713e+13
1.578e+14
1.41194e+14
3.40076e+14
2.98249e+14
2.61139e+14
2.97404e+14
2.517e+14
3.89027e+14
2.19356e+14
2.32894e+14
2.47784e+14
1.64119e+14
1.62294e+14
9.2761e+13
3.98138e+13
4.32457e+13
4.80744e+13
8.65133e+13
8.52437e+13
1.22428e+14
1.10547e+14
1.48805e+14
2.41378e+14
2.05466e+14
4.18276e+14
4.40043e+14
4.82494e+14
4.96724e+14
5.70294e+14
4.61219e+14
6.92284e+14
6.44984e+14
7.27167e+14
6.64492e+14
1.00203e+15
1.17187e+15
1.38075e+15
1.07907e+15
8.9606e+14
8.13978e+14
6.44258e+14
5.4734e+14
4.7721e+14
5.40585e+14
1.18579e+16
1.29795e+16
1.14769e+16
1.28965e+16
1.26287e+16
1.38854e+16
1.25141e+16
1.56327e+16
2.28727e+16
2.55809e+16
2.55091e+16
2.83869e+16
3.20245e+16
3.63093e+16
3.35854e+16
3.52914e+16
3.02254e+16
3.22239e+16
3.09723e+16
3.33026e+16
2.81114e+16
2.66408e+16
2.96265e+16
3.08681e+16
3.98829e+16
3.93859e+16
4.62305e+16
5.48162e+16
7.63053e+16
1.05209e+17
1.24173e+17
1.38524e+17
1.66996e+17
1.83851e+17
2.0267e+17
2.06229e+17
2.24866e+17
2.599e+17
2.75848e+17
3.07108e+17
3.39499e+17
4.03379e+17
4.69174e+17
5.74088e+17
8.80462e+17
1.12183e+18
4.22966e+18
8.31899e+18
5.54134e+18
2.82639e+18
8.02377e+17
6.68548e+17
4.58342e+17
3.94458e+17
2.7975e+17
2.54113e+17
2.2256e+17
2.19131e+17
1.90085e+17
1.73562e+17
1.46958e+17
1.43e+17
1.30133e+17
1.05514e+17
1.01864e+17
9.75665e+16
8.29534e+16
9.10657e+16
7.36206e+16
7.43294e+16
7.01752e+16
7.00165e+16
5.36515e+16
4.88784e+16
4.79817e+16
4.60913e+16
3.76491e+16
3.57543e+16
2.64482e+16
2.10059e+16
2.00784e+16
1.95485e+16
1.65201e+16
1.5536e+16
1.21994e+16
1.28169e+16
1.10491e+16
1.22992e+16
9.18394e+15
9.66456e+15
7.78433e+15
7.61704e+15
8.86637e+15
9.13628e+15
8.8081e+15
1.0278e+16
4.73564e+14
6.42813e+14
1.00019e+15
1.12435e+15
2.06127e+15
2.29761e+15
3.18498e+15
2.9941e+15
3.241e+15
2.66197e+15
2.70955e+15
2.32085e+15
1.70501e+15
1.27739e+15
1.53443e+15
1.07475e+15
7.27005e+14
6.1008e+14
6.6637e+14
3.63656e+14
2.45507e+14
2.57042e+14
1.60054e+14
9.84001e+13
1.35512e+14
1.04549e+14
9.89666e+13
5.17662e+13
4.29674e+13
2.43531e+13
3.67325e+13
5.92593e+13
3.08377e+13
2.53389e+13
7.12403e+13
5.84304e+13
3.27328e+13
3.78505e+13
3.96516e+13
2.4071e+13
4.59799e+13
4.97433e+13
2.68388e+13
1.98943e+13
3.387e+13
5.61331e+13
3.00683e+13
2.43886e+13
1.35959e+13
8.23995e+12
4.45467e+13
4.56082e+13
2.18998e+14
2.89204e+14
4.2937e+14
4.14734e+14
3.54212e+14
2.81916e+14
3.57326e+14
4.35744e+14
3.41898e+14
2.58803e+14
2.94209e+14
1.8189e+14
1.62748e+14
1.03292e+14
6.25879e+13
7.45627e+13
7.52704e+13
6.54937e+13
1.23985e+14
1.37882e+14
2.08113e+14
3.20899e+14
2.69459e+14
2.83731e+14
5.6841e+14
5.58507e+14
5.78205e+14
5.36043e+14
7.04807e+14
5.89201e+14
7.74387e+14
6.73946e+14
7.15295e+14
7.04465e+14
1.13644e+15
1.27654e+15
1.79472e+15
1.61596e+15
1.2915e+15
8.79247e+14
8.27619e+14
7.15601e+14
6.14235e+14
6.2091e+14
9.92791e+15
8.72368e+15
8.26638e+15
1.04842e+16
9.9196e+15
1.02451e+16
1.0026e+16
1.19711e+16
1.51149e+16
2.10752e+16
2.31193e+16
2.63802e+16
2.78356e+16
3.19234e+16
3.09656e+16
3.34242e+16
2.7121e+16
2.70551e+16
2.79522e+16
2.81286e+16
2.85509e+16
2.70282e+16
2.74278e+16
3.05036e+16
3.84547e+16
4.39933e+16
4.46315e+16
5.33514e+16
6.67516e+16
9.04411e+16
1.16442e+17
1.25954e+17
1.48187e+17
1.68182e+17
1.79599e+17
1.93164e+17
2.10861e+17
2.41359e+17
2.68541e+17
2.93122e+17
3.19303e+17
3.66637e+17
4.47661e+17
5.45344e+17
8.31426e+17
1.09009e+18
4.15568e+18
7.00395e+18
5.36079e+18
2.56048e+18
7.13221e+17
5.70545e+17
3.99595e+17
3.63678e+17
2.45079e+17
2.41979e+17
2.11056e+17
2.01651e+17
1.65806e+17
1.53382e+17
1.24553e+17
1.29577e+17
1.11723e+17
1.01751e+17
9.00175e+16
8.1546e+16
7.35071e+16
7.5318e+16
7.21235e+16
6.66016e+16
5.91301e+16
6.27745e+16
4.45145e+16
4.1537e+16
3.92126e+16
4.11002e+16
3.25629e+16
3.06566e+16
2.35338e+16
1.94803e+16
1.78165e+16
1.66905e+16
1.64068e+16
1.42735e+16
1.12063e+16
1.04925e+16
9.69764e+15
9.91646e+15
7.3173e+15
8.3929e+15
7.16679e+15
7.33982e+15
7.24184e+15
6.86138e+15
5.71603e+15
6.25549e+15
6.94257e+14
6.62593e+14
1.39285e+15
1.70281e+15
3.03724e+15
3.0837e+15
4.39234e+15
3.91381e+15
4.63718e+15
3.28428e+15
3.52963e+15
3.10459e+15
2.37379e+15
1.95252e+15
2.06914e+15
1.5276e+15
9.76496e+14
7.05075e+14
7.64291e+14
4.6128e+14
2.83163e+14
3.00185e+14
1.13492e+14
8.96855e+13
1.18784e+14
1.44472e+14
1.46647e+14
1.27438e+14
4.12655e+13
2.53449e+13
3.70387e+13
6.94826e+13
2.07545e+13
1.87581e+13
8.74255e+13
6.38173e+13
9.43715e+13
2.58981e+13
9.93823e+13
3.26862e+13
6.59684e+13
4.56002e+13
5.88136e+13
4.12728e+13
7.32205e+13
5.40672e+13
2.65106e+13
2.79535e+13
3.79203e+13
8.08303e+12
4.21538e+13
5.56521e+13
2.12917e+14
3.63268e+14
5.04654e+14
5.00405e+14
4.19129e+14
2.81266e+14
5.12357e+14
5.86642e+14
3.70359e+14
3.3363e+14
3.13708e+14
2.44329e+14
1.64961e+14
1.41304e+14
1.16395e+14
9.28778e+13
7.66769e+13
7.64885e+13
1.09307e+14
1.59654e+14
1.97477e+14
2.34096e+14
3.90119e+14
3.27833e+14
4.84542e+14
5.84815e+14
7.54637e+14
7.40943e+14
9.82138e+14
7.97689e+14
8.59027e+14
7.91439e+14
9.76251e+14
8.86035e+14
1.40188e+15
1.68984e+15
2.50273e+15
2.23099e+15
1.78895e+15
1.35637e+15
1.35732e+15
9.73872e+14
8.5302e+14
7.51769e+14
5.67808e+15
8.03573e+15
6.88632e+15
6.93531e+15
8.39358e+15
8.25861e+15
8.96723e+15
1.04528e+16
1.32596e+16
1.57361e+16
1.94881e+16
2.10519e+16
2.40705e+16
2.65079e+16
2.84359e+16
2.93648e+16
2.71979e+16
2.42945e+16
2.7516e+16
2.55285e+16
2.72712e+16
2.71152e+16
2.50178e+16
2.91232e+16
3.26814e+16
3.63925e+16
4.267e+16
4.54321e+16
6.26649e+16
8.40643e+16
9.85378e+16
1.1712e+17
1.31111e+17
1.42834e+17
1.64605e+17
1.85563e+17
1.95055e+17
2.09991e+17
2.49636e+17
2.73496e+17
2.88129e+17
3.30416e+17
4.25099e+17
4.97342e+17
7.47926e+17
1.00653e+18
4.02376e+18
6.41174e+18
5.36264e+18
2.46226e+18
6.15542e+17
5.18399e+17
3.49263e+17
3.08757e+17
2.43668e+17
2.18666e+17
1.74328e+17
1.73229e+17
1.36194e+17
1.27776e+17
1.08851e+17
1.09377e+17
8.8771e+16
8.27061e+16
7.74556e+16
7.27603e+16
6.54129e+16
7.14988e+16
6.46225e+16
6.27282e+16
5.52097e+16
5.03299e+16
4.1575e+16
3.79777e+16
3.2827e+16
3.47655e+16
3.03805e+16
2.7027e+16
1.99036e+16
1.96503e+16
1.54219e+16
1.54242e+16
1.45767e+16
1.35432e+16
1.15163e+16
1.00671e+16
8.47505e+15
7.33978e+15
7.17274e+15
7.49048e+15
6.50473e+15
5.97713e+15
5.39033e+15
5.252e+15
4.61717e+15
4.90047e+15
1.05571e+15
1.11196e+15
2.01634e+15
2.27607e+15
4.2572e+15
4.31899e+15
6.42441e+15
5.72614e+15
6.35465e+15
5.16433e+15
4.7692e+15
3.84869e+15
3.55126e+15
2.8982e+15
2.50685e+15
1.76978e+15
1.52602e+15
1.27056e+15
8.36485e+14
5.3979e+14
3.24127e+14
2.58658e+14
1.31668e+14
8.95206e+13
1.43491e+14
1.80497e+14
1.28972e+14
1.38025e+14
5.29413e+13
4.2572e+13
3.85025e+13
7.86449e+13
3.30538e+13
3.63253e+13
1.05019e+14
6.19401e+13
7.39266e+13
3.27296e+13
1.3998e+14
4.50641e+13
8.79687e+13
4.69806e+13
5.23452e+13
7.94769e+13
9.06418e+13
8.54781e+13
4.76797e+13
2.96468e+13
2.71129e+13
3.06486e+13
1.89221e+14
6.07686e+13
2.08666e+14
4.36148e+14
5.809e+14
5.49112e+14
5.20854e+14
3.40215e+14
6.14377e+14
5.78302e+14
5.89665e+14
4.2671e+14
3.49865e+14
2.83911e+14
2.51318e+14
1.68933e+14
1.98982e+14
1.58859e+14
2.23908e+14
1.23805e+14
2.1666e+14
1.93638e+14
2.71327e+14
3.36142e+14
4.6066e+14
5.71496e+14
5.76127e+14
6.27646e+14
1.1004e+15
1.01115e+15
1.22253e+15
1.13081e+15
1.24324e+15
1.05873e+15
1.14597e+15
1.13807e+15
2.04859e+15
2.178e+15
4.23145e+15
3.77873e+15
3.43606e+15
2.33724e+15
2.43488e+15
1.55424e+15
9.70278e+14
7.17031e+14
4.91623e+15
5.77567e+15
5.36714e+15
5.61353e+15
5.55152e+15
7.02349e+15
6.74625e+15
8.48052e+15
1.08446e+16
1.44735e+16
1.57027e+16
1.89756e+16
2.3141e+16
2.38811e+16
2.54915e+16
2.51389e+16
2.54123e+16
2.21048e+16
2.41136e+16
2.79642e+16
2.43228e+16
2.53642e+16
2.49341e+16
2.95934e+16
2.82495e+16
3.11276e+16
2.92378e+16
4.0474e+16
5.25003e+16
7.40004e+16
8.5887e+16
9.9787e+16
1.18237e+17
1.30622e+17
1.53094e+17
1.72187e+17
1.80375e+17
2.06763e+17
2.26018e+17
2.57204e+17
2.67686e+17
3.14732e+17
3.97822e+17
4.67544e+17
6.82686e+17
9.58638e+17
3.70464e+18
6.49695e+18
4.81241e+18
2.34725e+18
5.2133e+17
4.39416e+17
2.89332e+17
2.64804e+17
1.92803e+17
1.9267e+17
1.51339e+17
1.52933e+17
1.11226e+17
1.11497e+17
9.36955e+16
9.14281e+16
7.5668e+16
7.71172e+16
5.97473e+16
6.31491e+16
5.0356e+16
5.45585e+16
5.62846e+16
5.06355e+16
4.48336e+16
4.44042e+16
3.4814e+16
3.43034e+16
2.66238e+16
3.00936e+16
3.06748e+16
2.69456e+16
1.88453e+16
1.65789e+16
1.36347e+16
1.48927e+16
1.26453e+16
1.25443e+16
9.10646e+15
9.03523e+15
7.31573e+15
6.044e+15
5.65789e+15
5.8356e+15
5.61192e+15
5.4633e+15
4.6463e+15
3.72252e+15
3.14141e+15
3.92448e+15
1.67738e+15
1.54573e+15
3.38509e+15
3.6886e+15
6.42501e+15
6.67566e+15
9.13698e+15
8.13842e+15
8.23021e+15
7.12887e+15
6.45041e+15
5.33673e+15
5.34855e+15
4.52664e+15
3.7365e+15
2.82222e+15
2.83456e+15
1.9269e+15
9.11294e+14
6.223e+14
5.64917e+14
4.03825e+14
2.17267e+14
1.93318e+14
1.63831e+14
1.60376e+14
1.46936e+14
1.7591e+14
5.81477e+13
6.89376e+13
7.07123e+13
1.23363e+14
8.90141e+13
2.28862e+14
2.13106e+14
1.28804e+14
1.2871e+14
5.95159e+13
2.13013e+14
4.81579e+13
1.14992e+14
9.83731e+13
7.19471e+13
6.15193e+13
1.18233e+14
1.30357e+14
3.05247e+13
2.78129e+13
5.41268e+13
4.22788e+13
2.36213e+14
2.17962e+14
3.22969e+14
4.55487e+14
7.54526e+14
6.27844e+14
6.59414e+14
4.66713e+14
6.64398e+14
8.67966e+14
6.03017e+14
5.31734e+14
5.07836e+14
3.56277e+14
3.61676e+14
2.85646e+14
2.96084e+14
2.00545e+14
2.86155e+14
3.36244e+14
4.3943e+14
4.20512e+14
3.07149e+14
4.31207e+14
7.25076e+14
5.93202e+14
7.04633e+14
9.47213e+14
1.48165e+15
1.4324e+15
1.50389e+15
1.7178e+15
1.65175e+15
1.39764e+15
1.64115e+15
1.3926e+15
2.79382e+15
3.42932e+15
6.94053e+15
6.34432e+15
6.33148e+15
4.20173e+15
4.92969e+15
2.89666e+15
2.08453e+15
1.46166e+15
3.60718e+15
3.94114e+15
3.95555e+15
4.0106e+15
3.81696e+15
5.0685e+15
6.86833e+15
6.83225e+15
1.02119e+16
1.06967e+16
1.32892e+16
1.53024e+16
2.04701e+16
2.35758e+16
2.35297e+16
2.56041e+16
2.38372e+16
2.23192e+16
2.06615e+16
2.38544e+16
2.45809e+16
2.58102e+16
2.21442e+16
2.36213e+16
2.74437e+16
3.00146e+16
3.0689e+16
3.48767e+16
4.6877e+16
6.33208e+16
8.35053e+16
9.06491e+16
1.07068e+17
1.19333e+17
1.33661e+17
1.49392e+17
1.64752e+17
1.8522e+17
1.9995e+17
2.23341e+17
2.4351e+17
2.82558e+17
3.49505e+17
4.1333e+17
6.13529e+17
8.82243e+17
3.22621e+18
7.20833e+18
4.1411e+18
2.12466e+18
4.747e+17
3.92236e+17
2.67933e+17
2.31075e+17
1.76233e+17
1.58209e+17
1.38374e+17
1.29647e+17
9.73249e+16
9.66423e+16
8.45854e+16
8.21062e+16
7.04711e+16
6.41372e+16
6.04821e+16
5.4877e+16
4.83856e+16
5.1753e+16
4.51288e+16
4.96173e+16
4.10466e+16
3.69711e+16
3.24402e+16
3.06502e+16
2.39858e+16
2.4754e+16
2.27238e+16
2.42017e+16
1.93904e+16
1.72804e+16
1.25446e+16
1.35493e+16
1.0468e+16
1.17221e+16
7.81929e+15
8.09289e+15
5.70942e+15
4.88778e+15
5.50887e+15
5.58525e+15
4.07103e+15
4.26307e+15
3.52101e+15
2.81804e+15
2.86868e+15
2.71586e+15
2.65653e+15
2.99355e+15
4.59421e+15
5.53629e+15
7.89067e+15
9.55554e+15
1.20836e+16
1.16254e+16
1.03283e+16
9.38475e+15
8.02177e+15
7.94046e+15
6.30855e+15
6.05753e+15
4.471e+15
4.3242e+15
3.21507e+15
2.29078e+15
1.5486e+15
9.97936e+14
6.09901e+14
4.48301e+14
2.41249e+14
3.62521e+14
2.36938e+14
3.00849e+14
1.73319e+14
1.84851e+14
8.65421e+13
7.13049e+13
8.30274e+13
1.0285e+14
1.12787e+14
2.58461e+14
2.59308e+14
3.12092e+14
2.08786e+14
1.24501e+14
2.67162e+14
7.95931e+13
1.47904e+14
7.73311e+13
9.02035e+13
4.70371e+13
1.83351e+14
1.59509e+14
5.17232e+13
1.10676e+14
5.06241e+13
5.98223e+13
2.08011e+14
4.65933e+14
3.31457e+14
4.50332e+14
8.18426e+14
7.05013e+14
8.6968e+14
5.11818e+14
7.34793e+14
8.63547e+14
6.02299e+14
5.61473e+14
6.6452e+14
4.18193e+14
3.51158e+14
3.23233e+14
2.9841e+14
1.25691e+14
2.11444e+14
1.93496e+14
4.97371e+14
5.83509e+14
4.45612e+14
6.79919e+14
1.00121e+15
1.41472e+15
1.03075e+15
1.20113e+15
1.63621e+15
2.01036e+15
1.72362e+15
2.03555e+15
2.15263e+15
1.91313e+15
2.21269e+15
2.22298e+15
3.40867e+15
4.37396e+15
8.32374e+15
9.87123e+15
8.25501e+15
6.95888e+15
7.15588e+15
5.71602e+15
3.71006e+15
2.97362e+15
3.31209e+15
3.00116e+15
4.01833e+15
3.50967e+15
4.48998e+15
4.05238e+15
7.18891e+15
7.37527e+15
8.8147e+15
1.06715e+16
1.28846e+16
1.36779e+16
1.89075e+16
1.98833e+16
2.19115e+16
2.26517e+16
2.04054e+16
2.28468e+16
2.2246e+16
2.00716e+16
2.43194e+16
2.53504e+16
2.40998e+16
2.45404e+16
2.99494e+16
2.71306e+16
2.86107e+16
3.31775e+16
5.00268e+16
5.80255e+16
7.84453e+16
8.75945e+16
1.05989e+17
1.0757e+17
1.23823e+17
1.39335e+17
1.63136e+17
1.71774e+17
1.89254e+17
2.11245e+17
2.38573e+17
2.54663e+17
3.47332e+17
3.88948e+17
5.97579e+17
8.06266e+17
2.95794e+18
7.23469e+18
3.66737e+18
1.85604e+18
4.26153e+17
3.56879e+17
2.45251e+17
2.26999e+17
1.69168e+17
1.47299e+17
1.19354e+17
1.19217e+17
1.04339e+17
8.7123e+16
7.80933e+16
7.99936e+16
6.76297e+16
6.17808e+16
5.8641e+16
5.11867e+16
4.66382e+16
4.3228e+16
4.19586e+16
4.40654e+16
3.66608e+16
3.42559e+16
2.82573e+16
2.73647e+16
2.26467e+16
2.41355e+16
2.07738e+16
1.93941e+16
1.75759e+16
1.5753e+16
1.34927e+16
1.33416e+16
8.25022e+15
9.54962e+15
7.19873e+15
7.12235e+15
6.1633e+15
4.83004e+15
4.25666e+15
4.62111e+15
3.21132e+15
3.67414e+15
4.34558e+15
3.12528e+15
3.34089e+15
3.14011e+15
3.36515e+15
3.66059e+15
5.20048e+15
5.76869e+15
8.59661e+15
9.92948e+15
1.27491e+16
1.22097e+16
1.01838e+16
9.60114e+15
8.55471e+15
8.14433e+15
6.39686e+15
6.32347e+15
4.84147e+15
4.3945e+15
3.25163e+15
2.73358e+15
1.66843e+15
1.14496e+15
8.04684e+14
4.36686e+14
2.75744e+14
3.55937e+14
3.78095e+14
3.25742e+14
2.65505e+14
2.29037e+14
8.88715e+13
7.84245e+13
9.5241e+13
1.03527e+14
1.15516e+14
2.62445e+14
3.12493e+14
3.36311e+14
2.29953e+14
1.18094e+14
2.35265e+14
1.00239e+14
1.42487e+14
7.06881e+13
1.34601e+14
5.31615e+13
2.11697e+14
1.50583e+14
5.0561e+13
1.10358e+14
4.91811e+13
2.70603e+14
2.18057e+14
5.0115e+14
3.27176e+14
4.53914e+14
8.18075e+14
7.0406e+14
8.98221e+14
6.4847e+14
7.40477e+14
8.66067e+14
6.05371e+14
5.4953e+14
6.82267e+14
4.15729e+14
3.83359e+14
3.23981e+14
3.12069e+14
1.59707e+14
2.79676e+14
2.0316e+14
4.5488e+14
6.26704e+14
4.39978e+14
6.94253e+14
1.05229e+15
1.32846e+15
1.00234e+15
1.37942e+15
1.62443e+15
1.86853e+15
1.86536e+15
2.19382e+15
2.20405e+15
2.16778e+15
2.42417e+15
2.39076e+15
3.07876e+15
4.52408e+15
8.44036e+15
1.00942e+16
9.56654e+15
8.02736e+15
8.06801e+15
6.42736e+15
3.83161e+15
3.4342e+15
3.04579e+15
3.59636e+15
4.39964e+15
3.97982e+15
4.80636e+15
4.49361e+15
7.07041e+15
7.41662e+15
8.11574e+15
9.92711e+15
1.10619e+16
1.27531e+16
1.56368e+16
1.7826e+16
1.98522e+16
2.19882e+16
1.96392e+16
1.84831e+16
2.22071e+16
1.98761e+16
2.2599e+16
2.53606e+16
2.38332e+16
2.40695e+16
2.51899e+16
2.92348e+16
2.94251e+16
3.6009e+16
4.91943e+16
5.9373e+16
7.93701e+16
8.2977e+16
1.03611e+17
1.08059e+17
1.15546e+17
1.32774e+17
1.54721e+17
1.7241e+17
1.88159e+17
2.04889e+17
2.23385e+17
2.49712e+17
3.19652e+17
3.7561e+17
6.03951e+17
8.2491e+17
2.16917e+18
6.63451e+18
3.75071e+18
1.84623e+18
4.49036e+17
3.39727e+17
2.43655e+17
2.19438e+17
1.54822e+17
1.4354e+17
1.25405e+17
1.1659e+17
9.16905e+16
8.47979e+16
7.69475e+16
7.87912e+16
5.75517e+16
5.79737e+16
5.51116e+16
4.80836e+16
4.12226e+16
4.13323e+16
4.1511e+16
4.14352e+16
3.38949e+16
3.50651e+16
2.48074e+16
2.49042e+16
2.13611e+16
2.09868e+16
2.08749e+16
1.92612e+16
1.64314e+16
1.52037e+16
1.2628e+16
1.25801e+16
9.47724e+15
8.22344e+15
7.71176e+15
8.53995e+15
6.39415e+15
6.31772e+15
4.53641e+15
4.98752e+15
4.53498e+15
4.83501e+15
4.28912e+15
4.64451e+15
4.00932e+15
3.20322e+15
4.15219e+15
4.0844e+15
5.95816e+15
6.67219e+15
9.3964e+15
1.04e+16
1.33711e+16
1.27703e+16
1.14754e+16
1.01754e+16
9.19719e+15
8.68287e+15
6.90196e+15
6.91034e+15
5.65102e+15
5.11186e+15
3.68916e+15
2.5665e+15
2.07984e+15
1.37434e+15
5.7517e+14
4.82878e+14
3.46928e+14
2.768e+14
3.40066e+14
4.51869e+14
1.78675e+14
6.04677e+14
2.52404e+14
8.1795e+13
8.97189e+13
9.9608e+13
1.22273e+14
2.51913e+14
3.50655e+14
3.85714e+14
2.50744e+14
1.11185e+14
2.40067e+14
1.02674e+14
1.45564e+14
5.98085e+13
1.35478e+14
8.58718e+13
1.67439e+14
1.70253e+14
4.60376e+13
1.07985e+14
5.04773e+13
6.04805e+13
1.83755e+14
4.58018e+14
4.16531e+14
4.66295e+14
8.94961e+14
7.51638e+14
7.06634e+14
6.26956e+14
7.94029e+14
8.57765e+14
7.10253e+14
5.46607e+14
6.44488e+14
4.71446e+14
4.16856e+14
4.63472e+14
2.99358e+14
2.03988e+14
2.93621e+14
2.38126e+14
4.05888e+14
5.38367e+14
4.82275e+14
8.05157e+14
1.08236e+15
1.03407e+15
1.21624e+15
1.4254e+15
1.79009e+15
1.80463e+15
1.96269e+15
2.20163e+15
2.27371e+15
2.34261e+15
2.70963e+15
2.73874e+15
3.45103e+15
4.61529e+15
9.58341e+15
1.11163e+16
1.08659e+16
8.57514e+15
9.34422e+15
7.5688e+15
5.06774e+15
4.35735e+15
3.70127e+15
2.66702e+15
4.53314e+15
4.17051e+15
5.03139e+15
4.80363e+15
7.5354e+15
6.81783e+15
8.05739e+15
8.05953e+15
1.14313e+16
1.20172e+16
1.50414e+16
1.6098e+16
1.83213e+16
1.96485e+16
1.84336e+16
2.00184e+16
2.08161e+16
2.03851e+16
2.25531e+16
2.35923e+16
2.54263e+16
2.67789e+16
2.9047e+16
2.68927e+16
3.76208e+16
3.8817e+16
5.28621e+16
6.34473e+16
8.27483e+16
8.87395e+16
9.75555e+16
1.07795e+17
1.16668e+17
1.22329e+17
1.41378e+17
1.64243e+17
1.98801e+17
2.08652e+17
2.29329e+17
2.48141e+17
3.26204e+17
3.72882e+17
6.36867e+17
8.47693e+17
2.33035e+18
6.45131e+18
3.63681e+18
1.9456e+18
4.48887e+17
3.33043e+17
2.3074e+17
2.08862e+17
1.48223e+17
1.3712e+17
1.20424e+17
1.17207e+17
8.49323e+16
7.83154e+16
7.34438e+16
7.02682e+16
5.48857e+16
5.47349e+16
4.8269e+16
5.06126e+16
4.28842e+16
4.13386e+16
3.70032e+16
4.24239e+16
3.60586e+16
2.85013e+16
2.59958e+16
2.58655e+16
2.13717e+16
1.9902e+16
1.77568e+16
1.5697e+16
1.4647e+16
1.21097e+16
1.36312e+16
1.38651e+16
1.10191e+16
9.03043e+15
8.18915e+15
8.05186e+15
6.21148e+15
5.8351e+15
4.99181e+15
5.071e+15
5.54917e+15
5.23918e+15
5.60597e+15
4.27607e+15
4.75877e+15
3.83026e+15
5.1685e+15
5.07036e+15
6.80943e+15
7.33642e+15
1.07627e+16
1.21019e+16
1.38339e+16
1.33464e+16
1.21745e+16
1.13426e+16
1.00294e+16
9.6195e+15
7.02297e+15
7.22082e+15
5.94e+15
5.5382e+15
3.62688e+15
2.61113e+15
2.54473e+15
1.47987e+15
8.69252e+14
7.01947e+14
4.73351e+14
3.67083e+14
2.92621e+14
4.46676e+14
2.19729e+14
2.25138e+14
2.49937e+14
1.89561e+14
8.25706e+13
8.47505e+13
1.81051e+14
2.21277e+14
4.21927e+14
4.6689e+14
2.77903e+14
1.62701e+14
2.42098e+14
1.08892e+14
1.57258e+14
5.94676e+13
2.70546e+14
1.55385e+14
1.95204e+14
1.50515e+14
4.81052e+13
9.84395e+13
1.18036e+14
6.03474e+13
1.99855e+14
4.43293e+14
3.07179e+14
4.9771e+14
9.72681e+14
8.46423e+14
7.73029e+14
6.59219e+14
8.97148e+14
7.82212e+14
7.64162e+14
6.43474e+14
6.48219e+14
4.58051e+14
5.04602e+14
4.23727e+14
2.43017e+14
1.71491e+14
1.99647e+14
2.32068e+14
3.85802e+14
3.90365e+14
4.92041e+14
9.86968e+14
1.11244e+15
1.01298e+15
1.0814e+15
1.71e+15
2.25116e+15
1.8456e+15
2.12569e+15
2.45045e+15
2.96692e+15
2.53128e+15
2.47883e+15
2.86163e+15
3.79242e+15
4.70242e+15
9.67745e+15
1.19777e+16
1.18412e+16
9.62658e+15
1.10154e+16
8.98578e+15
6.83334e+15
5.51468e+15
5.67884e+15
4.00696e+15
5.33918e+15
5.01832e+15
5.67836e+15
5.16503e+15
7.66095e+15
8.07364e+15
9.1344e+15
9.46102e+15
1.06959e+16
1.2132e+16
1.56685e+16
1.52544e+16
1.65096e+16
1.63911e+16
2.04685e+16
1.99388e+16
2.33024e+16
2.2813e+16
2.55931e+16
2.50936e+16
2.71662e+16
2.84966e+16
3.3579e+16
3.23168e+16
4.37433e+16
4.84938e+16
6.18184e+16
6.80714e+16
8.95307e+16
9.15711e+16
1.00057e+17
1.08759e+17
1.22975e+17
1.28666e+17
1.45206e+17
1.58363e+17
2.06841e+17
2.09305e+17
2.4821e+17
2.59285e+17
3.58966e+17
4.05228e+17
6.98393e+17
9.20594e+17
2.58233e+18
6.91381e+18
3.59008e+18
1.9104e+18
4.45383e+17
3.50948e+17
2.19633e+17
1.92834e+17
1.49308e+17
1.31327e+17
1.16359e+17
1.00846e+17
8.66165e+16
7.42652e+16
6.88078e+16
6.62762e+16
5.64748e+16
5.41853e+16
5.04992e+16
4.70702e+16
4.13769e+16
4.23736e+16
3.68956e+16
3.32548e+16
3.26766e+16
3.05766e+16
2.48056e+16
2.25305e+16
1.90553e+16
1.91481e+16
1.60916e+16
1.70649e+16
1.5064e+16
1.42442e+16
1.2094e+16
1.1895e+16
1.07213e+16
1.00684e+16
1.0114e+16
7.93007e+15
7.2406e+15
6.86906e+15
6.06865e+15
6.6219e+15
6.95303e+15
7.11054e+15
6.15028e+15
5.34688e+15
5.75959e+15
5.17194e+15
6.31174e+15
5.83034e+15
8.26949e+15
8.63539e+15
1.24627e+16
1.3379e+16
1.47364e+16
1.38291e+16
1.36823e+16
1.25574e+16
1.08843e+16
9.70011e+15
7.79325e+15
8.23603e+15
6.54009e+15
6.12118e+15
3.81131e+15
3.45921e+15
3.462e+15
1.96332e+15
2.29561e+15
2.21667e+15
1.63095e+15
7.05429e+14
3.87234e+14
2.889e+14
4.4097e+14
2.70294e+14
1.92257e+14
2.42714e+14
1.13659e+14
1.14656e+14
2.11434e+14
2.20257e+14
5.48357e+14
5.00938e+14
4.3447e+14
2.57294e+14
2.839e+14
1.31828e+14
1.33979e+14
5.70031e+13
1.60897e+14
1.16399e+14
2.76912e+14
1.53809e+14
6.03833e+13
1.1686e+14
1.3144e+14
8.10333e+13
2.81879e+14
3.61846e+14
4.3944e+14
5.1684e+14
9.81123e+14
9.8918e+14
7.53599e+14
7.01109e+14
8.93829e+14
7.88639e+14
7.90987e+14
7.31651e+14
6.55839e+14
4.35158e+14
4.51318e+14
4.0547e+14
2.29515e+14
2.45537e+14
1.93308e+14
1.52175e+14
3.7836e+14
3.49959e+14
4.99861e+14
8.67341e+14
1.63419e+15
1.27333e+15
9.51969e+14
1.27966e+15
2.69791e+15
2.33346e+15
2.29398e+15
2.63396e+15
2.93992e+15
2.68546e+15
2.53041e+15
3.10444e+15
3.7871e+15
4.82908e+15
1.04076e+16
1.2482e+16
1.37387e+16
1.16074e+16
1.24574e+16
1.20281e+16
9.50793e+15
7.34832e+15
7.88033e+15
6.46113e+15
7.58111e+15
6.1571e+15
7.82154e+15
6.50089e+15
8.49066e+15
7.89434e+15
1.11108e+16
1.13291e+16
1.23306e+16
1.27474e+16
1.74738e+16
1.723e+16
1.83751e+16
1.78255e+16
2.20086e+16
2.3079e+16
2.47344e+16
2.56334e+16
3.11635e+16
2.83105e+16
3.47572e+16
3.3361e+16
4.0638e+16
4.42898e+16
5.1511e+16
4.93614e+16
7.58053e+16
7.71985e+16
9.53048e+16
9.34011e+16
1.16575e+17
1.16917e+17
1.33651e+17
1.35618e+17
1.66529e+17
1.76261e+17
2.18848e+17
2.24304e+17
2.8425e+17
2.94377e+17
4.31327e+17
4.79494e+17
8.15943e+17
1.07943e+18
2.95621e+18
7.57979e+18
3.71433e+18
2.29603e+18
4.60356e+17
3.48858e+17
2.29768e+17
1.87703e+17
1.52863e+17
1.44332e+17
1.19799e+17
1.07425e+17
8.60208e+16
8.01192e+16
6.65181e+16
6.34737e+16
6.36273e+16
5.92347e+16
4.51268e+16
4.56887e+16
3.76401e+16
4.00367e+16
3.26768e+16
3.01191e+16
3.13404e+16
2.95243e+16
2.31742e+16
2.34567e+16
1.98294e+16
2.05669e+16
1.65054e+16
1.56984e+16
1.66746e+16
1.59972e+16
1.50325e+16
1.25778e+16
1.11048e+16
1.06782e+16
9.92364e+15
1.06815e+16
9.83272e+15
8.77835e+15
8.04042e+15
6.87025e+15
6.82066e+15
6.5457e+15
8.61596e+15
8.41775e+15
7.6215e+15
6.97007e+15
7.91191e+15
7.85555e+15
9.48457e+15
1.06569e+16
1.37648e+16
1.51933e+16
1.59977e+16
1.48763e+16
1.37542e+16
1.35832e+16
1.098e+16
9.94236e+15
8.63602e+15
8.75179e+15
7.19262e+15
6.53307e+15
4.7083e+15
4.05126e+15
2.97866e+15
2.88e+15
2.46743e+15
2.20478e+15
2.12996e+15
8.25844e+14
6.01551e+14
3.36389e+14
5.53881e+14
3.34829e+14
2.37309e+14
1.9074e+14
1.59456e+14
1.60009e+14
4.16131e+14
2.02664e+14
5.3359e+14
4.80593e+14
5.6352e+14
3.53673e+14
2.44975e+14
1.56966e+14
1.39462e+14
5.71273e+13
2.18213e+14
1.23416e+14
2.67777e+14
2.73919e+14
4.70826e+13
1.19991e+14
1.88119e+14
9.85568e+13
1.67516e+14
3.34881e+14
3.83144e+14
5.37888e+14
9.96809e+14
1.11673e+15
7.83515e+14
6.96855e+14
8.69791e+14
7.96977e+14
8.83936e+14
9.20141e+14
6.7104e+14
4.55098e+14
4.55594e+14
3.59349e+14
2.54416e+14
2.07225e+14
2.88248e+14
2.34984e+14
5.09164e+14
7.11999e+14
7.00449e+14
8.44893e+14
1.82851e+15
1.21531e+15
1.50959e+15
1.37416e+15
3.27993e+15
2.63562e+15
2.3812e+15
2.89779e+15
3.37326e+15
3.0702e+15
2.65357e+15
3.05109e+15
4.09937e+15
5.03535e+15
1.15924e+16
1.34096e+16
1.67951e+16
1.49159e+16
1.32641e+16
1.49907e+16
1.35928e+16
1.08158e+16
1.10393e+16
9.86442e+15
1.19105e+16
9.37355e+15
1.03447e+16
9.20922e+15
1.08392e+16
1.04364e+16
1.37028e+16
1.29875e+16
1.39423e+16
1.5747e+16
2.00972e+16
2.05631e+16
2.32304e+16
2.21751e+16
2.83989e+16
2.76131e+16
2.90356e+16
3.19079e+16
3.6038e+16
3.7085e+16
4.20665e+16
4.00434e+16
4.88491e+16
5.24545e+16
6.68447e+16
6.56568e+16
8.64091e+16
9.17913e+16
1.08697e+17
1.10264e+17
1.31765e+17
1.34774e+17
1.48916e+17
1.53889e+17
1.96422e+17
1.95837e+17
2.48962e+17
2.59831e+17
3.48222e+17
3.66156e+17
5.25406e+17
5.98345e+17
1.02357e+18
1.31305e+18
3.42838e+18
8.32372e+18
3.31399e+18
2.47774e+18
5.03302e+17
3.55919e+17
2.47681e+17
2.00517e+17
1.54633e+17
1.46404e+17
1.26897e+17
1.09346e+17
8.32199e+16
8.14704e+16
7.65078e+16
7.45643e+16
6.23265e+16
5.86735e+16
4.94388e+16
4.26553e+16
3.94341e+16
3.83148e+16
3.53672e+16
3.45837e+16
3.1698e+16
3.07093e+16
2.89669e+16
2.56065e+16
2.79816e+16
2.22675e+16
2.27979e+16
2.01926e+16
2.07784e+16
1.81955e+16
1.82874e+16
1.47209e+16
1.32232e+16
1.25516e+16
1.12762e+16
9.96343e+15
1.00103e+16
9.68432e+15
9.40971e+15
8.76011e+15
1.0254e+16
1.02633e+16
9.09894e+15
8.53358e+15
1.1347e+16
1.03027e+16
9.71359e+15
9.88059e+15
1.1231e+16
1.21562e+16
1.53575e+16
1.73697e+16
1.68935e+16
1.61577e+16
1.3976e+16
1.36658e+16
1.19785e+16
1.01897e+16
9.34434e+15
9.70364e+15
7.98076e+15
6.66036e+15
4.9584e+15
4.12703e+15
3.38138e+15
3.11413e+15
3.8353e+15
2.92328e+15
1.74381e+15
1.12898e+15
6.34147e+14
4.29754e+14
6.31086e+14
4.46116e+14
5.47241e+14
3.52086e+14
1.7345e+14
2.44166e+14
5.2293e+14
2.54604e+14
5.87056e+14
6.0896e+14
6.40822e+14
3.41983e+14
3.1591e+14
2.88879e+14
1.98986e+14
1.05538e+14
1.46089e+14
1.26454e+14
2.6538e+14
2.40889e+14
4.38071e+13
1.12404e+14
2.12053e+14
6.52753e+13
1.37769e+14
5.42947e+14
4.09151e+14
5.62795e+14
1.07122e+15
1.10235e+15
7.69211e+14
7.49545e+14
8.5015e+14
8.43343e+14
8.41247e+14
1.0285e+15
5.07221e+14
5.21917e+14
3.85289e+14
3.27024e+14
2.54415e+14
2.74362e+14
2.66897e+14
5.38301e+14
3.61432e+14
3.51574e+14
8.29369e+14
6.55582e+14
2.43204e+15
1.5697e+15
1.56149e+15
1.29493e+15
3.37067e+15
3.10163e+15
2.48818e+15
2.68909e+15
3.52219e+15
3.54819e+15
2.89137e+15
3.40885e+15
4.92812e+15
5.32886e+15
1.19475e+16
1.52312e+16
1.95281e+16
1.81335e+16
1.71588e+16
1.79023e+16
1.86264e+16
1.58424e+16
1.58178e+16
1.25919e+16
1.46574e+16
1.464e+16
1.58704e+16
1.2985e+16
1.58121e+16
1.30283e+16
1.48253e+16
1.65402e+16
2.01013e+16
2.00836e+16
2.63583e+16
2.74303e+16
2.72165e+16
2.8735e+16
3.61861e+16
3.45466e+16
3.627e+16
3.92668e+16
5.16941e+16
4.306e+16
5.32298e+16
5.32525e+16
5.9667e+16
6.54251e+16
8.45835e+16
8.5106e+16
1.11104e+17
1.08152e+17
1.33072e+17
1.2607e+17
1.64976e+17
1.59622e+17
1.77963e+17
1.82856e+17
2.38301e+17
2.47842e+17
3.16031e+17
3.24132e+17
4.36784e+17
4.62234e+17
6.71295e+17
7.42338e+17
1.29854e+18
1.62724e+18
3.77655e+18
8.74219e+18
2.88363e+18
2.43312e+18
5.97973e+17
3.85822e+17
2.50517e+17
2.24326e+17
1.75476e+17
1.59959e+17
1.32069e+17
1.15868e+17
9.75378e+16
8.90595e+16
7.99677e+16
7.41057e+16
6.41466e+16
6.11433e+16
5.00676e+16
5.01339e+16
4.42978e+16
4.0151e+16
3.6142e+16
3.58115e+16
3.51192e+16
3.18717e+16
3.42206e+16
2.84455e+16
2.5164e+16
2.50349e+16
2.22529e+16
2.10539e+16
2.09459e+16
1.84458e+16
1.78537e+16
1.68379e+16
1.68233e+16
1.32785e+16
1.50749e+16
1.37072e+16
1.25992e+16
1.10854e+16
1.1e+16
1.11342e+16
1.23321e+16
1.04858e+16
1.11567e+16
1.1251e+16
1.20683e+16
1.16608e+16
1.18621e+16
1.08239e+16
1.32276e+16
1.28922e+16
1.66831e+16
1.86335e+16
1.74409e+16
1.69117e+16
1.45675e+16
1.44403e+16
1.24902e+16
1.03441e+16
1.00228e+16
1.01486e+16
8.50147e+15
6.68584e+15
4.89018e+15
4.05773e+15
4.67824e+15
4.56438e+15
2.75211e+15
2.83812e+15
3.21975e+15
1.69002e+15
6.75232e+14
6.16214e+14
5.8189e+14
6.28466e+14
3.76119e+14
2.79043e+14
2.68307e+14
2.80926e+14
5.86272e+14
4.17825e+14
6.5252e+14
6.17662e+14
6.27644e+14
4.43362e+14
2.62284e+14
1.79944e+14
2.28532e+14
1.15402e+14
1.9226e+14
1.7388e+14
2.67155e+14
2.35948e+14
5.41779e+13
1.21558e+14
1.88313e+14
6.1225e+13
8.32355e+13
6.02864e+14
5.18292e+14
5.76989e+14
1.05432e+15
1.13099e+15
7.52431e+14
7.60268e+14
9.46366e+14
9.33948e+14
9.01313e+14
1.12938e+15
5.21278e+14
5.48563e+14
3.46752e+14
3.35784e+14
4.75006e+14
1.79713e+14
1.9958e+14
3.57166e+14
5.20565e+14
3.5011e+14
7.49275e+14
7.07418e+14
1.86241e+15
1.63882e+15
1.58947e+15
1.35252e+15
3.30626e+15
3.57578e+15
2.55681e+15
2.7166e+15
3.48273e+15
3.72103e+15
3.37369e+15
3.86117e+15
5.36292e+15
5.70341e+15
1.27244e+16
1.66452e+16
2.36546e+16
2.19369e+16
2.25462e+16
2.1491e+16
2.83951e+16
2.14924e+16
2.16684e+16
2.00055e+16
2.31207e+16
1.73788e+16
2.20762e+16
2.03833e+16
2.35101e+16
2.08942e+16
2.40833e+16
2.00925e+16
2.92261e+16
2.69057e+16
3.28664e+16
3.26221e+16
3.53939e+16
3.67578e+16
4.18828e+16
4.43228e+16
5.15616e+16
4.91176e+16
5.87788e+16
5.90488e+16
7.75998e+16
6.56846e+16
8.65626e+16
7.88882e+16
1.09779e+17
1.17136e+17
1.39769e+17
1.36278e+17
1.59061e+17
1.56747e+17
1.93269e+17
1.97117e+17
2.32248e+17
2.2018e+17
2.94466e+17
3.02494e+17
3.87291e+17
4.04051e+17
5.47058e+17
5.72509e+17
8.32503e+17
9.3685e+17
1.57582e+18
1.94967e+18
3.93865e+18
8.91566e+18
2.69806e+18
2.47587e+18
6.78769e+17
4.53994e+17
2.60075e+17
2.23423e+17
1.8023e+17
1.62111e+17
1.31427e+17
1.19295e+17
9.34293e+16
8.40402e+16
8.0405e+16
7.35032e+16
6.37516e+16
6.14992e+16
5.41547e+16
4.6063e+16
4.3681e+16
4.32789e+16
3.70123e+16
4.11685e+16
3.52499e+16
3.33027e+16
2.80688e+16
2.87571e+16
2.37165e+16
2.1457e+16
2.56497e+16
2.11204e+16
2.26392e+16
2.17873e+16
2.00246e+16
1.72612e+16
1.73541e+16
1.60362e+16
1.49066e+16
1.352e+16
1.44812e+16
1.27892e+16
1.40948e+16
1.25007e+16
1.2683e+16
1.1782e+16
1.25464e+16
1.16479e+16
1.42765e+16
1.18892e+16
1.30171e+16
1.28318e+16
1.49118e+16
1.53486e+16
1.86009e+16
1.97449e+16
1.80154e+16
1.67918e+16
1.56301e+16
1.50193e+16
1.24158e+16
1.10251e+16
1.05477e+16
1.06871e+16
8.92736e+15
7.57159e+15
5.62711e+15
5.11377e+15
5.29049e+15
4.99226e+15
4.20792e+15
3.61411e+15
1.36624e+15
1.43871e+15
1.51328e+15
8.89771e+14
5.22995e+14
7.43446e+14
5.05557e+14
2.81584e+14
4.86425e+14
3.32257e+14
5.0738e+14
4.21873e+14
6.9825e+14
6.80865e+14
6.52486e+14
4.28149e+14
2.90992e+14
1.86316e+14
2.25495e+14
1.21779e+14
2.08608e+14
1.58509e+14
3.8654e+14
2.43086e+14
9.99116e+13
1.69125e+14
1.40575e+14
1.05762e+14
1.68083e+14
1.93945e+14
7.2819e+14
6.60684e+14
9.87637e+14
1.19633e+15
9.29226e+14
7.97128e+14
8.54559e+14
1.13886e+15
9.58178e+14
1.06175e+15
5.24367e+14
5.24635e+14
3.59783e+14
3.32313e+14
4.47531e+14
2.48063e+14
1.77185e+14
3.99728e+14
1.02839e+15
5.41857e+14
6.21175e+14
7.06085e+14
1.63398e+15
3.15445e+15
1.91917e+15
1.43342e+15
3.17234e+15
4.31742e+15
2.7745e+15
2.84442e+15
3.39043e+15
3.94849e+15
3.79653e+15
3.90895e+15
5.91243e+15
6.30957e+15
1.25347e+16
1.7531e+16
2.82741e+16
2.7091e+16
2.75896e+16
2.67683e+16
3.46987e+16
3.22846e+16
3.07819e+16
2.89254e+16
3.02774e+16
2.83274e+16
3.10588e+16
2.8255e+16
3.37111e+16
2.69158e+16
3.51795e+16
3.05464e+16
3.86647e+16
3.60335e+16
4.51987e+16
3.97225e+16
4.95225e+16
4.49379e+16
5.3352e+16
5.64613e+16
6.86412e+16
6.79558e+16
7.54771e+16
7.82431e+16
9.93584e+16
9.42601e+16
1.10169e+17
1.10586e+17
1.44454e+17
1.45149e+17
1.69852e+17
1.7186e+17
2.08866e+17
1.9631e+17
2.45417e+17
2.51969e+17
2.9136e+17
2.97343e+17
3.45707e+17
3.78933e+17
4.95037e+17
5.14598e+17
6.77733e+17
7.09538e+17
1.02836e+18
1.16822e+18
1.8623e+18
2.27307e+18
4.71783e+18
9.95007e+18
2.43255e+18
2.38333e+18
7.54783e+17
4.70186e+17
2.36582e+17
2.19936e+17
1.67692e+17
1.56482e+17
1.33938e+17
1.19611e+17
1.02376e+17
9.30259e+16
7.57436e+16
7.45142e+16
6.87135e+16
6.54565e+16
5.5481e+16
5.21051e+16
4.9471e+16
4.99525e+16
4.05812e+16
3.76319e+16
3.69437e+16
3.33127e+16
3.37504e+16
3.20896e+16
3.17472e+16
2.88924e+16
2.54473e+16
2.472e+16
2.3822e+16
2.35586e+16
2.05323e+16
2.11423e+16
1.93689e+16
1.94758e+16
1.91804e+16
1.7177e+16
1.83034e+16
1.57651e+16
1.50428e+16
1.2975e+16
1.34566e+16
1.34524e+16
1.41814e+16
1.48606e+16
1.5465e+16
1.58408e+16
1.52606e+16
1.52064e+16
1.611e+16
1.73995e+16
2.09879e+16
2.12396e+16
1.84255e+16
1.70358e+16
1.78191e+16
1.64691e+16
1.32161e+16
1.20714e+16
1.13766e+16
1.06946e+16
8.19741e+15
7.85779e+15
6.28501e+15
5.93758e+15
5.24278e+15
4.65725e+15
2.7139e+15
2.42877e+15
1.45689e+15
7.59206e+14
6.18439e+14
9.44165e+14
6.30167e+14
5.28564e+14
5.41418e+14
3.37747e+14
4.11029e+14
5.7463e+14
3.9576e+14
4.29616e+14
6.52389e+14
7.45876e+14
7.68998e+14
5.45527e+14
3.02998e+14
2.42527e+14
2.96233e+14
2.29046e+14
1.66866e+14
5.54332e+13
4.00255e+14
2.3184e+14
1.04411e+14
1.69611e+14
1.28745e+14
4.57711e+14
6.53563e+14
1.93182e+14
6.53747e+14
9.20081e+14
9.88413e+14
1.17682e+15
9.65111e+14
8.34663e+14
8.79949e+14
1.1233e+15
9.88464e+14
1.07724e+15
5.20558e+14
5.09431e+14
3.17625e+14
3.31124e+14
5.1929e+14
2.97994e+14
2.00895e+14
3.10615e+14
6.26917e+14
7.89372e+14
7.24578e+14
9.21781e+14
1.87933e+15
3.15322e+15
2.7635e+15
1.87582e+15
2.63199e+15
4.25801e+15
3.68885e+15
3.62195e+15
3.54948e+15
3.83083e+15
4.688e+15
4.64482e+15
6.35582e+15
6.56416e+15
1.30918e+16
1.75846e+16
3.20916e+16
3.33872e+16
3.47133e+16
3.27029e+16
3.93087e+16
4.23819e+16
4.29079e+16
4.23387e+16
4.0774e+16
4.01346e+16
4.60853e+16
3.72118e+16
4.22234e+16
4.52811e+16
4.84981e+16
4.31803e+16
4.88149e+16
5.09179e+16
6.08258e+16
6.0231e+16
6.61039e+16
6.11909e+16
7.44615e+16
7.14281e+16
8.18497e+16
8.48073e+16
1.04493e+17
1.04201e+17
1.1154e+17
1.14304e+17
1.4717e+17
1.51576e+17
1.66046e+17
1.80763e+17
2.12308e+17
2.19868e+17
2.51496e+17
2.49352e+17
2.98461e+17
3.03691e+17
3.5497e+17
3.68739e+17
4.45815e+17
4.41888e+17
6.05104e+17
6.24873e+17
8.37543e+17
8.8013e+17
1.20572e+18
1.34882e+18
2.07717e+18
2.45053e+18
4.68387e+18
1.14544e+19
2.24841e+18
2.32059e+18
7.34922e+17
4.75954e+17
2.22947e+17
2.02156e+17
1.68991e+17
1.52283e+17
1.30038e+17
1.18887e+17
1.00158e+17
8.75709e+16
7.43531e+16
7.90638e+16
6.93839e+16
6.41237e+16
5.31192e+16
5.79895e+16
4.98961e+16
5.07123e+16
4.24838e+16
4.25327e+16
3.70649e+16
3.47147e+16
3.55322e+16
3.05312e+16
3.12962e+16
3.09783e+16
3.0739e+16
2.53635e+16
2.20451e+16
2.29695e+16
2.33151e+16
2.17084e+16
2.12197e+16
1.98241e+16
1.83165e+16
1.97797e+16
1.60177e+16
1.6091e+16
1.63097e+16
1.59475e+16
1.66272e+16
1.72242e+16
1.80455e+16
1.83626e+16
1.85779e+16
2.00597e+16
1.73045e+16
1.65105e+16
1.88558e+16
1.98699e+16
2.32582e+16
2.2457e+16
1.88731e+16
1.82782e+16
1.71055e+16
1.68559e+16
1.30933e+16
1.31025e+16
1.23152e+16
1.16086e+16
9.4196e+15
8.72779e+15
8.70345e+15
7.70158e+15
6.84536e+15
5.19771e+15
3.12268e+15
1.70454e+15
1.75887e+15
1.77541e+15
6.39788e+14
6.38081e+14
6.35189e+14
4.71191e+14
4.45291e+14
4.82476e+14
2.96623e+14
6.43862e+14
4.23854e+14
4.54646e+14
6.38512e+14
8.72943e+14
6.84233e+14
5.92637e+14
4.43705e+14
4.36474e+14
3.10125e+14
3.18454e+14
1.73808e+14
8.87189e+13
4.1675e+14
2.26405e+14
9.6728e+13
1.29011e+14
9.81717e+13
9.07174e+13
4.16253e+14
5.05609e+14
5.97957e+14
8.34457e+14
1.07699e+15
1.28303e+15
8.3482e+14
8.50825e+14
9.39047e+14
1.13834e+15
9.34358e+14
1.20022e+15
5.38238e+14
5.36098e+14
3.05671e+14
3.17029e+14
3.79182e+14
3.10229e+14
1.97593e+14
2.99392e+14
6.74729e+14
4.61775e+14
6.62689e+14
7.92147e+14
2.05321e+15
2.27679e+15
2.6964e+15
2.31906e+15
2.39633e+15
3.90167e+15
4.43915e+15
3.94583e+15
3.74498e+15
3.79237e+15
5.4574e+15
4.90298e+15
5.96995e+15
7.19266e+15
1.29003e+16
1.92273e+16
3.49335e+16
3.86846e+16
4.4741e+16
4.23414e+16
4.48415e+16
4.8339e+16
5.96841e+16
5.08358e+16
5.70124e+16
5.37355e+16
5.98512e+16
5.53834e+16
5.84296e+16
5.67039e+16
6.36846e+16
5.86792e+16
6.66878e+16
6.26641e+16
7.1296e+16
7.73713e+16
9.00106e+16
8.28404e+16
9.65713e+16
9.31311e+16
1.08131e+17
9.52125e+16
1.27167e+17
1.21009e+17
1.43192e+17
1.45005e+17
1.62877e+17
1.82655e+17
2.18128e+17
2.09196e+17
2.47182e+17
2.4491e+17
3.0698e+17
3.09388e+17
3.6986e+17
3.60763e+17
4.1599e+17
4.41032e+17
5.30731e+17
5.42865e+17
6.72596e+17
7.23056e+17
9.17905e+17
1.04718e+18
1.35283e+18
1.5241e+18
2.19766e+18
2.57036e+18
4.64506e+18
1.16414e+19
2.10472e+18
2.15987e+18
6.69361e+17
4.02008e+17
2.09075e+17
1.87482e+17
1.61102e+17
1.39628e+17
1.19725e+17
1.20254e+17
9.9943e+16
8.75828e+16
7.64544e+16
7.38719e+16
6.76709e+16
6.73815e+16
6.06522e+16
5.38401e+16
4.9859e+16
4.22444e+16
4.56903e+16
4.0967e+16
3.89473e+16
4.36861e+16
3.78454e+16
3.50126e+16
3.04745e+16
2.79422e+16
2.87482e+16
2.57355e+16
2.44798e+16
2.23902e+16
1.94603e+16
2.16145e+16
1.96724e+16
2.04406e+16
2.21985e+16
1.91737e+16
1.93542e+16
1.76687e+16
1.84536e+16
1.65705e+16
1.85922e+16
1.77344e+16
2.01179e+16
1.85277e+16
1.95966e+16
1.93566e+16
1.95958e+16
1.84683e+16
2.11955e+16
2.07484e+16
2.52059e+16
2.2899e+16
2.0477e+16
2.04048e+16
1.7338e+16
1.61494e+16
1.42198e+16
1.31611e+16
1.28065e+16
1.19149e+16
1.00251e+16
9.47377e+15
9.19321e+15
8.25354e+15
7.68369e+15
6.62059e+15
5.1652e+15
3.83489e+15
2.76028e+15
1.28608e+15
1.38663e+15
8.26577e+14
4.73296e+14
8.03519e+14
7.36219e+14
4.97093e+14
2.92937e+14
5.38006e+14
5.74534e+14
6.3482e+14
6.53376e+14
8.64657e+14
7.43465e+14
6.16903e+14
3.58619e+14
3.23918e+14
1.94647e+14
3.11871e+14
2.43733e+14
1.29156e+14
3.82427e+14
2.32145e+14
1.01914e+14
1.2553e+14
2.42243e+14
1.77883e+14
3.04808e+14
7.1969e+14
6.20323e+14
8.51583e+14
1.17072e+15
1.28575e+15
9.30906e+14
7.99052e+14
1.03811e+15
1.16996e+15
9.4346e+14
1.09379e+15
5.45541e+14
5.3008e+14
3.7805e+14
3.16075e+14
3.82989e+14
2.53555e+14
2.33235e+14
3.43497e+14
5.02088e+14
3.81004e+14
1.88616e+15
8.54708e+14
2.06929e+15
3.33695e+15
2.57084e+15
2.89548e+15
2.84366e+15
3.5908e+15
4.5904e+15
3.55528e+15
3.80699e+15
3.79302e+15
5.96194e+15
5.40348e+15
6.47421e+15
8.04863e+15
1.29485e+16
1.94164e+16
3.50448e+16
4.5025e+16
5.39169e+16
5.0778e+16
5.702e+16
5.77787e+16
6.5743e+16
7.18765e+16
7.19142e+16
6.64356e+16
7.37364e+16
6.8987e+16
8.01775e+16
7.13398e+16
8.24933e+16
7.81768e+16
8.46477e+16
8.30354e+16
9.54665e+16
8.91142e+16
1.01141e+17
1.04208e+17
1.29763e+17
1.11982e+17
1.3505e+17
1.26594e+17
1.47264e+17
1.42563e+17
1.77451e+17
1.81605e+17
1.975e+17
1.94602e+17
2.47317e+17
2.5678e+17
3.00352e+17
2.83878e+17
3.32177e+17
3.52617e+17
4.08255e+17
4.36772e+17
4.89621e+17
5.08123e+17
5.93929e+17
6.34401e+17
7.70059e+17
8.33071e+17
1.051e+18
1.10039e+18
1.49829e+18
1.6762e+18
2.24621e+18
2.63225e+18
4.53275e+18
1.17202e+19
1.84138e+18
1.97886e+18
5.33971e+17
3.06957e+17
1.82802e+17
1.76808e+17
1.38795e+17
1.34408e+17
1.16353e+17
1.14609e+17
9.45213e+16
9.61397e+16
8.07872e+16
8.44755e+16
6.81702e+16
6.46337e+16
5.72376e+16
5.20665e+16
5.21206e+16
5.17094e+16
4.2095e+16
3.94358e+16
3.84317e+16
3.62646e+16
3.7817e+16
3.53728e+16
3.21067e+16
3.01208e+16
3.14359e+16
2.90873e+16
2.71182e+16
2.74291e+16
2.99179e+16
2.44411e+16
2.28727e+16
2.44275e+16
2.05164e+16
1.9209e+16
1.98105e+16
1.88725e+16
2.01241e+16
1.9954e+16
2.06562e+16
1.9929e+16
1.83735e+16
1.85339e+16
2.07219e+16
2.05421e+16
2.15993e+16
2.24174e+16
2.17081e+16
2.34908e+16
2.45902e+16
2.2925e+16
2.04058e+16
2.00962e+16
1.79279e+16
1.62177e+16
1.43599e+16
1.4227e+16
1.28191e+16
1.21629e+16
1.04986e+16
1.08155e+16
9.21601e+15
8.14537e+15
6.9011e+15
5.91738e+15
3.54627e+15
2.78304e+15
2.78817e+15
2.4739e+15
1.12994e+15
1.11167e+15
8.78394e+14
1.14967e+15
1.00566e+15
1.37895e+15
4.28324e+14
2.59169e+14
6.64198e+14
5.77357e+14
8.25673e+14
9.23966e+14
8.98063e+14
6.15485e+14
4.5909e+14
3.66735e+14
1.92823e+14
1.69091e+14
2.92465e+14
9.37804e+13
3.51522e+14
2.17109e+14
1.32619e+14
2.32972e+14
8.88605e+14
2.91108e+14
4.86323e+14
3.28809e+14
8.21401e+14
9.31457e+14
1.03894e+15
1.23298e+15
8.3497e+14
8.33469e+14
1.07073e+15
1.16051e+15
9.67027e+14
1.06713e+15
5.46175e+14
5.76617e+14
5.08114e+14
3.84349e+14
3.71558e+14
3.13505e+14
4.5787e+14
1.07478e+15
9.88535e+14
8.04263e+14
1.58327e+15
9.79936e+14
1.58384e+15
2.14562e+15
2.53556e+15
3.14685e+15
3.13848e+15
3.81856e+15
4.92884e+15
4.09179e+15
3.81636e+15
4.25232e+15
6.54434e+15
6.45182e+15
6.63649e+15
8.33418e+15
1.35281e+16
2.01849e+16
3.61959e+16
4.64006e+16
5.97059e+16
5.8466e+16
6.75175e+16
6.76984e+16
8.45506e+16
7.33475e+16
9.34392e+16
8.48132e+16
9.22888e+16
8.62106e+16
8.40311e+16
9.40625e+16
1.01298e+17
9.43805e+16
1.06418e+17
1.0237e+17
1.10435e+17
1.19131e+17
1.32404e+17
1.20468e+17
1.37059e+17
1.49031e+17
1.59609e+17
1.56847e+17
1.85293e+17
1.80865e+17
2.15073e+17
2.19609e+17
2.41863e+17
2.36599e+17
2.60942e+17
2.76356e+17
3.22457e+17
3.23512e+17
3.61715e+17
3.97866e+17
4.67258e+17
4.83625e+17
5.60687e+17
5.7383e+17
6.61039e+17
7.04896e+17
8.21273e+17
9.21226e+17
1.11802e+18
1.23928e+18
1.83543e+18
1.9061e+18
2.57468e+18
2.59441e+18
4.50608e+18
1.17304e+19
1.60459e+18
1.75454e+18
2.77398e+17
2.06827e+17
1.566e+17
1.54568e+17
1.44497e+17
1.21062e+17
1.12002e+17
1.13519e+17
9.05029e+16
9.42636e+16
7.57637e+16
7.97958e+16
7.26639e+16
6.9229e+16
6.27519e+16
5.36598e+16
5.27449e+16
4.51279e+16
4.51883e+16
4.35179e+16
3.87108e+16
3.63601e+16
3.52113e+16
3.50812e+16
3.68755e+16
3.1736e+16
2.99462e+16
2.74529e+16
3.32648e+16
2.64182e+16
2.53035e+16
2.59104e+16
2.82476e+16
2.52642e+16
2.59718e+16
2.31287e+16
2.35619e+16
2.10337e+16
2.16941e+16
2.23375e+16
2.18505e+16
1.95405e+16
2.27718e+16
2.1494e+16
2.13985e+16
2.19321e+16
2.37048e+16
2.39016e+16
2.48644e+16
2.49722e+16
2.44664e+16
2.45512e+16
2.08309e+16
1.97373e+16
1.91301e+16
1.69287e+16
1.55747e+16
1.50387e+16
1.35862e+16
1.31177e+16
1.10651e+16
1.13603e+16
8.52019e+15
8.08004e+15
6.05728e+15
4.92812e+15
4.53766e+15
4.08775e+15
2.45568e+15
2.11846e+15
1.89898e+15
8.31741e+14
1.33022e+15
9.1451e+14
5.72038e+14
1.06651e+15
8.86052e+14
2.04978e+14
6.59161e+14
6.01381e+14
8.15797e+14
8.89645e+14
9.64569e+14
7.96637e+14
3.36551e+14
4.37847e+14
2.66988e+14
1.69802e+14
1.9732e+14
5.3448e+13
2.41952e+14
1.64968e+14
2.05034e+14
3.51623e+14
2.96382e+14
9.18849e+14
3.67323e+14
1.29679e+15
8.65452e+14
9.9037e+14
1.00507e+15
1.15454e+15
9.02947e+14
7.43487e+14
1.08468e+15
1.1567e+15
9.67063e+14
1.10418e+15
5.02621e+14
5.5847e+14
4.94852e+14
3.07331e+14
1.8378e+14
3.68237e+14
2.89286e+14
4.86527e+14
8.8526e+14
1.09705e+15
4.79102e+14
1.43271e+15
1.38448e+15
2.30076e+15
2.9325e+15
2.88816e+15
3.23552e+15
3.31308e+15
5.10095e+15
4.49183e+15
4.06107e+15
4.36913e+15
6.32978e+15
6.32752e+15
8.65454e+15
8.48832e+15
1.34841e+16
1.82668e+16
3.64887e+16
4.70582e+16
6.47693e+16
6.57623e+16
7.51112e+16
7.99924e+16
9.25963e+16
1.00104e+17
9.59025e+16
1.01469e+17
1.12683e+17
9.81105e+16
1.15711e+17
1.04189e+17
1.21531e+17
1.14504e+17
1.19961e+17
1.17441e+17
1.33249e+17
1.19806e+17
1.42579e+17
1.52679e+17
1.70609e+17
1.52068e+17
1.89898e+17
1.83006e+17
2.04887e+17
2.11426e+17
2.4381e+17
2.35413e+17
2.7753e+17
2.83923e+17
3.11852e+17
3.06176e+17
3.54825e+17
3.55804e+17
4.08804e+17
4.18314e+17
4.69539e+17
5.22545e+17
5.87606e+17
5.94903e+17
6.94794e+17
7.35449e+17
9.1468e+17
9.26826e+17
1.18232e+18
1.30639e+18
2.06564e+18
2.67018e+18
3.84959e+18
2.84144e+18
4.5838e+18
1.18657e+19
1.38546e+18
1.38029e+18
1.80876e+17
1.60957e+17
1.50225e+17
1.44176e+17
1.27194e+17
1.24854e+17
1.07886e+17
9.53971e+16
8.12583e+16
8.85554e+16
6.78999e+16
6.73768e+16
6.23284e+16
6.17058e+16
5.58808e+16
6.30778e+16
6.10722e+16
4.80616e+16
4.34062e+16
3.68771e+16
3.83767e+16
3.74739e+16
4.136e+16
3.61585e+16
3.75631e+16
3.52774e+16
3.09013e+16
3.28915e+16
3.12268e+16
2.96537e+16
2.93012e+16
2.72084e+16
2.77175e+16
2.7137e+16
2.50985e+16
2.58174e+16
2.4946e+16
2.30027e+16
2.47648e+16
2.41133e+16
2.43892e+16
2.53571e+16
2.32919e+16
2.19939e+16
2.57294e+16
2.27434e+16
2.54896e+16
2.45108e+16
2.87593e+16
2.75422e+16
2.54586e+16
2.38913e+16
2.15892e+16
2.15588e+16
1.81486e+16
1.65894e+16
1.61971e+16
1.5423e+16
1.41549e+16
1.34549e+16
1.16409e+16
1.18782e+16
7.91216e+15
7.82653e+15
5.96887e+15
5.58328e+15
4.06389e+15
3.11499e+15
3.60007e+15
2.99405e+15
2.11797e+15
1.48831e+15
8.80324e+14
7.31505e+14
6.75828e+14
4.75595e+14
1.06667e+15
4.2386e+14
5.77492e+14
6.24025e+14
8.39733e+14
1.21245e+15
8.80934e+14
6.91822e+14
3.72858e+14
4.449e+14
2.25561e+14
2.42299e+14
2.87676e+14
6.36978e+13
2.48445e+14
1.19388e+14
3.887e+14
5.30387e+14
5.63352e+14
1.47429e+14
3.42648e+14
6.00096e+14
1.22058e+15
1.03605e+15
1.01707e+15
1.10761e+15
9.83571e+14
8.13307e+14
1.1194e+15
1.31514e+15
9.66328e+14
1.11526e+15
4.35734e+14
4.26296e+14
4.05351e+14
2.89618e+14
1.86573e+14
2.19553e+14
4.01155e+14
5.03835e+14
1.10708e+15
1.37936e+15
1.16423e+15
8.64038e+14
1.60195e+15
2.13845e+15
2.33359e+15
3.89054e+15
4.20222e+15
3.59514e+15
5.00987e+15
5.37021e+15
4.07597e+15
5.70268e+15
6.3071e+15
6.64381e+15
7.24148e+15
1.10555e+16
1.45997e+16
1.90882e+16
3.55693e+16
4.7594e+16
7.36505e+16
7.72854e+16
9.05953e+16
8.52152e+16
9.81671e+16
9.62026e+16
1.23275e+17
1.13036e+17
1.15601e+17
1.30587e+17
1.31705e+17
1.26953e+17
1.5046e+17
1.30787e+17
1.49781e+17
1.37785e+17
1.51259e+17
1.58784e+17
1.63294e+17
1.65794e+17
1.72762e+17
1.91448e+17
1.86772e+17
2.14545e+17
2.52437e+17
2.46182e+17
2.67476e+17
2.70265e+17
3.05715e+17
3.1741e+17
3.28745e+17
3.27211e+17
3.66372e+17
3.64895e+17
4.08608e+17
4.41653e+17
4.80547e+17
5.10088e+17
6.07531e+17
6.37092e+17
7.55007e+17
7.74111e+17
9.15034e+17
9.96693e+17
1.20828e+18
1.31011e+18
2.04257e+18
3.07288e+18
5.59892e+18
3.95429e+18
4.58494e+18
1.17585e+19
1.06581e+18
9.37634e+17
1.65307e+17
1.45403e+17
1.35343e+17
1.34609e+17
1.12583e+17
1.03776e+17
9.09336e+16
9.0129e+16
8.97945e+16
7.66394e+16
6.7207e+16
6.43831e+16
5.60819e+16
5.69651e+16
4.99295e+16
5.21883e+16
4.93683e+16
4.88657e+16
4.45308e+16
4.32139e+16
4.27693e+16
3.99003e+16
4.11127e+16
4.10352e+16
4.00143e+16
3.17068e+16
3.34401e+16
2.95825e+16
3.02167e+16
3.03442e+16
2.88782e+16
2.76485e+16
2.82789e+16
2.98049e+16
3.2902e+16
2.75209e+16
2.66212e+16
2.70152e+16
2.72767e+16
2.75862e+16
2.66366e+16
2.69746e+16
2.9891e+16
2.75659e+16
2.74406e+16
2.82252e+16
2.60036e+16
2.71459e+16
2.94892e+16
2.85531e+16
2.57739e+16
2.43629e+16
2.21164e+16
2.16102e+16
1.86036e+16
1.71984e+16
1.65964e+16
1.70883e+16
1.39258e+16
1.26181e+16
1.28353e+16
1.13028e+16
7.37806e+15
6.6729e+15
5.92188e+15
6.22824e+15
7.90939e+15
4.71796e+15
4.24498e+15
2.74583e+15
2.06423e+15
2.05641e+15
7.5684e+14
5.82105e+14
6.53176e+14
4.76306e+14
1.10512e+15
9.01881e+14
4.60535e+14
7.25994e+14
7.34491e+14
1.13012e+15
8.88638e+14
6.50774e+14
3.97599e+14
5.00193e+14
1.22328e+14
1.30838e+14
3.14215e+14
1.16462e+14
2.48865e+14
1.15675e+14
3.78942e+14
4.31449e+14
4.5512e+14
4.54058e+14
7.42876e+14
3.82331e+14
1.12016e+15
1.12683e+15
1.19312e+15
1.18255e+15
9.70205e+14
7.86704e+14
1.04965e+15
1.9066e+15
9.48183e+14
1.07048e+15
4.51824e+14
4.18505e+14
3.92245e+14
3.06493e+14
1.85012e+14
2.87973e+14
5.06531e+14
5.00648e+14
1.68015e+15
1.53968e+15
1.38687e+15
1.54716e+15
1.36219e+15
2.1745e+15
3.20775e+15
7.15346e+15
5.28771e+15
4.84048e+15
4.34476e+15
5.69765e+15
4.59445e+15
4.45992e+15
6.3681e+15
6.83439e+15
7.50252e+15
9.89359e+15
1.42834e+16
1.7356e+16
3.31454e+16
4.73114e+16
7.11183e+16
8.10582e+16
9.44934e+16
9.78474e+16
9.94929e+16
1.04727e+17
1.2027e+17
1.21804e+17
1.26404e+17
1.27996e+17
1.47529e+17
1.39077e+17
1.47699e+17
1.6356e+17
1.57445e+17
1.59126e+17
1.68631e+17
1.73481e+17
1.74198e+17
1.83399e+17
2.02665e+17
2.00108e+17
2.19185e+17
2.22464e+17
2.45489e+17
2.80753e+17
2.93284e+17
2.95921e+17
3.07382e+17
3.42113e+17
3.42945e+17
3.66146e+17
4.12363e+17
3.96897e+17
4.32551e+17
4.43059e+17
5.036e+17
5.40847e+17
6.27081e+17
6.78004e+17
7.70303e+17
8.27128e+17
9.2791e+17
1.03903e+18
1.23717e+18
1.31814e+18
1.89951e+18
3.15869e+18
6.82673e+18
6.03973e+18
4.76945e+18
1.16664e+19
7.08813e+17
5.79232e+17
1.54037e+17
1.40443e+17
1.15137e+17
1.30421e+17
1.13034e+17
1.04835e+17
9.27847e+16
8.90135e+16
9.53327e+16
8.86564e+16
6.14368e+16
6.07881e+16
6.62099e+16
6.46281e+16
5.7202e+16
4.55083e+16
4.73171e+16
4.79338e+16
4.16701e+16
5.20244e+16
4.19173e+16
4.20085e+16
3.89111e+16
3.92397e+16
3.54247e+16
3.49105e+16
3.55648e+16
3.4383e+16
3.46734e+16
2.81168e+16
3.16199e+16
3.29454e+16
3.12776e+16
2.92328e+16
2.78798e+16
3.12324e+16
3.1082e+16
2.92545e+16
2.77764e+16
2.71734e+16
2.88427e+16
2.87212e+16
2.91469e+16
2.83945e+16
2.83434e+16
2.85478e+16
2.91878e+16
2.98171e+16
2.8404e+16
2.78948e+16
2.58805e+16
2.51792e+16
2.28439e+16
2.21071e+16
1.96485e+16
1.89387e+16
1.6593e+16
1.79845e+16
1.41581e+16
1.31442e+16
1.25915e+16
1.01274e+16
9.49586e+15
7.37106e+15
6.69315e+15
6.27005e+15
4.28238e+15
7.43643e+15
3.86621e+15
3.96434e+15
2.23453e+15
1.74538e+15
9.50765e+14
7.67936e+14
5.6532e+14
6.27632e+14
7.82498e+14
1.18334e+15
4.04655e+14
8.62578e+14
7.50409e+14
1.07307e+15
1.08211e+15
6.86637e+14
3.95081e+14
3.88023e+14
1.5092e+14
1.31328e+14
1.89146e+14
1.1797e+14
2.56117e+14
1.10806e+14
5.37801e+14
3.48834e+14
2.99842e+14
5.42679e+14
6.38302e+14
5.28308e+14
1.03107e+15
1.20995e+15
1.17097e+15
1.20357e+15
1.12695e+15
9.74178e+14
9.91006e+14
1.9111e+15
9.49972e+14
1.00505e+15
5.06722e+14
4.18256e+14
3.75432e+14
3.08337e+14
1.92502e+14
2.91025e+14
5.71294e+14
4.55789e+14
1.28537e+15
1.47537e+15
1.11906e+15
1.98266e+15
1.39614e+15
1.67658e+15
3.48594e+15
3.70765e+15
6.66736e+15
5.49412e+15
4.93337e+15
6.01342e+15
5.55099e+15
4.37378e+15
6.59315e+15
6.67673e+15
7.83994e+15
9.12802e+15
1.63948e+16
1.69641e+16
3.30868e+16
4.79857e+16
6.80775e+16
8.23075e+16
9.62205e+16
1.0671e+17
1.11946e+17
1.05587e+17
1.28657e+17
1.21025e+17
1.41375e+17
1.47643e+17
1.48686e+17
1.50514e+17
1.63858e+17
1.56252e+17
1.80987e+17
1.69713e+17
1.84198e+17
1.79136e+17
1.87851e+17
1.87324e+17
2.08344e+17
2.17838e+17
2.19391e+17
2.28629e+17
2.61408e+17
2.87353e+17
2.92982e+17
3.17153e+17
3.49593e+17
3.35804e+17
3.76302e+17
3.85782e+17
4.04212e+17
4.41989e+17
4.59663e+17
4.65371e+17
5.17901e+17
5.49322e+17
6.42452e+17
6.83231e+17
8.06938e+17
8.68866e+17
9.46612e+17
1.02874e+18
1.24815e+18
1.32513e+18
1.74863e+18
2.84108e+18
7.37276e+18
8.83085e+18
5.10944e+18
1.15864e+19
3.09145e+17
3.01773e+17
1.48846e+17
1.46995e+17
1.14092e+17
1.14154e+17
1.10626e+17
1.09652e+17
9.63108e+16
8.8016e+16
7.45444e+16
6.60871e+16
6.67193e+16
5.75359e+16
5.55096e+16
6.42752e+16
6.31447e+16
5.90565e+16
5.17957e+16
4.93871e+16
3.93927e+16
3.82187e+16
4.4568e+16
3.78614e+16
3.7418e+16
3.72255e+16
3.57967e+16
3.27119e+16
3.84292e+16
3.70965e+16
4.23486e+16
3.79496e+16
3.02962e+16
2.86201e+16
2.84247e+16
2.77429e+16
3.11125e+16
3.43282e+16
3.81119e+16
3.01321e+16
3.23295e+16
3.17177e+16
3.40143e+16
3.20561e+16
2.85167e+16
2.98256e+16
3.07175e+16
3.17215e+16
2.96981e+16
2.87665e+16
2.80624e+16
2.63189e+16
2.56388e+16
2.66295e+16
2.323e+16
2.17871e+16
2.10804e+16
1.97519e+16
1.73402e+16
1.68225e+16
1.56052e+16
1.36918e+16
1.21057e+16
1.10573e+16
7.33455e+15
7.15447e+15
8.28082e+15
8.09932e+15
1.27577e+16
6.0445e+15
4.07262e+15
2.76254e+15
2.44718e+15
2.27129e+15
8.93291e+14
7.27466e+14
6.57455e+14
6.28454e+14
3.71504e+14
4.76058e+14
4.55479e+14
9.13316e+14
1.12418e+15
1.07519e+15
1.01083e+15
9.11112e+14
4.168e+14
3.63665e+14
1.25522e+14
1.58998e+14
1.60951e+14
1.05338e+14
2.06479e+14
2.62851e+14
1.95892e+14
2.1199e+14
4.47642e+14
6.28544e+14
7.33917e+14
6.19636e+14
1.19154e+15
1.26353e+15
1.32508e+15
1.22567e+15
1.11979e+15
2.43999e+15
1.06598e+15
1.93207e+15
9.58965e+14
1.00316e+15
4.71158e+14
4.28102e+14
3.93749e+14
3.18501e+14
2.40208e+14
3.08056e+14
5.80374e+14
4.42742e+14
1.16492e+15
3.12248e+15
9.97047e+14
1.13172e+15
1.79452e+15
2.0151e+15
2.6243e+15
2.49287e+15
7.71755e+15
6.56024e+15
4.8496e+15
5.79788e+15
7.58136e+15
5.64483e+15
7.49447e+15
7.34446e+15
9.9204e+15
9.95068e+15
1.53003e+16
2.05249e+16
3.22736e+16
4.14222e+16
6.2673e+16
7.82864e+16
9.31656e+16
1.04951e+17
1.2274e+17
1.12319e+17
1.10088e+17
1.32931e+17
1.43659e+17
1.46923e+17
1.61411e+17
1.60991e+17
1.89194e+17
1.95306e+17
1.89296e+17
1.99898e+17
1.8294e+17
2.01814e+17
1.8914e+17
2.18648e+17
2.04008e+17
2.12266e+17
2.28969e+17
2.17917e+17
2.7169e+17
2.93424e+17
3.2598e+17
3.07459e+17
3.38987e+17
3.49407e+17
3.97451e+17
4.14641e+17
4.20971e+17
4.31065e+17
4.81231e+17
4.91308e+17
5.05097e+17
5.5591e+17
6.64511e+17
7.07945e+17
8.33978e+17
8.79443e+17
9.99624e+17
1.04988e+18
1.2187e+18
1.30776e+18
1.66139e+18
2.13358e+18
7.3419e+18
9.60158e+18
6.77636e+18
1.17138e+19
1.23334e+16
2.4848e+16
5.79608e+14
4.06599e+14
5.5634e+14
9.24411e+15
2.19369e+15
1.62832e+16
4.28946e+15
8.51512e+15
1.35442e+16
1.18885e+16
2.19023e+16
1.42353e+16
6.63543e+15
1.09804e+15
5.88672e+14
8.56145e+14
7.50702e+15
9.01864e+14
2.31711e+16
4.61318e+15
4.15491e+15
4.40738e+15
1.30037e+15
1.25091e+15
1.57837e+15
1.48636e+15
2.0398e+15
1.01079e+15
7.06497e+14
1.42617e+14
3.10471e+14
5.35891e+14
9.42434e+14
8.97333e+14
1.13071e+15
1.5965e+16
9.71429e+14
7.28538e+14
3.29271e+14
1.64493e+14
1.27389e+14
1.62733e+14
3.59915e+14
1.87243e+14
6.1835e+14
1.10979e+15
1.06199e+15
