5.89995e+13
2.66479e+16
4.20439e+13
8.77896e+14
5.74874e+16
4.86498e+16
1.7337e+17
1.85566e+16
1.18571e+16
3.15484e+15
7.93595e+15
7.75885e+16
3.75595e+16
1.39202e+17
2.36612e+16
3.63185e+16
5.14195e+16
1.29914e+16
7.23882e+16
5.69943e+16
4.71859e+16
5.83682e+16
1.02584e+17
7.01837e+15
9.57959e+15
9.83462e+15
4.0097e+16
9.5611e+16
4.76423e+16
6.85696e+16
3.8334e+16
8.46097e+15
1.35864e+16
1.68462e+15
2.04574e+18
1.73071e+18
2.33939e+18
1.47843e+18
2.50378e+18
1.36134e+18
2.95853e+18
4.71053e+16
1.19056e+18
3.79175e+18
1.0721e+18
6.47594e+16
1.05383e+18
9.68458e+17
4.13132e+16
4.61608e+16
7.97004e+18
9.24605e+17
9.51622e+17
1.11619e+16
8.29354e+17
1.01803e+18
1.02614e+18
7.17698e+17
1.06679e+18
5.61239e+17
5.5379e+16
5.06311e+16
7.03912e+16
1.40129e+18
4.12591e+16
8.53294e+16
9.72422e+17
5.90404e+17
3.49413e+16
1.51495e+17
1.70263e+18
3.37689e+16
1.17626e+17
5.25331e+17
3.12565e+16
7.00054e+17
1.75407e+17
2.99789e+16
1.39906e+17
2.83314e+16
6.77103e+17
1.05953e+16
6.98808e+15
1.47975e+17
2.95857e+16
6.25844e+17
2.48766e+16
1.43685e+17
1.91176e+18
1.8011e+18
1.66929e+18
2.38016e+18
2.5783e+18
1.3179e+18
3.9514e+18
2.48455e+16
6.46517e+17
1.19147e+18
4.68047e+18
2.74585e+16
2.88032e+17
1.45257e+18
2.34475e+17
9.82897e+17
1.08156e+17
1.88021e+16
5.87694e+18
4.09197e+18
3.35954e+18
3.73901e+17
5.04016e+17
9.02663e+17
4.94436e+17
4.61596e+17
1.48013e+16
1.25406e+18
7.14393e+17
1.25481e+17
1.12111e+16
6.82682e+17
2.06617e+17
7.64773e+15
1.80241e+17
8.95004e+16
8.46934e+15
6.34637e+17
1.13185e+16
1.04299e+18
9.18324e+16
1.7551e+16
1.12463e+18
8.96686e+17
7.97383e+17
1.3722e+18
1.65268e+17
1.06319e+17
5.77487e+17
1.27445e+18
4.9503e+16
1.42847e+16
6.44048e+16
4.72654e+15
1.67843e+17
1.32252e+17
5.76991e+17
1.79019e+17
3.39281e+16
3.7042e+16
1.3336e+17
1.93451e+15
2.19752e+18
8.34797e+17
2.38991e+18
9.23329e+15
5.58833e+17
9.29462e+15
1.94979e+18
9.13569e+15
3.29771e+16
3.1105e+18
4.93271e+17
5.18371e+16
1.59151e+16
1.63609e+18
2.44477e+16
3.43589e+14
4.80953e+17
3.43244e+16
4.16568e+17
6.9586e+17
4.5793e+17
4.0913e+17
4.09928e+17
1.03038e+17
1.2318e+18
8.12197e+18
1.74594e+18
2.69878e+16
3.59319e+16
1.20142e+18
1.29406e+18
1.20578e+18
5.21826e+17
5.46074e+17
5.13904e+16
7.43609e+16
3.91575e+16
4.40252e+17
1.55419e+18
3.69441e+17
1.45896e+16
1.0431e+18
2.82506e+16
9.04995e+17
8.63109e+16
1.74076e+17
6.36299e+16
1.11174e+17
2.47403e+17
2.49523e+16
1.12592e+16
1.59502e+18
7.13892e+17
7.78439e+17
7.37263e+15
1.17582e+16
1.21324e+16
1.98944e+16
1.81746e+17
2.3688e+17
2.58212e+17
2.31406e+15
1.01748e+15
6.34547e+17
1.8516e+17
1.21875e+17
9.18272e+16
5.69955e+17
1.7475e+16
6.52972e+17
4.07318e+17
2.28235e+18
2.38392e+18
2.35968e+18
2.27027e+18
1.78201e+18
1.55847e+18
3.10402e+18
1.50114e+16
6.26833e+15
2.26576e+18
3.89727e+18
1.10507e+16
1.17013e+16
2.26473e+17
1.40639e+18
1.22043e+18
2.71169e+18
3.9438e+18
1.68179e+17
2.07428e+17
2.07089e+17
1.69234e+16
5.23283e+17
3.55146e+18
1.85713e+18
5.27976e+16
7.34877e+16
6.36016e+16
1.3883e+16
2.05481e+16
2.05206e+18
5.11832e+15
8.18638e+15
2.52537e+15
8.17439e+15
4.89604e+17
1.63727e+16
3.83655e+15
9.3324e+17
4.31613e+17
3.15185e+18
4.62378e+18
3.6668e+15
9.41677e+17
2.5032e+16
6.75629e+16
1.22487e+17
9.77112e+16
1.76513e+15
2.00201e+16
1.23387e+18
1.19258e+16
4.33534e+16
7.68383e+17
2.71657e+16
6.6677e+16
8.10665e+16
4.12503e+16
4.28321e+16
6.06801e+16
3.11103e+16
5.57811e+16
2.296e+16
4.5081e+17
2.8172e+17
1.16187e+16
6.29336e+17
3.21643e+16
4.8463e+17
1.99077e+15
4.76332e+15
4.31128e+17
4.16253e+15
3.69409e+16
3.47627e+16
2.23878e+17
5.3704e+17
7.36603e+17
9.68953e+17
1.28092e+16
1.36697e+16
2.20721e+16
2.90516e+16
8.81919e+15
9.71693e+15
9.80372e+15
1.79621e+16
1.65851e+16
1.56596e+16
1.06778e+16
2.72341e+16
2.07167e+16
1.78527e+16
2.20121e+16
1.70364e+16
1.06678e+16
3.46912e+16
2.93102e+16
2.24371e+16
2.07985e+16
3.78904e+17
5.97354e+15
1.23897e+16
1.75889e+15
3.05831e+15
5.94196e+15
1.05204e+15
3.54635e+15
2.46513e+15
2.02373e+15
6.97777e+15
1.38265e+15
1.29345e+15
2.68227e+15
1.57253e+15
1.8573e+15
3.98252e+15
1.05645e+15
9.52916e+14
1.17519e+15
1.72708e+15
1.75599e+15
4.66489e+13
1.19141e+15
3.04264e+15
2.30562e+15
8.98638e+14
1.76923e+15
2.51872e+15
1.19279e+15
2.68092e+15
2.14394e+15
2.5645e+15
1.65659e+15
2.58486e+15
2.88562e+15
1.24358e+15
6.39378e+15
4.40951e+15
5.08494e+15
5.50052e+15
9.41486e+15
1.13662e+16
2.38687e+15
3.79724e+15
4.2977e+15
4.2981e+15
8.03068e+15
5.73664e+15
6.81637e+15
4.71729e+15
4.125e+15
3.59546e+15
9.3132e+15
5.81975e+15
7.70985e+15
3.17761e+16
2.78952e+16
1.35934e+16
8.81696e+15
8.91837e+15
9.50586e+15
1.53776e+16
5.33905e+16
4.48087e+15
4.22297e+15
8.85986e+15
7.78189e+15
2.32509e+15
4.28994e+15
1.04582e+15
7.95053e+14
2.85354e+15
4.21446e+15
3.56735e+15
5.21725e+15
4.08204e+15
3.3275e+15
1.2928e+15
8.4706e+15
5.61321e+15
4.74662e+15
3.32011e+15
7.82416e+15
3.63549e+16
3.58094e+16
3.34047e+16
1.87148e+16
8.62683e+15
3.41033e+16
1.4781e+16
1.37666e+16
1.08091e+16
1.10118e+16
1.62815e+16
1.21767e+16
1.82732e+16
1.71447e+16
1.75807e+16
1.95581e+16
1.52461e+16
1.29581e+16
1.21871e+16
1.17271e+16
1.16062e+16
9.61404e+15
1.00468e+16
9.12093e+15
1.35661e+16
1.51408e+16
1.85115e+16
1.90674e+16
2.38656e+16
1.82035e+16
1.16623e+16
9.49389e+15
8.45039e+15
9.49431e+15
1.2469e+16
1.56004e+16
1.078e+16
1.59991e+16
1.57777e+16
1.82766e+16
8.24195e+15
7.63449e+15
1.20989e+16
2.53878e+16
5.06267e+16
5.43013e+15
2.00178e+16
4.13663e+15
3.72864e+15
3.64425e+15
4.21252e+15
1.22997e+16
1.62145e+16
1.55769e+16
4.0311e+16
1.38455e+15
9.00618e+16
9.85202e+16
6.8486e+16
3.31136e+17
2.74215e+17
1.10862e+17
1.69421e+17
8.67749e+15
6.66106e+15
4.23571e+15
6.52811e+15
1.36837e+15
1.24596e+16
1.3531e+16
2.6701e+16
2.93666e+16
2.18545e+16
1.47464e+16
3.31429e+17
5.49849e+15
1.1498e+16
1.2376e+16
1.77885e+16
1.70835e+16
1.9588e+16
8.57049e+16
1.12758e+16
9.85056e+15
4.15296e+16
5.40175e+15
4.08494e+15
3.36175e+15
2.94608e+15
8.11183e+15
5.50649e+15
8.76051e+15
1.24001e+16
9.09818e+15
6.98417e+15
6.09465e+15
1.49291e+16
5.35874e+15
6.5705e+15
4.85642e+15
1.10749e+16
7.41605e+15
5.46594e+15
1.55832e+16
1.58767e+16
4.47638e+16
4.47616e+15
5.06452e+15
9.71521e+15
5.92339e+15
4.41105e+15
4.51146e+15
8.13589e+15
8.64388e+15
7.72348e+15
4.15965e+15
8.36534e+15
1.29199e+16
2.01145e+16
1.16111e+16
1.02839e+16
1.51952e+16
1.45123e+16
2.01435e+16
1.44999e+16
1.46521e+16
1.65615e+16
1.37141e+16
4.95801e+16
4.09588e+16
1.27669e+16
3.63613e+16
3.15505e+16
3.76239e+16
3.12781e+16
2.15306e+15
2.56294e+15
7.21136e+15
5.86302e+15
6.61807e+15
3.69707e+15
4.31125e+16
5.76557e+16
4.38342e+16
6.81369e+16
6.15164e+16
4.29779e+15
4.61642e+15
4.47535e+15
3.98296e+16
2.09514e+16
2.86785e+16
5.52328e+15
3.58688e+15
2.08855e+15
2.3947e+15
2.20649e+15
2.37769e+15
2.8143e+15
2.34191e+15
1.47522e+15
1.07638e+15
3.04835e+16
2.71077e+16
5.59864e+15
2.92859e+16
2.19329e+14
7.65136e+14
3.79737e+15
5.78632e+15
6.77696e+15
4.23968e+15
1.31229e+16
6.26252e+15
8.27918e+15
7.6961e+15
1.21906e+16
7.56746e+15
9.02716e+15
4.97437e+15
9.13873e+15
1.06103e+16
1.01418e+15
1.31206e+15
6.78664e+15
4.53778e+15
4.19284e+15
2.65319e+15
1.90442e+15
3.62403e+15
2.47976e+15
1.43879e+15
2.07466e+16
3.78622e+15
1.4622e+15
2.11904e+16
3.35942e+15
2.34836e+15
5.80017e+15
2.472e+15
3.48537e+15
4.46772e+15
2.5112e+15
2.4241e+15
2.42938e+15
2.17548e+15
3.63385e+15
2.04532e+15
1.12462e+16
8.62783e+15
1.32672e+16
9.18567e+15
9.40843e+15
1.08242e+16
9.43159e+15
1.1442e+16
1.44915e+16
1.48922e+16
1.47511e+16
1.40542e+16
1.10434e+16
1.12732e+16
8.68402e+15
2.66926e+15
3.07421e+15
2.39999e+15
6.43395e+15
4.19058e+15
1.39714e+16
4.35269e+15
2.1185e+16
2.26689e+16
1.89447e+16
8.38588e+15
1.01094e+16
1.37083e+16
8.91391e+15
1.28178e+16
1.40956e+16
1.03672e+16
1.13157e+16
1.61291e+16
1.21217e+16
9.11525e+15
1.46686e+16
2.40114e+15
2.56615e+15
5.87118e+15
8.85009e+15
1.4774e+16
5.91273e+15
1.00887e+16
5.80918e+15
8.24582e+15
1.06019e+16
1.35472e+16
1.42712e+16
1.22644e+16
6.62262e+15
1.72381e+16
5.58483e+15
4.8811e+15
3.8061e+15
5.14694e+15
6.66624e+15
9.32086e+15
4.17067e+15
4.01389e+15
5.20293e+15
4.88983e+15
5.8593e+15
7.01779e+15
5.74e+15
3.27287e+15
6.20745e+15
5.64814e+15
6.58601e+15
5.72097e+15
6.1389e+15
1.13696e+16
6.14488e+15
5.63344e+15
5.15758e+15
6.11179e+15
5.31483e+15
7.50986e+15
6.89499e+15
8.71194e+15
7.34206e+15
6.94529e+15
6.4053e+15
5.51157e+15
4.62891e+15
7.8108e+15
3.18645e+15
4.13274e+15
5.39587e+15
5.64388e+15
9.44689e+15
7.55578e+15
8.32831e+15
6.27199e+15
5.83491e+15
5.47274e+15
5.60979e+15
9.38934e+15
1.26303e+16
1.08895e+16
8.62576e+15
3.41582e+15
2.74248e+15
8.54629e+15
1.41711e+16
6.20626e+15
5.81875e+15
2.19032e+16
1.12945e+16
2.39042e+15
3.18289e+15
1.84626e+15
3.40669e+15
9.62206e+15
4.60837e+15
1.0538e+16
4.3324e+15
3.52964e+15
5.24702e+15
9.2657e+15
3.34877e+15
3.01111e+15
8.90407e+15
1.04339e+16
8.95611e+15
5.9683e+15
8.22952e+15
8.33207e+15
4.98416e+15
1.12877e+15
4.07203e+15
6.95286e+15
1.0292e+16
1.06987e+16
6.40212e+15
7.8272e+15
6.36256e+15
6.4949e+15
7.03713e+15
4.21331e+15
1.1574e+16
6.69409e+15
5.08538e+15
1.27555e+16
9.28288e+15
7.90053e+15
8.02543e+15
5.69056e+15
7.05371e+15
1.01495e+16
6.55501e+15
1.74201e+16
9.03161e+15
1.61698e+16
2.97846e+15
2.3909e+15
4.10817e+15
3.78175e+15
4.1463e+15
3.84457e+15
2.93118e+15
4.2344e+15
1.31632e+16
1.20403e+16
1.01235e+16
1.1169e+16
1.24835e+16
1.126e+16
5.9556e+15
4.44821e+15
4.97064e+15
3.20697e+15
6.56763e+15
4.36774e+15
5.40926e+15
3.30064e+15
5.35444e+15
2.86677e+15
2.08926e+15
2.04385e+15
2.21917e+15
2.25356e+15
1.95914e+15
4.35068e+15
4.21942e+15
5.42685e+15
6.60575e+15
5.21727e+15
8.89659e+15
9.59115e+15
4.75477e+15
4.51944e+15
7.16244e+15
2.15529e+15
3.07633e+15
6.79521e+15
4.50782e+15
3.08877e+15
2.44054e+15
4.32405e+15
3.79499e+15
5.96453e+15
4.69601e+15
6.18607e+15
5.31449e+15
7.80616e+15
7.35263e+15
7.13809e+15
6.4981e+15
7.23231e+15
7.83127e+15
7.79203e+15
1.05609e+16
1.12311e+16
7.17961e+15
7.84612e+15
5.3922e+15
6.44555e+15
8.06037e+15
6.6378e+15
1.05108e+16
7.6568e+15
7.06399e+15
9.24975e+15
8.59453e+15
8.51133e+15
9.61535e+15
9.89643e+15
5.37163e+15
6.97552e+15
5.74291e+15
6.25853e+15
7.14275e+15
7.92293e+15
4.64417e+15
9.30355e+15
6.95963e+15
1.26617e+16
1.19113e+16
1.13234e+16
1.37088e+16
8.79921e+15
9.79929e+15
1.35859e+16
1.52706e+16
5.4263e+15
5.24028e+15
1.05912e+16
9.13106e+14
3.93646e+15
7.18071e+15
7.99425e+15
1.11168e+16
1.20061e+16
8.41092e+15
9.61894e+15
1.04106e+16
9.58823e+15
1.18035e+16
1.04742e+16
1.18668e+16
1.00732e+16
1.18327e+16
1.23425e+16
6.87732e+15
6.56886e+15
7.47057e+15
6.99156e+15
5.99213e+15
9.50508e+15
1.3588e+16
8.69052e+15
9.1627e+15
7.89637e+15
8.23189e+15
1.06112e+16
8.07303e+15
1.23484e+16
1.18417e+16
8.94139e+15
8.22909e+15
1.23384e+16
7.5402e+15
8.67196e+15
1.24662e+16
4.43357e+15
6.08554e+15
1.06821e+16
7.1351e+15
8.70345e+15
8.95876e+15
6.52616e+15
7.58173e+15
6.79514e+15
1.04896e+16
8.13263e+15
8.97956e+15
1.17062e+16
6.14424e+15
5.73528e+15
9.3282e+15
6.41214e+15
1.21203e+16
9.81366e+15
1.06477e+16
9.85209e+15
6.94377e+15
6.82892e+15
7.89636e+15
8.64105e+15
7.43386e+15
6.85685e+15
7.05898e+15
6.99619e+15
5.33513e+15
9.50044e+15
7.84574e+15
6.10994e+15
5.43067e+15
5.64837e+15
1.16197e+16
1.61825e+16
5.12462e+16
9.50961e+15
7.64189e+15
5.81412e+15
9.16962e+15
4.45478e+15
1.01844e+16
1.41054e+16
2.01799e+16
1.6496e+16
1.30655e+15
3.88362e+15
4.1159e+15
9.97625e+14
2.39383e+15
9.20285e+15
1.02852e+16
8.23028e+15
5.88373e+15
6.0778e+15
8.03529e+15
5.54865e+15
6.09803e+15
1.66075e+15
2.77602e+15
2.19853e+15
1.4426e+15
3.17418e+15
1.04498e+16
7.17317e+15
2.89334e+15
1.27842e+16
7.20699e+15
1.13207e+16
5.80489e+15
2.93964e+15
2.56655e+15
1.72652e+15
5.47708e+15
5.85964e+15
3.02753e+15
2.38039e+15
3.31416e+15
1.23189e+15
4.21378e+15
9.1647e+15
8.83e+15
9.08318e+15
1.21094e+16
1.14961e+16
5.7066e+15
4.38779e+15
7.05609e+15
6.00063e+15
7.72785e+15
7.84819e+15
5.93189e+15
9.71853e+15
7.19279e+15
2.19018e+15
2.88014e+15
2.88815e+15
3.67128e+15
3.15948e+15
1.50867e+16
1.26768e+16
1.25453e+16
5.64573e+15
7.06876e+15
1.06499e+16
7.98009e+15
7.7786e+15
5.07535e+15
6.06585e+15
5.94643e+15
8.07869e+15
3.68579e+15
4.77266e+15
6.97772e+15
7.29624e+15
1.0875e+16
8.33281e+15
7.9648e+15
1.92225e+15
8.24179e+15
6.15475e+15
1.0254e+16
1.92504e+16
4.70025e+15
7.78816e+15
4.88764e+15
2.09256e+16
6.98221e+15
8.83469e+15
2.12361e+15
3.29549e+15
6.1648e+15
9.90082e+15
6.43119e+15
6.76173e+15
6.53866e+15
5.7766e+15
7.37287e+15
6.28978e+15
2.948e+15
3.4805e+15
2.53172e+15
4.24482e+15
3.91944e+15
3.94506e+15
5.86248e+15
4.83156e+15
5.50781e+15
8.79931e+15
4.71345e+18
4.18722e+18
3.48285e+18
2.8121e+18
2.25515e+18
2.08368e+18
1.76062e+18
1.946e+18
1.53644e+18
1.72823e+18
1.31101e+18
1.37896e+18
1.21144e+18
1.23561e+18
1.06824e+18
1.1579e+18
9.82489e+17
1.05352e+18
7.66329e+17
8.3627e+17
8.7738e+17
8.35809e+17
7.11181e+17
7.21452e+17
6.84617e+17
7.82037e+17
6.34016e+17
8.0292e+17
5.84973e+17
6.18379e+17
4.89959e+17
6.20939e+17
4.51457e+17
4.67606e+17
4.26452e+17
6.17742e+17
3.95184e+17
3.84986e+17
3.05169e+17
3.32825e+17
2.91484e+17
3.93454e+17
3.56209e+17
3.9439e+17
3.52463e+17
3.19899e+17
1.6263e+17
1.77517e+17
0
0
0
0
0
0
0
0
0
0
0
0
0
0
0
0
0
0
0
0
0
0
0
0
0
0
0
0
0
0
0
0
0
0
0
0
0
0
0
0
0
0
0
0
0
0
0
0
0
0
0
0
5.31401e+08
1.53736e+09
0
0
5.11029e+08
4.92548e+08
0
0
0
0
0
0
0
0
0
0
0
0
0
0
0
0
0
0
0
0
0
0
0
0
0
0
0
0
0
0
0
0
0
0
0
0
0
0
1.79239e+17
1.77275e+17
1.43269e+17
1.36336e+17
1.34722e+17
1.49292e+17
1.14569e+17
1.50321e+17
1.46562e+17
1.72314e+17
1.53374e+17
1.5806e+17
1.06026e+17
8.76611e+16
3.50948e+16
5.18083e+16
5.60656e+16
7.35222e+16
6.00465e+16
8.24784e+16
7.3502e+16
7.8489e+16
8.01794e+16
1.1098e+17
1.67734e+17
2.51943e+17
3.101e+17
3.98492e+17
4.42299e+17
5.04093e+17
4.12431e+17
4.8783e+17
4.68215e+17
4.77932e+17
5.60053e+17
7.26038e+17
6.43741e+17
7.24003e+17
7.39967e+17
7.58421e+17
6.96094e+17
8.65078e+17
9.66453e+17
9.75721e+17
1.17253e+18
1.23956e+18
1.91944e+18
2.41331e+18
4.99715e+18
4.46033e+18
3.24068e+18
2.64856e+18
2.11721e+18
1.95899e+18
1.58307e+18
1.46415e+18
1.35382e+18
1.34955e+18
1.05313e+18
1.13668e+18
1.08223e+18
1.07058e+18
9.07935e+17
1.10915e+18
8.48723e+17
7.34863e+17
6.16752e+17
6.12496e+17
6.71231e+17
6.56601e+17
4.74298e+17
5.05106e+17
5.30996e+17
5.54137e+17
3.7686e+17
5.03297e+17
3.38068e+17
3.88739e+17
3.24164e+17
3.69201e+17
3.22011e+17
3.41991e+17
2.33324e+17
2.92203e+17
2.7034e+17
2.4275e+17
2.07153e+17
1.95114e+17
1.54206e+17
2.4713e+17
1.75147e+17
2.55034e+17
1.96961e+17
2.35826e+17
1.37464e+17
1.47692e+17
0
0
0
0
0
0
0
0
0
0
0
0
0
0
0
0
0
0
0
0
0
0
0
0
0
0
0
0
0
0
0
0
0
0
0
0
0
0
0
0
0
0
0
0
0
0
0
0
0
0
0
0
5.59326e+08
1.50068e+09
0
0
5.14973e+08
4.83728e+08
8.30314e+07
0
0
0
0
0
0
0
0
0
0
0
0
0
0
0
0
0
0
0
0
0
0
0
0
0
0
0
0
0
0
0
0
0
0
0
0
0
1.08198e+17
1.36583e+17
1.10846e+17
1.05028e+17
7.20428e+16
9.10687e+16
9.98464e+16
1.04003e+17
9.81364e+16
1.11368e+17
1.14857e+17
1.11946e+17
8.00115e+16
7.75641e+16
3.77001e+16
5.11056e+16
2.17821e+16
3.09373e+16
4.66555e+16
6.5144e+16
4.87698e+16
4.54336e+16
7.71067e+16
8.20816e+16
1.23028e+17
1.74111e+17
2.77674e+17
3.25489e+17
3.12044e+17
3.40046e+17
3.65926e+17
3.88607e+17
3.85196e+17
4.19676e+17
5.27845e+17
5.5379e+17
5.79429e+17
6.60898e+17
6.40852e+17
6.8309e+17
6.63547e+17
6.73162e+17
8.39389e+17
9.67402e+17
1.1721e+18
1.31805e+18
2.17257e+18
2.76139e+18
5.15546e+18
4.44468e+18
3.00778e+18
2.48114e+18
1.91221e+18
1.83999e+18
1.3388e+18
1.27683e+18
1.23527e+18
1.26704e+18
8.52084e+17
8.72292e+17
8.86212e+17
7.989e+17
8.28467e+17
9.03693e+17
6.29231e+17
6.62968e+17
4.60154e+17
5.18561e+17
5.27472e+17
5.59913e+17
3.13212e+17
3.80027e+17
4.11339e+17
4.47926e+17
2.71968e+17
3.33016e+17
1.85969e+17
2.37462e+17
2.46162e+17
2.15105e+17
2.22514e+17
2.49543e+17
1.12793e+17
1.54192e+17
1.10552e+17
1.63394e+17
1.02868e+17
1.43142e+17
1.24352e+17
1.03229e+17
1.21486e+17
1.28717e+17
9.19364e+16
1.36393e+17
8.49387e+16
9.13865e+16
0
0
0
0
0
0
0
0
0
0
0
0
0
0
0
0
0
0
0
0
0
0
0
0
0
0
0
0
0
0
0
0
0
0
0
0
0
0
0
0
0
0
0
0
0
0
0
0
0
0
0
0
5.8696e+08
1.46442e+09
0
0
5.18859e+08
4.74999e+08
2.34859e+09
1.08813e+09
0
0
0
0
0
0
0
0
0
0
0
0
0
0
0
0
0
0
0
0
0
0
0
0
0
0
0
0
0
0
0
0
0
0
0
0
6.44212e+16
7.35587e+16
6.51349e+16
6.90162e+16
4.62522e+16
5.07633e+16
6.50303e+16
7.27602e+16
6.30854e+16
5.84768e+16
8.57986e+16
9.24233e+16
6.72107e+16
7.02634e+16
2.53403e+16
3.5285e+16
1.89469e+16
1.31739e+16
3.61304e+16
4.28768e+16
3.23758e+16
5.05985e+16
2.48156e+16
3.56249e+16
1.16989e+17
1.52677e+17
2.06251e+17
2.15995e+17
2.62059e+17
2.87122e+17
2.68985e+17
3.28634e+17
3.02556e+17
3.66674e+17
4.25335e+17
4.94144e+17
4.8806e+17
5.69922e+17
5.48567e+17
5.67927e+17
6.04958e+17
6.14558e+17
7.52939e+17
8.25419e+17
1.10157e+18
1.48615e+18
2.29743e+18
2.96245e+18
5.19092e+18
4.6016e+18
2.7598e+18
2.25384e+18
1.45288e+18
1.39011e+18
1.15867e+18
1.12323e+18
1.00288e+18
1.05331e+18
7.9557e+17
7.4695e+17
6.34709e+17
6.90037e+17
5.50803e+17
7.32758e+17
4.7554e+17
4.51872e+17
3.77663e+17
3.78899e+17
3.78185e+17
4.24317e+17
2.39669e+17
2.99171e+17
1.85697e+17
2.07952e+17
1.87271e+17
2.21522e+17
1.43887e+17
1.48692e+17
1.37561e+17
1.42431e+17
1.17343e+17
1.25322e+17
6.72538e+16
7.45631e+16
5.01468e+16
6.89512e+16
4.25015e+16
6.91036e+16
7.77336e+16
7.29257e+16
3.73092e+16
5.91587e+16
4.03926e+16
5.75858e+16
5.89325e+16
4.69785e+16
0
0
0
0
0
0
0
0
0
0
0
0
0
0
0
0
0
0
0
0
0
0
0
0
0
0
0
0
0
0
0
0
0
0
0
0
0
0
0
0
0
0
0
0
0
0
0
0
0
0
0
0
6.14318e+08
1.42863e+09
0
0
5.22698e+08
4.66377e+08
2.38118e+09
1.03916e+09
0
0
0
0
0
0
0
0
0
0
0
0
0
0
0
0
0
0
0
0
0
0
0
0
0
0
0
0
0
0
0
0
0
0
0
0
3.10387e+16
3.26383e+16
3.75022e+16
4.43741e+16
1.98983e+16
2.73062e+16
4.2758e+16
5.43885e+16
3.16932e+16
3.5805e+16
5.18799e+16
6.37643e+16
5.56314e+16
5.53341e+16
1.39004e+16
2.31904e+16
1.82757e+16
1.04693e+16
1.27975e+16
2.09049e+16
1.91575e+16
3.31911e+16
2.50938e+16
5.84621e+16
8.11567e+16
1.23872e+17
1.44624e+17
1.97118e+17
1.76763e+17
2.08599e+17
1.91499e+17
2.55427e+17
2.21304e+17
2.87519e+17
3.46505e+17
3.78662e+17
4.3145e+17
4.69855e+17
4.35679e+17
5.04584e+17
4.83127e+17
5.64235e+17
6.25195e+17
7.45262e+17
9.60067e+17
1.34573e+18
2.5166e+18
3.27964e+18
5.20054e+18
4.69717e+18
2.48217e+18
1.9512e+18
1.2046e+18
1.06063e+18
8.67067e+17
8.8707e+17
7.00684e+17
8.05971e+17
6.25098e+17
6.44265e+17
4.68452e+17
5.11807e+17
4.12435e+17
5.51031e+17
3.74722e+17
3.23422e+17
2.88443e+17
2.44157e+17
2.38777e+17
2.64064e+17
1.9774e+17
1.96015e+17
1.36193e+17
1.2629e+17
1.14758e+17
1.18951e+17
6.81773e+16
7.05071e+16
8.98944e+16
7.95129e+16
5.51477e+16
6.58841e+16
3.06317e+16
4.7354e+16
2.82927e+16
4.25455e+16
1.7562e+16
3.10595e+16
3.3825e+16
3.65711e+16
1.39209e+16
1.54178e+16
1.84228e+16
2.87921e+16
2.25743e+16
3.37624e+16
0
0
0
0
0
0
0
0
0
0
0
0
0
0
0
0
0
0
0
0
0
0
0
0
0
0
0
0
0
0
0
0
0
0
0
0
0
0
0
0
0
0
0
0
0
0
1.05536e+09
1.48882e+08
0
0
0
0
6.41432e+08
1.39316e+09
0
0
5.26501e+08
4.57854e+08
2.4132e+09
9.90905e+08
0
0
0
0
0
0
0
0
0
0
0
0
0
0
0
0
0
0
0
0
0
0
0
0
0
0
0
0
0
0
0
0
0
0
0
0
2.69048e+16
2.55806e+16
1.85319e+16
2.76512e+16
9.54447e+15
9.4651e+15
3.13155e+16
3.39276e+16
2.393e+16
2.35279e+16
1.90067e+16
2.70363e+16
4.43167e+16
4.86048e+16
1.55098e+16
9.65026e+15
1.08292e+16
7.72732e+15
4.44021e+15
1.29257e+16
1.21333e+16
2.56603e+16
3.43564e+16
5.49519e+16
6.64365e+16
1.0145e+17
9.12019e+16
1.29309e+17
1.35159e+17
1.55062e+17
1.24221e+17
1.84523e+17
1.84954e+17
2.06056e+17
2.65799e+17
3.184e+17
3.67064e+17
3.76567e+17
3.53781e+17
4.07456e+17
4.13724e+17
4.64299e+17
5.43938e+17
6.12171e+17
9.04091e+17
1.34642e+18
2.5658e+18
3.46362e+18
5.45238e+18
4.67952e+18
2.24415e+18
1.75428e+18
9.76602e+17
8.14484e+17
7.09963e+17
7.00941e+17
4.85659e+17
5.01145e+17
4.23241e+17
4.51514e+17
2.80092e+17
3.45953e+17
3.05804e+17
3.70593e+17
2.75799e+17
2.59881e+17
1.64926e+17
1.80496e+17
1.32482e+17
1.53193e+17
1.19453e+17
1.16119e+17
6.60387e+16
8.37799e+16
5.67457e+16
7.74098e+16
5.53757e+16
4.8627e+16
3.89044e+16
4.81771e+16
3.0326e+16
2.85261e+16
1.73509e+16
2.03326e+16
2.04167e+16
1.89904e+16
8.02628e+15
1.38076e+16
2.0273e+16
1.50971e+16
6.5018e+15
9.07667e+15
1.09519e+16
1.43965e+16
6.73977e+15
1.05101e+16
0
0
0
0
0
0
0
0
0
0
0
0
0
0
0
0
0
0
0
0
0
0
0
0
0
0
0
0
0
0
0
0
0
0
0
0
0
0
0
0
6.84294e+09
1.49163e+08
0
0
0
0
1.00753e+09
3.26686e+09
0
0
0
0
6.68307e+08
1.35807e+09
0
0
5.30263e+08
4.49433e+08
2.4447e+09
9.43329e+08
0
0
0
0
0
0
0
0
0
0
0
0
0
0
0
0
0
0
0
0
0
0
0
0
0
0
0
0
0
0
0
0
0
0
0
0
1.54663e+16
1.36717e+16
1.03221e+16
1.12567e+16
7.39158e+15
5.52098e+15
1.4869e+16
1.9199e+16
1.45815e+16
1.82632e+16
1.14219e+16
1.36814e+16
2.0292e+16
2.58506e+16
1.16266e+16
1.02541e+16
5.87835e+15
6.73236e+15
3.31332e+15
6.52837e+15
1.65806e+16
2.54933e+16
1.69288e+16
3.29765e+16
4.70403e+16
7.50349e+16
6.11938e+16
7.89017e+16
8.99531e+16
8.40416e+16
9.28023e+16
1.17929e+17
1.28091e+17
1.2713e+17
1.93626e+17
2.39882e+17
2.84494e+17
2.9683e+17
2.77597e+17
3.26698e+17
3.33107e+17
3.79984e+17
4.05002e+17
4.85293e+17
7.4421e+17
1.08017e+18
2.62392e+18
3.51844e+18
5.37951e+18
4.40806e+18
1.83162e+18
1.46918e+18
7.23419e+17
6.39025e+17
4.98687e+17
4.51378e+17
3.89954e+17
3.34332e+17
2.8129e+17
2.81794e+17
2.03847e+17
2.53711e+17
2.13883e+17
2.3261e+17
1.88908e+17
1.94608e+17
6.72973e+16
9.15363e+16
7.17537e+16
8.33492e+16
6.63755e+16
6.3162e+16
4.26992e+16
4.9238e+16
4.02974e+16
5.02718e+16
2.60867e+16
2.9468e+16
1.21305e+16
2.90291e+16
2.26376e+16
2.24492e+16
1.04777e+16
8.36953e+15
8.31969e+15
6.20079e+15
3.89279e+15
6.12684e+15
1.19459e+16
9.31602e+15
5.32191e+15
5.18757e+15
1.92583e+15
5.62223e+15
2.98966e+15
9.33387e+15
0
0
0
0
0
0
0
0
0
0
0
0
0
0
0
0
0
0
0
0
0
0
0
0
0
0
0
0
0
0
0
0
0
0
0
0
0
0
0
0
5.78454e+09
4.85346e+09
0
0
0
0
9.62385e+08
3.27685e+09
0
0
0
0
6.94943e+08
1.32339e+09
0
0
5.33976e+08
4.41116e+08
2.47557e+09
8.9648e+08
0
0
0
0
0
0
0
0
0
0
0
0
0
0
0
0
0
0
0
0
0
0
0
0
0
0
0
0
0
0
0
0
0
0
0
0
9.19883e+15
8.46971e+15
9.09089e+15
3.58983e+15
6.16573e+15
5.92785e+15
6.88848e+15
1.09922e+16
8.12808e+15
6.01546e+15
3.87141e+15
6.62523e+15
8.49649e+15
9.40602e+15
9.14484e+15
3.65909e+15
3.99122e+15
4.18664e+15
2.9784e+15
4.56556e+15
5.73458e+15
1.62201e+16
7.46562e+15
1.383e+16
2.78504e+16
3.80882e+16
4.47165e+16
5.84714e+16
5.63163e+16
4.14855e+16
7.65475e+16
9.58707e+16
6.25682e+16
8.81607e+16
1.39102e+17
1.86552e+17
1.97472e+17
2.40925e+17
1.89482e+17
2.37324e+17
2.18018e+17
2.70422e+17
3.24978e+17
3.74942e+17
6.29613e+17
9.31111e+17
2.5198e+18
3.86556e+18
5.17402e+18
4.06625e+18
1.49061e+18
1.08992e+18
5.51465e+17
4.93639e+17
3.50086e+17
3.56799e+17
2.35971e+17
2.16074e+17
1.88597e+17
1.85288e+17
1.25695e+17
1.51108e+17
1.18451e+17
1.38201e+17
1.20266e+17
1.21571e+17
3.33452e+16
4.25654e+16
3.1861e+16
4.85221e+16
2.38505e+16
3.14692e+16
2.12644e+16
2.32264e+16
1.97872e+16
2.63507e+16
1.37709e+16
1.32899e+16
5.46529e+15
1.32536e+16
1.87207e+16
1.94316e+16
8.58411e+15
7.85459e+15
2.46722e+15
2.44389e+15
2.76269e+15
1.93501e+15
3.15438e+15
5.05183e+15
4.70253e+15
2.39527e+15
5.99411e+14
1.23836e+15
2.03967e+15
3.94576e+15
0
0
0
0
0
0
0
0
0
0
0
0
0
0
0
0
0
0
0
0
0
0
0
0
0
0
0
0
0
0
0
0
0
0
0
0
0
0
0
0
4.84757e+09
5.46477e+09
0
0
0
0
9.1979e+08
3.28542e+09
0
0
0
0
2.08216e+09
1.28904e+09
0
0
5.37648e+08
4.3288e+08
2.50611e+09
8.50282e+08
0
0
0
0
0
0
0
0
0
0
0
0
0
0
0
0
0
0
0
0
0
0
0
0
0
0
0
0
0
0
0
0
0
0
0
0
4.87304e+15
4.17866e+15
1.81239e+15
2.40293e+15
5.64031e+14
2.37444e+15
4.16282e+15
3.78674e+15
5.84398e+15
4.69926e+15
2.06893e+15
5.09381e+15
3.16712e+15
5.98012e+15
3.10446e+15
3.13144e+15
1.40525e+15
3.64589e+15
1.6507e+15
4.66307e+15
1.8663e+15
3.9973e+15
3.55492e+15
2.62406e+15
1.83405e+16
2.1001e+16
2.74289e+16
2.6291e+16
2.40062e+16
1.88477e+16
4.56745e+16
7.37564e+16
3.67176e+16
5.73615e+16
8.29555e+16
1.23827e+17
1.35802e+17
1.50562e+17
1.62016e+17
1.95287e+17
1.69043e+17
1.84801e+17
2.1812e+17
2.85695e+17
4.94215e+17
7.69693e+17
2.49267e+18
3.9449e+18
5.09502e+18
3.61206e+18
1.08298e+18
7.8825e+17
3.14715e+17
3.38494e+17
2.34819e+17
2.91801e+17
1.8268e+17
1.24632e+17
9.62838e+16
1.10346e+17
7.36625e+16
8.80265e+16
7.11635e+16
9.50989e+16
4.68578e+16
5.9554e+16
1.58442e+16
2.39611e+16
1.19555e+16
1.61907e+16
1.19267e+16
1.43519e+16
1.46409e+16
1.08788e+16
1.30909e+16
1.4105e+16
5.6209e+15
7.40396e+15
2.86415e+15
5.2868e+15
6.11945e+15
8.77049e+15
3.23811e+15
4.73549e+15
2.03603e+15
1.32484e+15
2.00425e+15
1.37765e+15
4.11301e+14
2.25723e+15
2.19723e+15
1.41305e+15
5.69365e+14
9.79445e+14
2.39633e+15
3.30808e+15
0
0
0
0
0
0
0
0
0
0
0
0
0
0
0
0
0
0
0
0
0
0
0
0
0
0
0
0
0
0
0
0
0
0
0
0
0
0
0
0
4.01964e+09
5.97628e+09
0
0
0
0
8.79614e+08
3.29259e+09
3.90804e+08
0
0
0
1.04271e+10
9.74978e+09
0
0
5.41282e+08
4.24733e+08
2.53617e+09
8.04753e+08
0
0
0
0
0
0
0
0
0
0
0
0
0
0
0
0
0
0
0
0
2.30394e+12
0
0
0
0
0
0
0
0
0
0
0
0
0
0
0
1.57735e+15
1.88112e+15
1.56021e+15
6.38916e+14
3.27809e+14
2.99005e+14
9.78154e+14
1.59512e+15
2.74962e+15
5.46979e+15
1.76573e+15
3.1794e+15
1.41258e+15
1.73835e+15
6.99113e+14
5.32956e+14
6.84931e+13
3.46118e+15
1.20706e+15
3.87902e+15
1.86186e+15
2.6974e+15
3.03775e+15
2.28971e+15
7.29699e+15
1.72681e+16
9.19102e+15
1.08219e+16
8.0906e+15
1.37181e+16
1.69791e+16
2.78751e+16
3.04981e+16
3.60366e+16
4.97046e+16
6.13389e+16
8.06447e+16
9.23268e+16
1.08425e+17
1.57967e+17
1.06991e+17
1.30896e+17
1.67378e+17
2.13186e+17
3.88513e+17
6.36342e+17
2.45051e+18
4.27243e+18
5.4416e+18
3.24074e+18
7.89253e+17
5.63268e+17
1.88668e+17
2.15933e+17
1.2089e+17
1.34219e+17
9.89089e+16
8.06367e+16
5.26732e+16
5.41814e+16
4.96476e+16
5.64891e+16
1.59664e+16
3.80804e+16
2.14962e+16
2.4963e+16
1.1668e+16
9.53049e+15
2.16247e+15
3.68723e+15
7.93057e+15
3.84588e+15
7.75998e+15
6.91017e+15
9.62192e+15
7.19588e+15
1.34192e+15
6.734e+15
1.17313e+15
3.90224e+15
1.9996e+15
2.73989e+15
9.91332e+14
2.01296e+15
1.55816e+15
9.87055e+14
9.69513e+14
8.98424e+14
4.70612e+14
7.08653e+14
1.37077e+15
8.68837e+14
4.6071e+14
7.08301e+14
1.1309e+15
2.0826e+15
0
0
0
0
0
0
0
0
0
0
0
0
0
0
0
0
0
0
0
0
0
0
0
0
0
0
0
0
0
0
0
0
0
0
0
0
0
0
0
0
3.29038e+09
6.39864e+09
0
0
0
0
8.41713e+08
3.29845e+09
5.25252e+09
4.23203e+08
0
0
1.05381e+10
9.55189e+09
0
0
5.44888e+08
4.16675e+08
2.56568e+09
7.59842e+08
0
0
0
0
0
0
0
0
0
0
0
0
0
0
0
0
0
0
0
0
1.45627e+13
4.92596e+12
0
0
0
0
0
0
0
0
0
0
0
0
0
0
1.18027e+15
2.059e+14
4.30272e+14
8.87208e+14
2.73727e+14
2.67041e+14
5.10165e+14
3.54721e+14
1.14873e+15
3.09556e+15
1.695e+15
1.05135e+15
8.12665e+14
9.96947e+14
5.12287e+14
2.17805e+14
4.76519e+13
4.43257e+14
9.87067e+14
3.93893e+15
1.40112e+15
3.08594e+15
1.69962e+15
2.32157e+15
3.59191e+15
7.77673e+15
4.94175e+15
3.49546e+15
6.49625e+15
2.42346e+15
8.55498e+15
1.66786e+16
2.11707e+16
2.2334e+16
2.39523e+16
4.12305e+16
5.62647e+16
5.87614e+16
6.96487e+16
8.03324e+16
7.29861e+16
8.77598e+16
1.092e+17
1.42766e+17
2.9165e+17
4.93361e+17
2.17231e+18
4.23486e+18
5.34774e+18
2.86522e+18
4.7527e+17
3.11704e+17
1.07288e+17
1.33494e+17
8.21534e+16
6.99425e+16
6.057e+16
5.42694e+16
3.59721e+16
2.52364e+16
2.77487e+16
4.03878e+16
2.00468e+16
1.86797e+16
8.2174e+15
1.07745e+16
4.14906e+15
8.4157e+15
1.32519e+15
1.93437e+15
3.3242e+15
2.29909e+15
2.45737e+15
3.63962e+15
1.88761e+15
1.95429e+15
7.11168e+13
9.58938e+14
4.37333e+14
2.03216e+15
1.00761e+15
7.07841e+14
8.41815e+14
2.14949e+15
2.9567e+14
5.17376e+14
5.91605e+12
5.01943e+14
5.3123e+14
3.075e+14
9.21332e+14
2.22634e+14
5.83209e+13
1.99612e+14
3.28371e+14
9.09768e+14
0
0
0
0
0
0
0
0
0
0
0
0
0
0
0
0
0
0
0
0
0
0
0
0
0
0
0
0
0
0
0
0
0
0
0
0
0
0
0
0
2.64984e+09
6.74189e+09
0
0
0
0
8.05961e+08
3.30312e+09
5.19865e+09
4.45456e+08
6.11104e+07
0
1.06491e+10
9.3555e+09
0
0
9.84065e+08
4.08687e+08
2.59478e+09
7.15488e+08
0
0
0
0
0
0
0
0
0
0
0
0
2.36652e+09
0
0
0
0
0
0
0
1.33573e+13
6.18984e+12
0
0
0
0
0
0
0
0
0
0
0
0
0
0
8.30954e+14
1.85472e+14
0
2.09304e+14
3.84381e+14
1.28645e+14
2.3838e+14
5.8872e+14
4.16532e+14
8.64386e+14
1.36789e+15
6.83492e+14
4.03032e+13
8.51525e+13
3.76178e+14
3.10823e+14
7.0047e+13
4.59583e+14
2.18791e+14
2.63239e+15
9.0807e+14
3.5069e+15
1.26189e+14
1.53942e+15
2.89896e+15
4.20793e+15
2.0893e+15
1.0255e+15
1.55518e+15
1.76595e+15
5.52653e+15
5.95803e+15
9.77229e+15
9.10378e+15
9.10973e+15
2.83634e+16
3.4781e+16
3.86674e+16
4.96073e+16
4.55729e+16
4.28909e+16
5.98922e+16
5.17382e+16
9.13161e+16
1.82066e+17
3.55524e+17
1.98928e+18
3.99546e+18
5.08657e+18
2.34238e+18
3.06673e+17
1.88195e+17
8.63948e+16
6.61915e+16
4.20168e+16
4.0461e+16
3.91781e+16
3.36201e+16
2.15156e+16
1.63972e+16
1.2732e+16
2.06747e+16
1.62925e+16
1.21748e+16
5.38396e+15
4.01415e+15
2.50379e+15
1.99822e+15
2.22971e+15
2.09951e+15
4.63992e+14
2.78322e+15
3.09241e+14
7.07431e+14
3.26978e+13
2.14783e+15
7.97674e+13
3.43179e+14
3.89687e+14
5.67617e+14
1.5129e+15
5.90997e+14
3.10533e+14
1.29806e+15
0
0
7.5463e+12
2.17954e+12
2.5341e+14
2.10932e+14
4.36341e+13
6.7566e+13
1.82281e+12
1.35473e+14
2.43664e+14
1.35757e+14
0
0
0
0
0
0
0
0
0
0
0
0
0
0
0
0
0
0
0
0
0
0
0
0
0
0
0
0
0
0
0
0
0
0
0
0
0
0
0
0
2.0894e+09
7.01411e+09
0
0
0
0
7.72315e+08
3.3067e+09
5.14721e+09
4.66053e+08
3.00672e+09
2.02059e+09
1.07603e+10
9.16055e+09
0
0
7.08723e+09
1.22159e+09
6.61329e+09
1.24405e+09
0
0
0
0
0
0
2.46729e+06
0
0
0
1.98734e+08
1.51208e+10
1.10178e+10
1.12681e+09
0
0
0
0
0
0
1.213e+13
7.47729e+12
0
0
0
0
0
0
0
0
0
0
0
0
0
0
6.74388e+14
1.90837e+14
0
0
4.4117e+14
2.07181e+14
0
9.71483e+13
2.77744e+14
5.03619e+14
4.2201e+14
1.02784e+15
3.34795e+13
0
2.3202e+14
1.94009e+14
2.31742e+14
4.93007e+14
1.2509e+14
2.96875e+14
2.19206e+14
2.65675e+15
7.6517e+13
1.11663e+15
9.79887e+14
1.38531e+15
1.6831e+15
1.39136e+14
1.31135e+15
3.13074e+14
1.18172e+15
2.42775e+15
3.35226e+15
4.55693e+15
4.57975e+15
1.1776e+16
2.20875e+16
2.86297e+16
3.30271e+16
3.27645e+16
2.662e+16
2.53718e+16
3.14646e+16
3.42899e+16
1.03108e+17
2.33685e+17
1.87446e+18
4.00249e+18
4.67453e+18
1.96638e+18
1.82014e+17
1.06254e+17
3.89759e+16
3.79036e+16
2.11578e+16
2.43284e+16
2.23726e+16
1.77039e+16
1.10391e+16
6.81558e+15
3.4589e+15
7.0187e+15
5.16619e+15
6.37364e+15
6.06514e+15
2.95024e+15
1.32002e+15
1.17331e+15
4.39925e+14
1.17934e+15
8.52134e+14
4.36927e+14
1.937e+14
1.19824e+14
0
0
1.00269e+14
2.21018e+14
3.57761e+14
3.91748e+14
7.93068e+11
2.99467e+13
0
4.63863e+14
0
0
1.78465e+12
4.78035e+12
0
7.94445e+12
0
0
0
1.35174e+12
3.25639e+14
2.2134e+14
0
0
0
0
0
0
0
0
0
0
0
0
0
0
0
0
0
0
0
0
0
0
0
0
0
0
0
0
0
0
0
0
0
0
0
0
0
0
0
0
1.60082e+09
7.22456e+09
0
0
4.39974e+09
5.35872e+09
7.40607e+08
3.30919e+09
5.09815e+09
4.8497e+08
3.05502e+09
7.23954e+09
1.37473e+10
8.988e+09
0
0
1.69195e+10
4.85363e+09
2.13567e+11
5.22571e+09
0
0
0
0
7.95503e+06
2.04337e+08
3.53248e+12
6.15247e+10
0
0
4.48596e+08
1.90555e+10
8.30323e+09
5.45004e+09
0
0
0
0
0
0
1.08822e+13
8.78985e+12
0
0
0
0
0
0
0
0
0
0
0
0
0
0
1.95894e+14
2.41192e+14
0
0
3.8496e+13
2.78914e+14
2.32842e+12
0
1.64341e+14
5.92176e+14
5.21207e+13
8.74924e+14
2.65496e+14
3.54265e+12
1.26084e+14
7.55177e+13
1.60078e+14
3.38153e+14
3.46766e+14
9.20799e+13
4.1534e+14
2.06488e+14
3.38005e+14
1.95693e+14
8.45048e+14
2.17018e+13
1.83496e+15
2.31765e+14
1.09998e+15
4.52657e+14
1.30616e+15
1.05567e+15
2.42849e+15
1.88066e+15
2.9428e+15
5.28723e+15
6.24695e+15
2.01318e+16
1.41353e+16
1.96046e+16
1.42229e+16
1.66818e+16
1.70186e+16
2.39308e+16
5.00867e+16
1.3776e+17
1.60809e+18
3.90057e+18
4.19014e+18
1.47882e+18
1.29115e+17
8.13738e+16
2.56437e+16
2.54787e+16
9.91889e+15
8.17016e+15
5.49191e+15
5.74512e+15
4.59804e+15
2.9471e+15
8.03032e+14
1.3868e+15
1.11795e+15
3.68842e+15
2.51296e+15
3.07703e+15
1.0537e+15
1.28888e+15
2.03118e+14
2.28492e+14
5.64899e+14
2.71998e+14
2.09515e+14
7.17656e+13
0
0
1.4178e+14
1.80765e+14
5.08268e+13
5.40801e+14
1.64001e+13
2.45957e+12
2.27003e+12
0
0
0
7.09962e+11
2.72016e+12
0
0
0
0
0
0
1.11432e+14
3.19904e+14
0
0
0
0
0
0
0
0
0
0
6.26832e+11
0
0
0
0
0
0
0
0
0
0
0
0
0
0
0
0
0
0
0
0
0
0
0
0
0
0
0
0
0
1.17629e+09
7.38071e+09
0
0
4.70743e+09
1.64846e+10
7.10759e+08
3.31064e+09
5.05134e+09
5.02321e+08
3.10392e+09
7.14652e+09
1.38401e+10
9.41176e+09
0
0
1.6537e+10
5.12448e+09
5.27881e+12
1.60075e+12
4.27028e+09
1.35795e+08
1.07218e+09
3.26025e+08
1.3024e+09
1.29754e+09
3.87834e+12
1.13085e+12
0
0
6.9341e+08
1.87156e+10
9.99696e+09
3.57788e+09
0
0
0
0
0
0
9.61069e+12
1.01307e+13
0
0
0
0
0
0
0
0
0
0
0
0
0
0
2.90436e+12
2.41612e+13
0
0
0
8.03503e+12
9.57314e+13
1.02929e+11
6.07263e+13
6.85301e+14
0
1.48611e+14
6.03599e+14
3.07559e+13
9.53036e+13
7.76332e+13
6.84501e+13
1.69188e+14
4.74504e+14
2.64409e+13
1.56147e+13
2.15638e+14
1.92531e+14
2.58257e+14
8.80734e+14
5.08432e+13
3.41689e+14
5.10622e+14
9.5951e+14
3.49917e+14
1.14269e+15
9.16583e+14
1.86796e+15
1.00515e+15
2.00096e+15
2.54186e+15
2.71756e+15
4.84751e+15
1.66972e+15
7.30828e+15
7.16597e+15
1.21833e+16
9.02487e+15
1.31792e+16
2.71495e+16
7.69713e+16
1.37062e+18
3.49054e+18
3.72941e+18
1.08577e+18
8.45897e+16
4.72017e+16
1.38605e+16
1.57744e+16
3.77247e+15
5.86249e+15
1.39843e+15
1.75686e+15
4.80089e+15
1.03501e+15
3.00068e+13
8.02527e+13
4.36929e+14
8.4701e+14
1.11974e+15
1.0105e+15
1.0374e+15
1.60551e+15
8.67695e+13
3.72145e+14
2.09845e+14
3.14861e+13
2.42276e+11
3.22318e+12
0
0
1.82508e+14
1.35247e+14
0
0
3.21815e+14
1.09225e+13
0
0
0
0
0
1.67214e+12
1.68845e+12
0
0
0
0
0
8.27625e+13
2.3701e+14
0
0
0
0
0
0
0
0
0
0
5.52367e+12
2.72716e+12
0
0
0
0
3.93866e+09
1.50298e+08
0
0
0
0
0
0
0
0
0
0
0
0
0
0
0
0
0
0
0
0
0
0
8.09284e+08
7.49042e+09
0
0
5.84257e+09
1.60888e+10
6.82705e+08
3.3112e+09
5.00671e+09
5.18153e+08
3.15337e+09
7.05361e+09
1.39337e+10
9.2212e+09
0
0
1.61616e+10
5.38879e+09
5.23993e+12
1.60638e+12
4.18956e+09
2.22546e+09
1.67954e+09
1.00419e+10
7.98628e+09
1.44066e+10
4.21921e+12
7.60665e+11
0
0
9.34066e+08
1.83814e+10
1.51933e+10
1.95872e+09
0
0
0
0
3.4598e+08
0
8.31339e+12
1.14991e+13
0
0
0
0
0
0
0
0
0
0
0
0
0
0
4.72539e+11
2.97675e+12
0
0
0
0
0
0
0
2.40931e+14
0
0
3.1997e+14
7.06519e+13
1.21805e+10
7.97465e+11
0
2.0478e+14
3.01713e+14
5.76288e+13
1.48619e+10
9.6423e+11
0
1.52331e+13
2.64757e+14
1.09692e+14
4.95575e+09
4.55792e+11
7.80994e+14
4.74711e+14
9.42252e+13
2.18143e+14
8.48489e+14
9.44931e+14
1.44458e+15
2.55815e+15
1.60564e+15
2.39749e+15
9.55642e+14
2.00783e+15
4.56074e+15
7.50185e+15
4.71642e+15
6.57386e+15
1.44393e+16
3.70859e+16
1.09841e+18
3.08245e+18
3.23357e+18
7.19199e+17
6.10437e+16
2.45448e+16
4.31632e+15
5.06243e+15
1.17985e+15
9.52567e+14
2.63557e+15
9.03983e+14
2.277e+15
1.47399e+15
2.19082e+14
0
1.59252e+13
1.67348e+14
4.53021e+14
1.29937e+14
5.43057e+14
4.66567e+14
6.23821e+14
5.06387e+14
0
0
0
2.12236e+10
0
0
0
1.11262e+13
0
0
3.7916e+13
2.96711e+14
0
0
0
0
0
0
1.38849e+12
7.95313e+11
0
0
0
0
0
8.41974e+13
0
0
2.11683e+08
4.471e+08
0
0
0
0
0
0
5.64719e+12
2.61715e+12
0
0
2.9834e+11
0
4.00618e+09
2.18181e+09
0
0
0
0
3.46752e+09
0
0
0
0
0
0
0
0
0
0
0
0
0
0
0
0
0
4.93369e+08
7.55954e+09
0
0
6.13552e+09
1.59719e+10
2.59717e+09
3.3109e+09
2.22469e+12
4.50191e+12
3.20333e+09
6.96094e+09
1.40792e+10
9.03109e+09
1.62315e+09
3.86477e+08
1.57939e+10
5.64696e+09
5.20193e+12
1.61229e+12
4.11001e+09
2.2731e+09
5.91272e+09
9.41826e+09
8.6375e+09
1.36447e+10
4.55368e+12
3.97668e+11
0
0
5.02313e+12
2.60691e+10
5.38705e+09
1.17628e+10
0
0
0
0
3.60012e+09
1.65176e+08
6.98782e+12
1.28987e+13
9.53432e+09
0
0
0
0
0
0
0
0
0
0
0
0
0
0
0
0
0
0
0
0
0
0
0
0
0
1.87887e+14
7.98989e+13
0
6.49558e+10
8.25649e+09
0
2.2779e+14
1.59127e+13
0
4.62486e+10
9.44767e+11
0
1.52986e+14
6.26949e+13
0
1.82305e+10
2.81793e+14
5.64473e+14
4.48334e+10
9.87037e+09
2.95783e+14
6.46815e+14
8.07745e+14
2.8263e+15
4.99746e+14
6.33784e+14
1.1279e+15
1.29149e+15
2.08563e+15
3.65418e+15
2.90272e+15
3.5159e+15
1.20587e+16
2.41207e+16
8.34949e+17
2.74815e+18
2.61069e+18
5.18505e+17
2.60925e+16
1.24953e+16
2.80161e+15
2.43612e+15
0
3.58879e+14
1.07389e+15
3.04257e+15
1.06314e+14
4.79006e+13
6.83278e+13
3.78184e+14
0
5.35426e+13
7.73784e+13
9.6089e+13
6.06502e+11
1.43865e+12
6.88678e+14
5.07316e+14
0
0
0
0
0
0
0
0
0
0
0
3.24625e+13
6.72894e+13
0
0
0
0
0
0
7.56344e+11
1.3871e+12
0
0
0
0
0
0
0
0
3.21233e+09
5.14374e+08
0
0
0
0
0
5.77598e+12
2.50403e+12
2.64278e+08
0
1.1493e+13
1.95193e+12
4.07437e+09
2.11833e+09
0
0
0
0
1.2271e+10
1.41285e+09
0
0
0
0
1.09837e+10
1.45566e+09
0
0
0
0
0
0
0
0
0
0
2.22909e+08
7.5941e+09
0
0
9.40148e+09
1.55838e+10
1.65587e+10
4.10346e+09
6.49891e+09
4.60112e+13
9.51767e+12
6.86854e+09
4.21308e+10
1.35794e+10
1.23191e+10
4.45857e+09
1.54734e+10
6.44157e+09
5.16814e+12
1.62308e+12
4.04518e+09
2.31982e+09
5.08768e+10
3.78517e+10
1.99148e+11
3.12541e+12
5.20468e+11
4.00369e+10
2.31957e+08
0
2.2273e+13
7.79127e+12
1.03657e+10
1.49254e+10
2.48938e+12
1.43445e+11
0
0
3.62726e+09
1.16841e+08
5.6327e+12
1.43329e+13
9.41575e+12
3.46392e+12
0
0
0
0
0
0
0
0
0
0
0
0
0
0
0
0
0
0
0
0
0
0
0
0
2.81697e+13
9.96549e+13
0
0
7.43029e+10
1.5919e+09
4.05209e+13
9.09245e+13
0
0
6.75216e+11
3.14046e+11
1.00156e+14
1.14589e+14
0
0
2.27614e+14
3.70295e+14
0
0
9.93436e+13
6.65854e+14
4.35588e+14
2.57283e+15
4.6117e+14
1.7304e+14
5.44777e+14
7.64515e+14
1.22681e+15
2.33487e+15
1.92387e+15
2.82094e+15
8.63828e+15
1.70001e+16
6.02632e+17
2.37799e+18
2.04327e+18
3.45242e+17
1.15437e+16
5.99778e+15
1.53478e+15
1.70713e+15
0
0
1.84415e+14
1.17475e+15
2.26551e+14
8.98899e+12
0
0
0
0
0
0
0
1.74352e+10
1.33398e+14
5.30152e+14
0
0
0
0
0
0
0
0
0
0
0
0
0
0
0
0
0
0
0
0
0
2.72078e+11
0
0
0
0
0
0
0
0
3.23881e+09
2.55831e+07
2.81926e+13
0
6.56559e+09
2.59842e+09
5.91051e+12
2.3876e+12
1.1707e+10
6.70962e+08
1.17579e+13
1.70598e+12
4.73636e+09
2.05467e+09
0
0
5.19426e+08
7.11609e+09
1.47818e+10
2.07715e+09
0
0
1.98638e+09
0
1.14249e+10
6.57106e+09
0
0
0
0
0
0
0
0
1.49941e+12
1.44033e+12
0
7.3379e+09
2.57092e+10
1.91188e+10
7.93286e+11
2.00665e+10
1.63571e+10
4.18612e+09
5.5972e+10
2.87562e+10
1.22179e+14
4.24032e+11
9.14538e+10
5.18287e+10
6.25056e+13
2.80524e+13
1.51207e+11
6.31355e+10
2.43585e+13
1.66765e+12
7.68866e+13
9.48158e+10
5.50477e+11
1.66991e+12
7.65228e+13
4.66187e+12
2.35962e+11
5.07036e+10
1.89696e+14
3.81853e+13
5.80002e+13
8.97657e+12
8.64934e+10
5.41634e+10
1.71136e+14
2.10041e+13
2.2109e+10
0
1.478e+11
7.39233e+10
4.25559e+12
1.58038e+13
1.00673e+13
2.59987e+12
5.63781e+10
1.40401e+10
0
0
1.66351e+13
1.03771e+12
0
0
0
0
0
0
0
0
0
0
0
0
0
0
0
0
0
0
0
0
0
0
2.57718e+10
1.48898e+10
0
0
0
0
3.95998e+09
6.34242e+11
4.70692e+13
1.6765e+14
0
0
1.07087e+14
4.87786e+14
0
0
0
3.6742e+14
4.89232e+14
9.64888e+14
1.62056e+15
1.83852e+14
4.50709e+14
4.37058e+14
5.02982e+14
1.71884e+15
1.20499e+15
1.54803e+15
6.23981e+15
1.33477e+16
4.05958e+17
2.14352e+18
1.60842e+18
2.74139e+17
6.19702e+15
2.25236e+15
3.45881e+14
8.39008e+14
1.87311e+13
0
2.31816e+14
9.71165e+13
0
2.32012e+12
0
0
0
0
0
0
0
0
0
0
0
0
0
0
0
0
0
0
0
0
0
0
0
0
0
0
0
0
0
0
0
0
0
0
0
0
0
0
0
0
3.81402e+09
1.54198e+08
9.77945e+13
5.084e+13
6.09005e+09
6.25204e+09
6.02769e+12
2.29329e+12
1.20143e+10
3.87236e+08
1.20027e+13
1.47984e+12
2.61788e+10
3.13168e+09
8.86389e+09
1.32341e+10
6.91843e+08
1.19148e+10
1.69625e+11
3.9983e+10
0
0
1.15458e+10
4.03949e+09
1.17474e+10
6.19711e+09
0
0
0
0
0
0
0
0
1.31868e+12
7.74458e+12
0
0
3.91729e+10
1.79553e+11
9.79838e+11
2.01306e+12
1.626e+10
4.23871e+09
5.60237e+10
1.16525e+11
1.62874e+14
2.80663e+14
8.23144e+12
6.25211e+12
1.78279e+14
4.35106e+14
2.72795e+11
3.58399e+11
1.83726e+14
5.92496e+13
3.74292e+14
4.02748e+13
2.64743e+13
2.58705e+13
7.71266e+13
6.23616e+13
5.16456e+11
1.9372e+11
4.04602e+14
1.61717e+14
1.71068e+14
1.51892e+14
2.34216e+11
1.66058e+11
4.83531e+14
6.74728e+14
1.54204e+11
4.1857e+10
1.48167e+11
7.15267e+11
1.1094e+13
1.63967e+13
1.06973e+13
1.9069e+12
8.68232e+09
1.15335e+12
1.46102e+13
1.15281e+11
1.58046e+13
6.14377e+13
0
0
0
0
0
0
0
0
0
0
0
0
0
0
0
0
0
0
0
0
0
0
0
0
0
0
0
0
0
0
5.48028e+13
1.60896e+14
0
0
6.76171e+13
4.4352e+14
0
0
6.99865e+12
6.54896e+13
5.36007e+14
2.19684e+14
6.76894e+14
3.26845e+14
3.99849e+14
3.48465e+14
4.21955e+14
1.25516e+15
6.32021e+14
7.34138e+14
5.42776e+15
9.85138e+15
3.05996e+17
1.91877e+18
1.30052e+18
9.19022e+16
4.06022e+15
1.5506e+15
0
7.37175e+13
3.52439e+14
4.52469e+12
1.0191e+14
5.5182e+13
0
0
0
0
0
0
0
0
0
0
0
0
0
0
0
0
0
0
0
0
0
0
0
0
0
0
0
0
0
0
0
0
0
0
0
0
0
0
0
0
0
0
8.0244e+09
5.61089e+09
1.01874e+14
4.80968e+13
6.01671e+09
6.33548e+09
6.08743e+12
2.25047e+12
1.21024e+10
3.17872e+08
1.20717e+13
1.42302e+12
2.61353e+10
3.18897e+09
9.02999e+09
7.3339e+10
8.87529e+08
1.17184e+10
1.69791e+11
3.98392e+10
0
0
1.1704e+10
3.85548e+09
1.1824e+10
6.09769e+09
0
0
0
0
0
0
0
0
1.23815e+12
7.74465e+12
0
0
4.34281e+10
1.84474e+11
9.77989e+11
2.03424e+12
1.62267e+10
4.24957e+09
6.45315e+10
1.6141e+11
1.64015e+14
2.80013e+14
7.21757e+12
1.6673e+14
2.33536e+14
4.64573e+14
3.25291e+11
3.60913e+11
1.83814e+14
5.90454e+13
3.72808e+14
4.14789e+13
1.33506e+14
1.10462e+14
1.15264e+14
7.10919e+13
1.15144e+13
3.12035e+11
4.0476e+14
1.61173e+14
1.73411e+14
1.50049e+14
2.42283e+11
1.66321e+11
4.82881e+14
6.75108e+14
2.73109e+11
6.2834e+10
1.47441e+11
7.15716e+11
9.71045e+13
1.37705e+14
1.07718e+13
1.80789e+12
1.9145e+10
1.82594e+11
1.31076e+13
5.00442e+13
1.44914e+13
6.3056e+13
0
0
0
0
0
0
0
0
0
0
0
0
0
0
0
0
0
0
0
0
0
0
0
0
0
0
0
0
0
0
7.36508e+13
1.41901e+14
0
0
1.04489e+14
1.47067e+14
4.59906e+12
0
9.84912e+13
1.86348e+14
2.07991e+11
2.1664e+12
2.10219e+13
2.66341e+13
1.62624e+14
2.13761e+14
1.84657e+14
6.00827e+14
2.18648e+14
1.17626e+15
3.99369e+15
6.70298e+15
2.31227e+17
1.80076e+18
1.06438e+18
4.57954e+16
3.32473e+15
9.76933e+14
6.15668e+13
0
0
0
0
0
1.07692e+13
0
0
0
0
0
0
0
0
0
0
0
0
0
0
0
0
0
0
0
0
0
0
0
0
0
0
0
0
0
0
0
0
0
0
0
0
0
0
0
2.04835e+07
7.92607e+08
7.69768e+09
5.35354e+09
1.52739e+14
4.48395e+13
5.9304e+09
6.43878e+09
6.22859e+12
2.189e+12
1.3302e+10
2.16966e+08
1.21696e+13
1.34188e+12
8.01622e+10
4.06627e+10
9.69293e+09
7.32923e+10
1.45907e+10
1.14729e+10
2.0035e+11
2.00753e+11
0
0
1.71721e+10
3.61181e+09
1.19257e+10
5.96741e+09
0
0
0
0
0
0
0
0
1.16947e+12
7.74715e+12
0
0
4.28405e+10
1.84499e+11
9.64254e+11
2.04152e+12
1.76508e+10
4.26373e+09
9.95566e+10
2.11539e+11
1.65411e+14
2.79369e+14
3.60964e+13
1.67768e+14
2.31457e+14
5.59628e+14
5.7981e+11
4.90453e+11
1.85201e+14
5.93586e+13
3.70772e+14
4.31695e+13
1.33493e+14
1.46596e+14
1.6306e+14
3.07688e+14
7.13131e+13
3.62186e+13
4.09126e+14
1.74065e+14
1.77845e+14
1.48391e+14
6.06504e+13
2.3327e+12
4.81844e+14
6.75702e+14
2.33909e+13
1.07208e+13
4.68095e+11
7.16973e+11
9.78427e+13
1.36863e+14
1.08699e+13
1.67989e+12
3.08258e+10
1.10729e+11
9.89377e+12
5.4098e+13
2.61646e+13
6.53055e+13
0
0
0
0
0
0
0
0
0
0
0
0
0
0
0
0
0
0
0
0
0
0
0
0
0
0
0
0
0
0
9.16485e+13
1.24395e+14
0
0
7.63712e+13
1.09726e+14
7.90037e+13
3.55744e+13
1.91922e+14
7.43672e+14
0
0
5.04688e+06
1.72157e+07
3.18191e+14
2.54579e+14
1.50582e+14
2.24684e+14
3.10493e+14
9.33287e+14
3.31181e+15
7.10612e+15
1.6702e+17
1.81964e+18
1.02441e+18
3.57736e+16
1.17124e+15
5.64265e+14
3.63923e+13
2.76618e+13
0
0
2.15449e+14
1.5412e+14
1.07407e+14
1.56064e+14
1.30435e+12
0
1.73033e+13
8.07307e+12
3.4999e+12
0
0
0
0
0
0
0
0
0
0
0
0
0
0
0
0
0
0
0
0
0
0
0
0
0
0
0
0
0
0
0
0
0
1.35946e+08
3.37762e+09
1.93881e+10
5.12314e+09
1.63662e+14
4.91555e+13
5.83486e+09
6.55782e+09
6.43696e+12
2.12549e+12
6.23943e+10
2.38953e+10
1.2325e+13
1.25716e+12
8.96621e+10
2.47552e+11
1.00461e+10
8.08661e+10
1.76152e+11
3.19257e+10
2.00497e+11
3.96145e+11
0
0
6.8627e+10
8.85033e+09
1.20483e+10
5.81129e+09
0
0
0
0
0
0
0
0
1.05491e+12
7.72186e+12
0
0
4.21635e+10
1.8451e+11
9.83692e+11
2.04991e+12
1.97178e+11
7.48121e+10
2.57926e+11
3.97724e+11
1.66138e+14
2.78549e+14
2.10388e+14
4.68855e+14
2.29114e+14
5.61411e+14
3.16978e+12
2.66283e+12
1.85251e+14
6.36528e+13
3.90834e+14
2.2652e+14
1.94539e+14
1.55828e+14
1.71449e+14
3.21216e+14
7.39679e+13
5.46953e+13
1.10882e+15
2.54278e+14
1.80486e+14
1.45672e+14
1.54762e+14
6.52641e+13
5.57154e+14
8.14756e+14
4.97818e+13
1.7461e+14
5.63452e+12
1.37023e+12
9.88603e+13
1.35976e+14
1.09969e+13
1.53657e+12
7.45625e+10
1.36293e+11
5.55218e+12
5.9291e+13
1.05226e+14
1.02589e+14
0
0
0
0
0
0
0
0
0
0
0
0
0
0
0
0
0
0
0
0
0
0
0
0
0
0
0
0
0
0
1.09303e+14
1.07128e+14
0
0
8.69905e+13
6.83341e+13
5.44456e+13
1.40032e+13
3.30978e+14
7.88874e+14
3.18589e+12
0
1.70421e+13
2.12525e+14
5.78289e+13
3.81158e+14
2.76616e+14
2.72283e+14
2.94216e+14
9.5637e+14
3.551e+15
5.6325e+15
2.14613e+17
2.14437e+18
1.05287e+18
4.24728e+16
1.50668e+15
8.08611e+14
9.56261e+13
5.18385e+13
1.937e+14
2.15384e+14
2.85231e+13
4.40862e+13
1.09143e+14
6.7698e+13
3.89615e+14
2.967e+14
9.36734e+13
2.20223e+14
0
0
0
0
1.61912e+10
1.76975e+10
4.28491e+09
2.61851e+08
0
0
0
0
0
0
0
0
0
0
0
0
0
0
0
0
0
0
0
0
0
0
0
0
0
0
3.01944e+13
1.72737e+12
6.5744e+12
4.29908e+13
1.30402e+14
5.1612e+13
3.89857e+13
1.99242e+12
6.61355e+12
2.05837e+12
1.83059e+11
4.82818e+10
1.2501e+13
1.28461e+12
2.23361e+11
2.70056e+11
3.78028e+10
8.0522e+10
1.7685e+11
5.32941e+10
2.17817e+11
3.96652e+11
2.19131e+09
1.49702e+10
6.90494e+10
9.03658e+09
1.21888e+10
5.63358e+09
0
0
0
0
0
0
0
0
9.3544e+11
7.68095e+12
2.10861e+09
0
1.08791e+11
2.05151e+11
1.21362e+12
2.11902e+12
3.03145e+11
2.98319e+11
2.91446e+12
4.98495e+13
1.67024e+14
2.77786e+14
3.06804e+14
4.77116e+14
3.02602e+14
5.73379e+14
1.54206e+13
3.3814e+13
2.83626e+14
8.59304e+13
6.10052e+14
5.28788e+14
5.80085e+14
4.37746e+14
1.71576e+14
3.58911e+14
8.49741e+13
1.04497e+14
1.43174e+15
5.43265e+14
2.03206e+14
1.4393e+14
1.54671e+14
6.58137e+13
7.91073e+14
1.57123e+15
6.01227e+13
2.85094e+14
5.87625e+12
1.49117e+12
9.96141e+13
1.35006e+14
1.40914e+14
1.39212e+12
2.017e+14
8.9474e+13
9.59488e+11
5.59161e+13
1.05262e+14
1.15397e+14
0
0
0
0
0
0
0
0
0
0
0
0
0
0
0
0
0
0
0
0
2.23909e+13
0
0
0
0
0
0
0
9.46547e+11
1.04348e+11
1.26942e+14
8.97513e+13
0
0
1.27005e+14
9.68819e+13
0
0
1.18864e+15
9.58458e+14
5.11758e+13
1.10608e+14
1.07631e+12
8.20214e+12
1.64011e+13
1.19016e+14
7.58722e+14
4.42212e+14
1.23897e+15
1.29498e+15
5.59259e+15
9.01748e+15
4.10935e+17
2.86082e+18
1.17209e+18
1.25051e+17
4.28633e+15
1.36428e+15
1.22853e+15
7.00903e+14
1.02714e+15
5.95437e+14
8.64347e+14
3.77128e+14
1.17471e+15
4.9147e+14
3.50102e+14
6.54821e+13
0
0
0
0
1.53035e+10
1.55779e+10
5.73387e+09
5.60692e+09
3.16897e+10
5.40627e+10
0
0
0
0
0
0
0
0
0
0
0
0
0
0
0
0
0
0
0
0
0
0
0
0
0
0
4.29892e+13
5.08207e+13
6.40762e+13
9.03329e+13
1.50606e+14
6.94379e+13
9.97342e+13
2.70904e+13
5.50348e+13
1.78727e+14
2.81549e+11
2.52488e+11
1.27896e+13
1.24714e+12
4.26721e+11
5.16358e+11
3.2399e+11
2.97903e+11
2.7135e+11
8.31403e+10
5.04411e+11
4.28877e+11
6.17052e+10
6.38932e+10
1.66178e+11
4.52435e+10
1.65483e+11
9.66271e+09
6.75436e+09
0
0
0
0
0
0
0
8.1589e+11
7.62303e+12
5.46725e+10
3.02282e+10
3.60299e+11
4.18252e+11
1.44327e+12
2.69941e+12
5.6841e+13
5.19401e+13
2.17911e+13
2.2426e+14
2.05997e+14
5.50676e+14
6.86504e+14
7.1808e+14
6.68354e+14
7.98865e+14
4.06263e+14
1.68021e+14
2.87084e+14
3.44554e+14
1.00312e+15
8.11286e+14
8.69549e+14
8.07614e+14
3.25996e+14
3.70503e+14
7.3785e+14
3.94598e+14
1.64544e+15
7.48473e+14
3.49741e+14
1.6924e+14
1.56594e+14
6.68945e+13
1.14507e+15
1.87356e+15
3.07839e+14
3.19614e+14
7.16263e+12
1.80602e+12
1.01917e+14
1.35352e+14
3.80665e+14
6.67167e+13
2.54615e+14
2.00536e+14
8.68304e+11
3.32273e+11
2.51336e+14
2.30514e+14
5.29984e+13
0
1.58679e+13
1.24673e+13
0
0
0
0
0
0
0
0
0
0
0
0
7.40937e+11
0
1.68262e+13
5.7175e+13
2.85354e+13
8.37664e+12
0
0
0
0
2.26799e+10
6.22996e+10
1.58233e+12
5.21375e+11
1.7865e+14
7.21718e+13
2.15123e+13
8.32942e+13
1.49889e+14
6.63291e+13
1.57541e+14
5.60961e+14
1.23596e+15
8.76911e+14
2.0518e+14
1.9677e+14
3.28031e+13
1.95811e+14
3.18001e+14
3.42961e+14
1.25602e+15
9.64177e+14
4.36228e+15
3.82018e+15
1.23504e+16
1.68918e+16
7.90083e+17
3.82949e+18
1.30924e+18
2.75541e+17
1.17053e+16
7.76148e+15
3.30615e+15
2.16942e+15
2.37097e+15
1.61297e+15
1.62496e+15
1.67512e+15
5.83223e+14
7.02387e+14
1.92575e+13
2.71532e+13
1.89629e+11
1.33044e+11
3.7773e+10
2.01924e+10
1.03966e+14
1.19757e+13
0
0
0
7.61859e+10
1.08334e+11
0
0
0
0
0
0
0
0
0
0
0
8.12169e+11
0
0
0
0
0
0
0
0
0
0
0
3.66592e+09
1.53811e+10
5.95579e+13
4.19907e+13
1.07972e+14
1.5044e+14
1.46868e+14
5.96825e+13
2.70642e+14
4.61744e+13
5.35395e+13
2.31604e+14
3.32336e+12
3.07902e+11
1.0177e+14
3.56608e+12
7.15297e+11
6.54351e+11
5.12384e+11
3.39084e+11
9.10907e+11
3.4336e+11
8.0944e+11
9.71397e+11
4.36085e+11
2.27253e+11
2.52841e+11
1.96889e+11
3.46128e+11
4.00254e+10
9.51371e+10
1.7861e+10
8.26035e+09
3.55943e+08
0
0
0
0
7.01296e+11
7.54777e+12
4.64242e+11
3.10317e+11
4.83211e+11
9.33454e+11
3.0768e+12
3.47054e+12
7.29663e+13
1.017e+14
2.47097e+13
2.84908e+14
3.2745e+14
8.14847e+14
1.09591e+15
1.01552e+15
8.75767e+14
9.65954e+14
6.04031e+14
3.11944e+14
4.32582e+14
5.37731e+14
1.02496e+15
8.22972e+14
9.40217e+14
8.64762e+14
8.17775e+14
1.06135e+15
8.63228e+14
1.08927e+15
1.78318e+15
8.99506e+14
7.87466e+14
4.83957e+14
3.35266e+14
9.42771e+13
1.13104e+15
2.18531e+15
5.06379e+14
7.22699e+14
1.39242e+14
2.47684e+13
1.07116e+14
1.37506e+14
3.7716e+14
7.2096e+13
4.50255e+14
2.56799e+14
7.42893e+12
4.83049e+11
3.19265e+14
3.60989e+14
2.85097e+14
1.33384e+13
1.20532e+13
4.898e+13
0
0
0
0
0
0
0
0
0
0
0
0
1.92986e+13
1.82848e+14
4.45885e+13
6.88045e+13
2.11847e+14
2.98777e+13
0
0
0
0
5.67245e+11
1.38897e+12
2.92824e+13
8.15302e+12
3.68539e+14
1.08586e+14
5.49374e+14
2.76452e+14
2.70346e+14
8.18907e+13
5.1187e+14
1.91786e+15
1.46203e+15
6.53175e+14
4.14102e+14
6.1024e+14
1.16964e+15
1.05851e+15
3.40707e+15
1.84355e+15
4.85537e+15
3.87523e+15
1.11175e+16
9.54807e+15
3.22809e+16
4.83684e+16
1.38032e+18
4.93722e+18
1.38821e+18
4.94297e+17
4.91715e+16
9.70377e+15
7.05794e+15
4.00446e+15
1.35257e+15
1.0076e+15
9.95404e+14
5.38052e+14
1.73291e+14
1.3318e+13
2.23292e+14
4.87253e+13
2.82478e+14
1.43069e+14
1.13056e+14
8.55471e+13
1.38562e+14
1.21496e+14
2.74531e+13
1.0838e+13
1.7983e+14
2.67901e+14
2.09778e+14
4.06027e+13
8.49921e+13
1.05096e+14
1.60835e+13
1.2592e+12
3.90051e+13
1.34585e+13
8.39733e+13
4.56509e+13
3.67055e+13
7.28083e+13
3.86792e+12
7.98355e+12
0
0
0
0
0
0
0
0
1.32277e+10
9.66868e+09
2.40521e+10
6.94913e+10
8.63085e+13
6.45554e+13
1.84189e+14
1.7725e+14
1.64968e+14
5.40815e+13
2.78825e+14
4.12469e+13
5.22187e+13
2.34227e+14
1.35498e+14
8.73907e+13
1.69188e+14
5.39361e+13
6.35308e+13
3.85574e+13
1.06584e+13
4.20083e+13
1.31198e+12
8.71181e+11
1.28851e+12
1.20988e+12
1.00068e+12
9.74931e+11
4.43697e+11
3.38428e+11
9.08362e+11
2.15895e+11
1.12554e+11
1.8106e+10
2.47568e+12
6.32413e+09
0
0
6.78878e+09
1.66241e+10
5.95215e+11
7.4551e+12
5.47893e+11
7.51945e+11
7.85751e+11
1.12096e+12
9.23932e+12
4.45947e+12
3.03697e+14
1.32414e+14
2.77381e+13
2.8284e+14
8.0522e+14
8.59446e+14
1.08319e+15
1.45553e+15
9.40198e+14
1.17869e+15
1.16247e+15
1.87365e+14
6.16354e+14
9.50166e+14
1.22113e+15
1.03111e+15
1.01254e+15
9.6248e+14
9.648e+14
1.85037e+15
1.16874e+15
1.12554e+15
1.90235e+15
1.0309e+15
1.26415e+15
9.80809e+14
5.95232e+14
2.22394e+14
1.19976e+15
2.31703e+15
7.83031e+14
7.71821e+14
2.88371e+14
1.88167e+14
2.02994e+14
3.71394e+14
4.91478e+14
1.07846e+14
6.78843e+14
4.70982e+14
2.47371e+13
6.44385e+13
3.0958e+14
4.7769e+14
6.89206e+14
2.22999e+14
2.49902e+14
1.19913e+14
0
0
0
0
0
0
1.05767e+14
1.62663e+13
0
0
5.41912e+12
0
3.56499e+13
1.78416e+14
8.94924e+13
5.54813e+13
2.25772e+14
2.51842e+14
9.84579e+11
1.71249e+12
4.09247e+14
4.0185e+13
4.95511e+13
8.52638e+11
3.70293e+14
3.83812e+14
4.25956e+14
1.56166e+14
8.4443e+14
7.8658e+14
1.07081e+15
1.93604e+15
2.03844e+15
2.75911e+15
1.55146e+15
1.21021e+15
3.25194e+15
1.89236e+15
4.84412e+15
2.8769e+15
8.26673e+15
6.96347e+15
8.62014e+15
1.2352e+16
2.23055e+16
2.21354e+16
8.01696e+16
1.211e+17
2.0395e+18
5.82732e+18
1.44776e+18
7.49067e+17
1.34704e+17
4.48895e+16
2.51691e+16
7.52318e+15
8.40373e+15
2.47877e+15
2.87666e+15
1.90114e+15
1.22066e+15
7.91116e+14
6.88683e+14
2.84647e+14
8.32609e+14
2.33886e+14
1.87041e+15
2.97589e+14
7.03931e+14
2.29862e+14
6.31082e+14
3.17048e+14
9.70197e+14
3.42596e+14
5.5283e+14
2.7585e+14
4.31418e+14
3.09403e+14
3.6946e+14
2.29922e+14
2.55755e+14
1.67806e+14
5.61163e+12
1.22549e+13
6.69144e+12
0
0
0
0
0
1.79957e+09
0
8.11159e+09
5.00846e+09
1.01924e+10
1.454e+10
3.13487e+08
4.07606e+08
2.07045e+13
4.9311e+13
9.31583e+13
1.36133e+14
3.0196e+14
2.26755e+14
1.78037e+14
1.25152e+14
2.88706e+14
3.60328e+13
1.49858e+14
2.5271e+14
3.35273e+14
4.02946e+14
1.6981e+14
5.44962e+13
5.30747e+14
3.73989e+14
2.30669e+13
1.00177e+14
1.92574e+12
1.37701e+12
1.9038e+12
1.52606e+12
1.40519e+12
1.19755e+12
1.26397e+12
9.21294e+11
2.50403e+12
1.62314e+12
1.89141e+11
1.82797e+11
4.66748e+12
7.21652e+11
5.87191e+08
4.77929e+09
1.25093e+11
4.34367e+10
5.61984e+11
7.36677e+12
1.20716e+12
1.42345e+12
1.99037e+12
2.8204e+12
5.26702e+13
1.87522e+13
3.90385e+14
3.33734e+14
5.49394e+13
2.8371e+14
1.18226e+15
1.0874e+15
1.22129e+15
1.50909e+15
1.04381e+15
1.18349e+15
1.24093e+15
5.62815e+14
9.67147e+14
1.34272e+15
1.24461e+15
1.04151e+15
1.08528e+15
1.35405e+15
9.48586e+14
2.06214e+15
1.567e+15
1.3518e+15
2.07644e+15
9.9066e+14
2.24735e+15
1.52978e+15
6.23004e+14
2.7825e+14
1.57574e+15
2.96699e+15
8.46447e+14
8.90239e+14
4.74809e+14
2.42533e+14
3.62347e+14
9.4304e+14
9.78894e+14
5.13365e+14
1.12277e+15
7.9035e+14
2.83238e+14
3.32297e+14
5.14157e+14
6.39477e+14
1.13105e+15
7.03551e+14
3.6689e+14
3.77915e+14
1.52999e+14
7.33571e+13
0
0
1.5774e+14
1.49036e+14
1.15078e+14
1.19417e+14
2.49776e+13
2.65564e+09
1.60721e+14
1.72686e+14
1.26705e+14
4.43796e+14
7.77329e+13
1.72664e+14
2.26552e+14
2.51723e+14
6.12619e+14
9.51412e+14
2.59104e+14
4.83318e+14
6.1508e+14
4.4066e+14
6.43869e+14
9.23142e+14
7.77613e+14
1.00206e+15
1.96612e+15
1.13065e+15
3.94569e+15
3.65773e+15
6.06807e+15
4.29973e+15
2.61986e+15
4.02086e+15
7.24316e+15
6.26186e+15
1.49333e+16
9.08494e+15
2.61968e+16
2.16417e+16
3.60235e+16
3.09889e+16
7.14628e+16
5.72031e+16
2.18573e+17
3.03034e+17
2.98465e+18
6.32483e+18
1.36461e+18
9.05901e+17
2.72014e+17
1.26881e+17
7.15059e+16
3.79117e+16
1.99131e+16
1.31375e+16
9.87162e+15
3.04764e+15
3.15771e+15
5.76116e+14
6.78156e+14
3.43998e+14
2.60593e+15
3.9682e+15
1.45854e+15
8.38787e+14
8.2074e+14
5.81085e+14
7.73897e+14
8.21444e+14
5.21253e+14
5.06095e+14
5.42413e+14
5.20524e+14
5.2992e+14
4.02818e+14
4.72081e+13
8.82985e+13
1.78692e+11
1.75869e+11
2.43729e+13
5.04394e+13
8.3078e+13
3.87217e+13
3.0463e+10
1.41566e+10
2.14482e+10
3.04454e+10
1.83809e+10
1.61801e+10
5.03484e+09
7.72284e+09
6.45421e+10
4.81162e+10
5.48909e+11
2.90127e+09
9.35267e+13
1.7284e+14
9.01583e+13
1.60356e+14
6.58842e+14
5.86845e+14
3.77153e+14
6.48443e+14
3.66686e+14
3.2739e+13
2.7019e+14
3.26829e+14
4.09327e+14
5.86895e+14
1.76532e+14
7.77279e+13
5.49418e+14
3.58607e+14
2.05164e+14
1.12231e+14
2.73909e+12
2.04443e+12
2.49207e+12
1.82713e+12
2.59634e+12
1.9607e+12
1.77511e+12
1.46616e+12
8.82182e+12
2.95954e+12
7.37856e+11
4.47823e+11
4.94029e+12
8.1633e+11
4.48984e+09
3.1822e+10
2.36796e+10
4.75389e+10
5.07692e+11
7.47885e+12
2.76781e+13
2.25558e+12
3.15982e+12
3.8469e+12
5.45891e+13
1.18583e+14
6.40304e+14
4.10693e+14
1.77403e+14
2.94744e+14
1.21579e+15
1.12817e+15
1.42759e+15
2.08782e+15
1.73055e+15
1.44966e+15
1.23704e+15
6.78309e+14
1.5842e+15
2.00173e+15
1.66732e+15
1.10376e+15
1.58439e+15
1.55786e+15
1.42599e+15
2.17797e+15
2.23743e+15
1.88542e+15
2.41663e+15
1.44701e+15
3.14035e+15
1.79142e+15
9.11218e+14
3.56434e+14
2.08759e+15
3.39185e+15
1.12174e+15
1.13869e+15
1.26732e+15
8.09857e+14
7.35478e+14
1.74432e+15
1.3123e+15
1.23253e+15
2.63176e+15
1.60748e+15
9.65079e+14
1.16004e+15
5.54452e+14
1.26762e+15
1.95713e+15
1.23719e+15
1.01983e+15
4.70874e+14
7.1645e+14
2.43539e+14
2.12729e+14
2.53958e+13
2.75246e+14
2.8612e+14
5.37858e+14
4.99024e+14
6.77827e+14
4.03103e+14
1.06517e+15
9.67707e+14
6.05487e+14
5.31134e+14
3.74668e+14
1.85286e+14
1.18074e+15
5.91047e+14
2.28439e+15
1.22078e+15
1.09497e+15
1.54727e+15
1.98881e+15
7.23892e+14
1.34085e+15
2.17738e+15
2.62559e+15
1.90741e+15
6.64203e+15
5.20715e+15
7.61664e+15
7.67362e+15
1.287e+16
8.00822e+15
1.15089e+16
9.22097e+15
1.55765e+16
1.55764e+16
3.84567e+16
2.65329e+16
8.17617e+16
6.76383e+16
1.20978e+17
1.02915e+17
2.01056e+17
1.72677e+17
5.36873e+17
6.79113e+17
3.90032e+18
6.88674e+18
1.28333e+18
9.07889e+17
3.64811e+17
2.27642e+17
9.70492e+16
6.69295e+16
3.70911e+16
2.60134e+16
1.77885e+16
1.1154e+16
1.69642e+16
8.96852e+15
5.9592e+15
3.955e+15
7.77176e+15
4.95575e+15
2.76695e+15
1.77365e+15
1.34364e+15
1.14952e+15
1.31046e+15
9.82249e+14
2.7657e+14
6.87264e+14
9.31095e+13
4.38581e+14
2.06004e+13
6.09387e+13
1.406e+12
8.92549e+11
1.13708e+13
5.04329e+11
9.07112e+13
1.11764e+14
3.44456e+11
6.40583e+10
2.00385e+11
1.96047e+11
9.19276e+10
2.49579e+10
7.50617e+10
0
3.41149e+11
2.77801e+11
1.37149e+12
1.0098e+12
4.75764e+11
5.45844e+11
2.7853e+14
9.33199e+13
7.23869e+14
8.87914e+14
9.51886e+14
9.66382e+14
8.11523e+14
1.1178e+15
4.22856e+14
8.22991e+13
4.04743e+14
8.47562e+14
9.28e+14
7.52264e+14
2.93809e+14
1.62558e+14
5.69961e+14
3.42966e+14
3.03631e+14
1.13589e+14
3.57193e+12
3.24878e+12
3.22512e+12
2.53347e+12
2.50251e+14
8.89376e+13
2.75631e+12
2.60987e+12
1.74813e+13
3.96391e+12
3.00479e+13
8.20834e+11
5.21119e+12
9.89549e+11
3.31241e+11
1.56132e+11
5.32693e+10
4.10605e+10
1.17841e+12
7.52552e+12
9.93428e+13
8.31107e+12
6.83036e+12
4.72511e+12
1.48886e+14
1.70427e+14
7.53436e+14
6.5402e+14
1.81753e+14
2.95735e+14
1.54663e+15
1.38048e+15
1.54414e+15
2.16625e+15
1.88106e+15
1.79395e+15
1.29501e+15
7.41948e+14
1.7962e+15
2.87403e+15
2.2433e+15
1.54006e+15
2.25935e+15
2.16473e+15
1.87139e+15
2.54589e+15
2.29743e+15
2.13381e+15
2.60315e+15
1.50738e+15
4.25847e+15
2.60341e+15
1.50881e+15
6.04005e+14
3.14242e+15
3.29577e+15
1.60752e+15
1.51065e+15
2.18518e+15
2.17129e+15
1.34261e+15
3.59634e+15
1.32602e+15
1.3157e+15
4.69421e+15
3.06369e+15
2.51891e+15
1.46833e+15
9.61388e+14
1.3813e+15
2.31223e+15
2.12309e+15
1.83176e+15
1.03178e+15
1.7292e+15
1.58009e+15
1.09446e+15
2.04314e+14
8.63695e+14
2.8139e+14
1.81561e+15
6.55841e+14
1.77808e+15
1.69147e+15
1.22664e+15
2.26104e+15
1.5148e+15
7.37817e+14
5.80297e+14
1.25991e+15
1.60776e+15
1.79848e+15
4.37121e+15
4.28792e+15
4.16191e+15
2.0516e+15
3.34357e+15
3.897e+15
7.27275e+15
4.0337e+15
9.92166e+15
1.10449e+16
1.48332e+16
1.39518e+16
2.02931e+16
1.62981e+16
3.48698e+16
2.66903e+16
4.29186e+16
3.61566e+16
5.90175e+16
5.92988e+16
1.04309e+17
8.69741e+16
1.80687e+17
1.431e+17
2.81004e+17
2.74903e+17
4.57882e+17
4.56276e+17
1.13289e+18
1.36076e+18
4.87672e+18
7.16363e+18
1.16107e+18
9.30754e+17
4.09808e+17
2.66304e+17
1.35595e+17
9.26024e+16
6.201e+16
4.87102e+16
3.79739e+16
2.74628e+16
1.35397e+16
1.00271e+16
6.76372e+15
9.60111e+15
6.13639e+15
3.76797e+15
5.17725e+15
2.39926e+15
3.0078e+15
2.21742e+15
4.08059e+15
1.311e+15
1.87698e+14
1.79426e+14
3.00884e+14
3.67575e+14
7.14347e+14
1.12472e+14
5.91909e+14
4.75594e+13
1.60139e+15
7.59283e+14
9.71348e+13
4.6433e+13
2.28774e+12
6.3497e+11
4.17222e+13
1.74383e+13
7.17122e+13
5.73414e+13
2.99691e+13
2.0124e+12
3.9711e+14
3.39888e+14
5.59209e+14
2.29079e+14
1.13825e+15
3.41149e+14
3.14161e+14
2.774e+14
1.53865e+15
1.80597e+15
1.22924e+15
1.1267e+15
1.37829e+15
1.39778e+15
6.99275e+14
8.90176e+14
8.73765e+14
9.20534e+14
1.12523e+15
8.66976e+14
3.06283e+14
7.57895e+14
6.2337e+14
3.33739e+14
4.98619e+14
1.78775e+14
3.81059e+12
4.37873e+12
5.15183e+12
4.03219e+12
2.59959e+14
3.66491e+14
3.95786e+12
3.91081e+12
5.14138e+13
5.89649e+13
2.3617e+14
1.15987e+14
6.30838e+12
1.36343e+12
5.90398e+11
2.41923e+11
1.06905e+11
2.35572e+11
1.9917e+12
8.79344e+12
1.6927e+14
8.18323e+13
1.52191e+14
1.15317e+13
1.49768e+14
1.73935e+14
9.58188e+14
8.88319e+14
5.3199e+14
3.25854e+14
1.87115e+15
1.67584e+15
1.62242e+15
2.51496e+15
1.91757e+15
1.90707e+15
1.74831e+15
9.04887e+14
2.08196e+15
3.43903e+15
2.19879e+15
1.57797e+15
2.24146e+15
2.48572e+15
3.60051e+15
3.55742e+15
2.55653e+15
2.34226e+15
2.7592e+15
1.78417e+15
5.5341e+15
3.20226e+15
1.81534e+15
1.10907e+15
4.00861e+15
4.17424e+15
3.31101e+15
2.08153e+15
2.35556e+15
3.34517e+15
3.31505e+15
4.36112e+15
2.61038e+15
2.00482e+15
5.93103e+15
4.93826e+15
3.69977e+15
2.61144e+15
1.95042e+15
1.39683e+15
5.40649e+15
4.57969e+15
5.5022e+15
3.67861e+15
3.94553e+15
3.08221e+15
3.77589e+15
1.27943e+15
3.01609e+15
1.04058e+15
2.77915e+15
2.19564e+15
3.92471e+15
2.85805e+15
3.33986e+15
3.89823e+15
3.63598e+15
1.98929e+15
4.61397e+15
3.12934e+15
3.09637e+15
2.21148e+15
7.2951e+15
9.54136e+15
9.93299e+15
8.07861e+15
1.81782e+16
1.1627e+16
1.7384e+16
1.63694e+16
2.23808e+16
2.12856e+16
4.71282e+16
4.86068e+16
6.088e+16
3.67611e+16
8.12435e+16
5.83114e+16
9.63501e+16
8.77944e+16
1.34936e+17
1.40368e+17
2.22314e+17
2.0481e+17
3.429e+17
2.97464e+17
4.74365e+17
5.38058e+17
8.44656e+17
8.51033e+17
1.90604e+18
2.33891e+18
5.57426e+18
7.14802e+18
9.15866e+17
8.09735e+17
4.29894e+17
3.01003e+17
1.61258e+17
1.17181e+17
6.6911e+16
5.0795e+16
2.26798e+16
2.08975e+16
1.09777e+16
8.30136e+15
1.80249e+16
1.26499e+16
1.07973e+16
1.70648e+16
1.20764e+16
6.99195e+15
4.28166e+15
4.05971e+15
3.1887e+15
6.72738e+14
2.05625e+14
1.6955e+14
1.19889e+15
1.35224e+15
7.30724e+14
1.16769e+14
3.07576e+15
1.92678e+15
2.24897e+15
9.98047e+14
7.31469e+14
5.74733e+13
8.56897e+14
7.14773e+14
1.39478e+14
1.40836e+14
1.44205e+14
8.28788e+12
1.13496e+15
4.46476e+14
6.40033e+14
5.88141e+14
1.98577e+15
1.62479e+15
2.19852e+15
5.48647e+14
9.33482e+14
1.26822e+15
1.86495e+15
1.80983e+15
2.37655e+15
2.29619e+15
2.07608e+15
1.38425e+15
9.20702e+14
8.68297e+14
1.20126e+15
1.07612e+15
1.1049e+15
8.8688e+14
5.2935e+14
1.25422e+15
6.43353e+14
4.18085e+14
5.0065e+14
1.80715e+14
1.34834e+13
5.13388e+12
6.8053e+12
5.4211e+12
2.69755e+14
3.59596e+14
5.52294e+12
5.50706e+12
7.15311e+13
1.07985e+14
9.08073e+14
6.23367e+14
8.19869e+12
3.04973e+12
1.21561e+14
7.77691e+11
3.13848e+13
1.03218e+12
8.50572e+12
1.32782e+14
2.29533e+14
7.01948e+14
5.72788e+14
2.21706e+14
1.54336e+14
1.77985e+14
1.50619e+15
1.36267e+15
5.60836e+14
5.2899e+14
1.84826e+15
2.01136e+15
2.03406e+15
2.69859e+15
3.0531e+15
2.16156e+15
1.73907e+15
9.17984e+14
2.40034e+15
3.65227e+15
2.88441e+15
1.69032e+15
2.24438e+15
2.50366e+15
3.42379e+15
4.36095e+15
2.94248e+15
2.34315e+15
3.48422e+15
2.2998e+15
5.6812e+15
3.37225e+15
2.10989e+15
1.58834e+15
4.39521e+15
5.08494e+15
3.77739e+15
2.51072e+15
2.98618e+15
3.74745e+15
4.62448e+15
6.50758e+15
4.09158e+15
3.07996e+15
7.12761e+15
7.4928e+15
8.46719e+15
4.72572e+15
5.51588e+15
2.98437e+15
1.23924e+16
9.9039e+15
1.78776e+16
1.10927e+16
1.20987e+16
7.0397e+15
7.88552e+15
7.17557e+15
9.57025e+15
4.77871e+15
1.00527e+16
3.81967e+15
6.55457e+15
7.28723e+15
1.45489e+16
1.01506e+16
1.53377e+16
6.55561e+15
1.10759e+16
1.3346e+16
8.2487e+15
8.20814e+15
2.32257e+16
1.69358e+16
2.46269e+16
2.35896e+16
3.52594e+16
2.24982e+16
2.97854e+16
4.45987e+16
6.57454e+16
4.42878e+16
9.81252e+16
7.93091e+16
1.33487e+17
9.50463e+16
1.46311e+17
1.26595e+17
1.88289e+17
2.02759e+17
2.36808e+17
2.24341e+17
4.13001e+17
3.81327e+17
5.7173e+17
5.39787e+17
7.98275e+17
8.17441e+17
1.29175e+18
1.34086e+18
2.65999e+18
3.16804e+18
6.0879e+18
7.29386e+18
8.47226e+17
7.53649e+17
3.621e+17
2.86563e+17
1.83547e+17
1.43039e+17
5.31797e+16
4.3434e+16
2.79962e+16
1.49331e+16
2.34159e+16
2.99037e+16
1.09815e+16
1.00597e+16
1.9588e+16
2.00353e+16
6.57595e+15
7.81986e+15
3.31122e+15
1.64453e+15
8.13083e+15
9.07645e+15
4.89767e+15
4.76525e+15
2.52367e+15
2.1763e+15
3.29706e+15
3.98422e+15
5.15429e+15
3.52577e+15
3.45811e+15
1.71211e+15
1.7572e+15
9.42464e+14
1.6448e+15
1.24965e+15
1.22144e+15
3.27548e+14
1.63489e+15
6.22072e+14
7.64359e+15
4.58957e+15
5.1457e+15
3.6051e+15
1.4235e+15
2.3215e+15
3.65742e+15
2.13556e+15
2.61126e+15
2.14961e+15
3.60937e+15
3.44748e+15
2.83152e+15
4.04294e+15
2.56299e+15
1.69663e+15
1.93294e+15
9.52027e+14
1.50889e+15
1.14297e+15
1.12396e+15
1.00592e+15
1.22994e+15
1.25565e+15
8.43653e+14
4.03917e+14
6.70811e+14
1.81964e+14
1.22292e+14
1.20982e+14
8.39681e+12
6.62014e+12
8.32315e+14
3.55421e+14
7.18223e+12
8.5059e+12
1.52627e+14
2.35462e+14
1.22133e+15
7.33691e+14
1.13722e+14
8.52654e+13
7.86663e+13
3.32591e+12
7.28656e+13
8.03814e+13
1.79834e+13
1.33639e+14
3.10644e+14
1.08351e+15
5.95742e+14
2.10744e+14
1.58282e+14
1.82525e+14
1.46284e+15
1.82615e+15
8.75571e+14
5.47271e+14
1.81717e+15
2.03984e+15
3.52943e+15
3.7354e+15
3.11524e+15
3.54443e+15
1.73187e+15
9.28995e+14
2.60376e+15
4.32547e+15
3.00088e+15
2.89056e+15
2.65056e+15
2.56952e+15
4.18964e+15
4.6856e+15
3.65675e+15
3.01142e+15
4.51825e+15
3.32626e+15
6.16135e+15
3.85826e+15
2.39399e+15
1.59681e+15
4.58637e+15
6.01472e+15
4.27005e+15
2.452e+15
3.96348e+15
4.85808e+15
5.35816e+15
7.2101e+15
6.73661e+15
4.33247e+15
8.67375e+15
9.1288e+15
1.30279e+16
8.90661e+15
1.03054e+16
7.2847e+15
1.70986e+16
1.79553e+16
3.50325e+16
3.45179e+16
4.71345e+16
2.13693e+16
2.97479e+16
1.41737e+16
3.29877e+16
1.6746e+16
2.70478e+16
1.52475e+16
1.54536e+16
1.68558e+16
1.76606e+16
2.84613e+16
3.29822e+16
2.43345e+16
2.70931e+16
1.97867e+16
3.09142e+16
1.66839e+16
4.9564e+16
3.23712e+16
5.21289e+16
5.62189e+16
5.12605e+16
4.322e+16
6.65942e+16
7.51378e+16
1.14345e+17
1.06931e+17
1.80159e+17
1.20148e+17
1.92949e+17
1.82068e+17
2.28786e+17
2.3258e+17
3.08591e+17
3.18832e+17
3.71714e+17
3.32703e+17
5.61273e+17
5.43408e+17
8.40584e+17
8.86688e+17
1.13101e+18
1.25908e+18
1.78203e+18
1.9757e+18
3.28244e+18
3.93556e+18
6.29817e+18
7.26579e+18
7.2892e+17
6.65509e+17
3.84339e+17
2.84669e+17
1.42059e+17
1.07936e+17
5.75118e+16
4.74454e+16
3.86761e+16
3.87265e+16
2.85039e+16
2.44844e+16
1.85522e+16
1.9825e+16
2.13308e+16
1.23686e+16
9.55077e+15
5.96521e+15
6.37854e+15
3.49843e+15
1.66985e+16
1.62273e+16
4.26156e+15
5.1743e+15
3.00893e+15
2.7567e+15
5.19311e+15
5.34712e+15
3.85101e+15
3.31374e+15
5.12104e+15
3.09782e+15
3.66993e+15
2.45542e+15
4.86174e+15
3.32738e+15
3.70078e+15
2.86945e+15
9.20403e+15
9.3439e+15
4.84121e+15
5.33157e+15
2.34421e+15
1.59282e+15
4.281e+15
5.82624e+15
2.42379e+15
2.26902e+15
5.04361e+15
5.00091e+15
6.43636e+15
5.14959e+15
5.86999e+15
5.41292e+15
3.77327e+15
1.92902e+15
3.62054e+15
3.65425e+15
4.22062e+15
2.27892e+15
1.46763e+15
1.23149e+15
2.53622e+15
1.71422e+15
8.44549e+14
4.5578e+14
1.93836e+15
1.51151e+15
1.32659e+14
1.15895e+14
1.04091e+13
7.83676e+12
8.50744e+14
4.25737e+14
1.19867e+13
1.03688e+13
6.32161e+14
7.13137e+14
8.31338e+14
1.0052e+15
4.07173e+14
5.3556e+14
1.8401e+13
1.34524e+14
3.70209e+14
2.11154e+14
2.12118e+14
1.81983e+14
4.15172e+14
1.17968e+15
6.50028e+14
1.98281e+14
1.59719e+14
1.86498e+14
1.42785e+15
1.77691e+15
9.60636e+14
5.96044e+14
1.79774e+15
1.93007e+15
3.77334e+15
3.98423e+15
3.27618e+15
3.64404e+15
1.7286e+15
9.38675e+14
2.97956e+15
5.31482e+15
3.88837e+15
3.52563e+15
3.06775e+15
2.60021e+15
4.5105e+15
6.23543e+15
3.72781e+15
3.17653e+15
4.65053e+15
3.34625e+15
6.23557e+15
3.8187e+15
2.90932e+15
2.71762e+15
7.18824e+15
7.03321e+15
5.56274e+15
3.28781e+15
5.44883e+15
4.84908e+15
6.77449e+15
8.14211e+15
1.05335e+16
5.5543e+15
1.132e+16
1.35018e+16
1.6652e+16
1.28375e+16
1.6392e+16
1.3912e+16
2.14983e+16
2.58452e+16
5.00335e+16
7.06122e+16
1.05776e+17
7.60933e+16
6.71501e+16
4.90888e+16
8.03433e+16
5.51873e+16
7.39525e+16
4.77687e+16
4.68969e+16
2.71496e+16
4.89901e+16
4.74031e+16
5.1297e+16
4.27182e+16
6.03773e+16
4.67738e+16
6.02676e+16
5.15682e+16
9.03979e+16
8.6264e+16
7.55769e+16
8.09499e+16
8.46643e+16
7.35168e+16
1.19836e+17
1.31729e+17
1.48041e+17
1.88599e+17
2.68775e+17
2.22069e+17
2.65682e+17
3.03625e+17
3.40384e+17
3.51433e+17
4.01459e+17
4.29047e+17
5.36477e+17
5.33389e+17
7.21661e+17
6.98586e+17
1.02151e+18
1.08743e+18
1.44739e+18
1.61381e+18
2.2839e+18
2.5203e+18
3.95129e+18
4.50837e+18
6.43628e+18
7.15332e+18
5.70057e+17
5.91072e+17
3.00469e+17
2.39552e+17
1.03676e+17
1.10692e+17
6.59413e+16
5.54513e+16
3.62107e+16
2.90475e+16
3.52596e+16
2.51676e+16
2.08004e+16
2.30721e+16
1.20248e+16
1.117e+16
1.26694e+16
8.79403e+15
1.02744e+16
1.0509e+16
1.25938e+16
1.21933e+16
9.78118e+15
6.03622e+15
4.46328e+15
5.14069e+15
5.20989e+15
5.09156e+15
3.67576e+15
3.59909e+15
4.06738e+15
3.8662e+15
6.5089e+15
6.74063e+15
5.40497e+15
5.35951e+15
1.31129e+16
1.0166e+16
1.02186e+16
8.38214e+15
7.53788e+15
5.20441e+15
3.00745e+15
3.05287e+15
6.68875e+15
5.03911e+15
4.18015e+15
3.67877e+15
9.14084e+15
7.38215e+15
8.52253e+15
6.521e+15
8.7873e+15
6.37709e+15
6.85289e+15
5.55992e+15
4.7455e+15
4.18749e+15
4.8963e+15
6.80384e+15
1.49079e+15
2.30546e+15
1.53469e+15
1.61902e+15
9.95435e+14
4.27104e+14
2.13241e+15
1.42977e+15
1.41307e+14
1.12493e+14
1.51792e+13
1.10189e+13
1.30053e+15
4.13353e+14
1.80319e+13
1.66171e+13
9.53601e+14
1.35889e+15
4.78058e+14
9.98436e+14
5.35958e+14
5.57295e+14
1.71588e+14
6.15275e+14
1.09275e+15
1.1421e+15
8.23605e+14
8.67427e+14
5.14089e+14
1.21313e+15
1.04281e+15
2.17585e+14
1.77585e+14
1.91021e+14
1.39873e+15
1.80651e+15
1.21184e+15
6.25312e+14
2.51728e+15
1.96457e+15
4.06764e+15
4.04134e+15
3.24546e+15
3.81335e+15
1.74515e+15
1.00327e+15
3.7737e+15
5.63156e+15
4.69939e+15
4.03232e+15
9.08162e+15
2.77542e+15
4.56143e+15
6.65921e+15
3.75522e+15
3.19212e+15
4.72525e+15
3.5665e+15
7.00174e+15
3.905e+15
3.24744e+15
3.69229e+15
6.83116e+15
1.04926e+16
5.88499e+15
4.07042e+15
6.86913e+15
4.77631e+15
9.49818e+15
9.74552e+15
1.34307e+16
6.5394e+15
1.53308e+16
1.69031e+16
1.98148e+16
1.68956e+16
2.28449e+16
2.10754e+16
2.37753e+16
3.27557e+16
5.97733e+16
8.39333e+16
2.00844e+17
1.65815e+17
1.47942e+17
1.18388e+17
1.47703e+17
1.32884e+17
1.31353e+17
1.35074e+17
1.2522e+17
8.3548e+16
1.19396e+17
9.59619e+16
1.08889e+17
9.01395e+16
1.03267e+17
8.55032e+16
1.08522e+17
7.78938e+16
1.19176e+17
1.34441e+17
1.79219e+17
1.42576e+17
1.67067e+17
1.35164e+17
1.79578e+17
1.97755e+17
2.40806e+17
2.98315e+17
3.71701e+17
3.39643e+17
4.22769e+17
4.27014e+17
4.80435e+17
4.5619e+17
5.63887e+17
5.3538e+17
7.72568e+17
7.17738e+17
8.78903e+17
9.57498e+17
1.28962e+18
1.28586e+18
1.98113e+18
2.04888e+18
2.80332e+18
3.11417e+18
4.38716e+18
4.93825e+18
6.74653e+18
7.23289e+18
4.48013e+17
5.19455e+17
2.73626e+17
1.92852e+17
2.03241e+17
8.40459e+16
6.77538e+16
5.99865e+16
5.75472e+16
6.75853e+16
2.76877e+16
2.42539e+16
1.70665e+16
1.70515e+16
1.97852e+16
1.47555e+16
1.19403e+16
9.81533e+15
1.06018e+16
9.79827e+15
1.48673e+16
1.76407e+16
6.03121e+15
4.227e+15
6.54971e+15
7.48588e+15
8.20203e+15
7.4452e+15
1.08683e+16
3.94529e+15
1.38919e+16
9.13201e+15
1.05144e+16
8.71037e+15
1.83008e+16
1.58292e+16
8.05509e+15
7.90898e+15
1.11145e+16
8.62414e+15
8.33242e+15
5.78187e+15
4.697e+15
5.30948e+15
8.94247e+15
5.93552e+15
1.51683e+16
1.18297e+16
1.39464e+16
9.26813e+15
1.01475e+16
9.49179e+15
9.32437e+15
6.23251e+15
9.81225e+15
8.5034e+15
5.73059e+15
6.35724e+15
5.57781e+15
7.51115e+15
3.55185e+15
2.65486e+15
2.32608e+15
1.56614e+15
2.49964e+15
1.07893e+15
2.84819e+15
1.3175e+15
1.52358e+14
1.10886e+14
3.97879e+13
3.49558e+14
1.71911e+15
4.58886e+14
2.49054e+13
2.86889e+13
9.4412e+14
1.77653e+15
4.89818e+14
9.98812e+14
6.89671e+14
6.74058e+14
1.68893e+14
8.57208e+14
1.77937e+15
1.85419e+15
3.0585e+15
1.41152e+15
7.47818e+14
1.42146e+15
7.81393e+14
2.13809e+14
2.96598e+14
3.3636e+14
1.37629e+15
1.83738e+15
1.28421e+15
1.08745e+15
2.71188e+15
3.25274e+15
4.5162e+15
3.99643e+15
3.86379e+15
3.84421e+15
1.73619e+15
1.00208e+15
4.1557e+15
6.90984e+15
6.185e+15
6.9812e+15
4.15989e+15
2.49671e+15
4.9477e+15
6.84559e+15
3.7437e+15
3.20809e+15
4.70748e+15
3.55133e+15
9.52532e+15
5.72926e+15
4.06065e+15
3.91544e+15
1.07907e+16
8.30908e+15
1.03932e+16
4.56163e+15
6.43547e+15
5.67048e+15
9.40058e+15
1.02028e+16
1.55835e+16
8.38701e+15
1.99924e+16
1.85375e+16
2.64597e+16
2.40874e+16
2.89965e+16
2.57017e+16
3.07964e+16
4.16347e+16
6.12042e+16
9.10948e+16
2.63749e+17
2.70578e+17
2.77468e+17
2.14387e+17
2.88809e+17
2.41646e+17
2.91888e+17
2.10891e+17
2.56426e+17
1.92689e+17
2.26656e+17
1.63277e+17
2.32127e+17
1.8688e+17
2.06815e+17
1.84278e+17
2.18754e+17
1.71281e+17
2.12743e+17
1.86896e+17
2.53127e+17
3.18692e+17
3.19089e+17
2.42182e+17
3.28545e+17
2.7872e+17
4.1242e+17
3.64448e+17
5.27182e+17
5.06316e+17
5.39476e+17
6.09127e+17
6.92397e+17
6.47392e+17
7.38345e+17
7.82681e+17
9.82986e+17
9.20721e+17
1.14799e+18
1.15151e+18
1.65231e+18
1.55997e+18
2.22406e+18
2.50333e+18
3.19327e+18
3.55906e+18
4.74261e+18
5.46557e+18
6.77065e+18
7.2206e+18
3.59965e+17
3.33749e+17
2.01111e+17
1.63988e+17
1.58987e+17
1.12376e+17
8.97448e+16
9.21221e+16
6.96221e+16
5.22684e+16
1.81134e+16
3.85282e+16
3.56447e+16
3.19925e+16
2.09774e+16
1.29621e+16
1.39111e+16
5.81153e+15
2.16913e+16
2.06129e+16
2.33343e+16
1.89262e+16
9.79834e+15
6.59393e+15
1.69456e+16
2.02113e+16
2.87074e+16
2.53616e+16
2.49309e+16
2.55898e+16
2.08398e+16
1.80375e+16
2.1249e+16
1.95179e+16
1.52222e+16
1.41844e+16
1.32024e+16
1.58068e+16
9.65926e+15
8.72124e+15
8.43691e+15
6.75362e+15
9.20255e+15
1.18614e+16
1.04452e+16
1.05528e+16
2.30286e+16
2.18669e+16
1.50049e+16
1.21312e+16
1.22117e+16
1.11356e+16
6.84495e+15
7.00236e+15
9.25138e+15
8.739e+15
7.44636e+15
8.78097e+15
5.67079e+15
7.48213e+15
4.79175e+15
5.61698e+15
3.91202e+15
2.59511e+15
5.34365e+15
8.45091e+15
2.27245e+15
1.34353e+15
1.36764e+14
1.16102e+14
1.45142e+14
1.04883e+15
7.27863e+14
4.00596e+14
3.26108e+13
3.27393e+13
6.40576e+14
1.79564e+15
6.7928e+14
9.95859e+14
1.15738e+15
1.5436e+15
5.63006e+14
1.00762e+15
3.22036e+15
2.62241e+15
4.41811e+15
4.72458e+15
1.55121e+15
1.48198e+15
3.79598e+14
2.09581e+14
1.8739e+15
5.6667e+14
2.01059e+15
1.85759e+15
1.25916e+15
1.097e+15
3.28063e+15
4.07452e+15
3.87844e+15
4.07061e+15
4.66059e+15
3.87223e+15
1.22922e+15
9.91919e+14
5.95588e+15
7.05467e+15
6.88945e+15
7.99477e+15
5.00283e+15
3.16703e+15
6.40125e+15
7.09396e+15
3.89058e+15
3.44683e+15
4.02857e+15
3.5726e+15
9.22375e+15
6.691e+15
3.74029e+15
4.99362e+15
1.11783e+16
9.40029e+15
7.82647e+15
5.11235e+15
7.17486e+15
6.24576e+15
1.15397e+16
1.22001e+16
1.52917e+16
1.04006e+16
2.03401e+16
2.30708e+16
2.52229e+16
2.81752e+16
3.18234e+16
3.18565e+16
3.84875e+16
4.62704e+16
7.59485e+16
1.06612e+17
2.35619e+17
3.58786e+17
3.67818e+17
3.13544e+17
3.52981e+17
3.41606e+17
3.82483e+17
3.8285e+17
3.68742e+17
3.1202e+17
3.13906e+17
3.1931e+17
2.98289e+17
3.48911e+17
4.42718e+17
3.24356e+17
3.73575e+17
3.31134e+17
3.8186e+17
3.38068e+17
3.64658e+17
3.65569e+17
4.66203e+17
4.33482e+17
5.13821e+17
4.32519e+17
6.51664e+17
6.07764e+17
7.93088e+17
6.27932e+17
7.3071e+17
8.40263e+17
9.37968e+17
8.87335e+17
1.06095e+18
1.0038e+18
1.22848e+18
1.27215e+18
1.5573e+18
1.33073e+18
1.9742e+18
2.01651e+18
2.57961e+18
2.80113e+18
3.60795e+18
4.03048e+18
5.15803e+18
5.7114e+18
6.8893e+18
7.27307e+18
3.22398e+16
1.30475e+16
7.66706e+15
8.63656e+15
6.73277e+15
3.45174e+15
1.07435e+15
2.1336e+14
2.86002e+13
4.12402e+15
7.82782e+15
2.60865e+16
7.0929e+15
6.98886e+15
2.96088e+16
4.32098e+14
3.70492e+14
4.92062e+14
2.37198e+16
2.35667e+13
1.87907e+16
8.50706e+15
7.42228e+15
1.92733e+16
3.19387e+15
2.62776e+15
2.45101e+15
6.25229e+15
2.90926e+15
9.95733e+15
5.43385e+15
4.2359e+15
3.45239e+15
4.96284e+15
5.73227e+15
2.39208e+15
2.67149e+15
2.66227e+15
2.99913e+15
5.54244e+15
4.26993e+15
1.23332e+15
1.31406e+15
3.80447e+15
3.63982e+14
1.4981e+15
1.23554e+15
5.4768e+14
4.35287e+14
