   50    /W : 8 photon emissivity coefficients/
--------------------------------------------------------------------------------
    1    1    1    1    1    1    1    1    1    1    1    1    1    1
    1    1    1    1    1    1    1    1    1    1    1    1    1    1
    1    1    1    1    1    1    1    1    1    1    1    1    1    1
    1    1    1    1    1    1    1    1    1    1    1    1    1    1
    1    1    1    1    1    1    1    1    1    1    1    1    1    1
    1    1    1    1    1
--------------------------------------------------------------------------------
//#01/p00/ 00/p01/ 01/p02/ 02/p03/ 03/p04/ 04/p05/ 05/p06/ 06/p07/ 07/p08/ 08/  
      p09/ 09/p10/ 10/p11/ 11/p12/ 12/p13/ 13/p14/ 14/p15/ 15/p16/ 16/p17/ 17/  
      p18/ 18/p19/ 19/p20/ 20/p21/ 21/p22/ 22/p23/ 23/p24/ 24/p25/ 25/p26/ 26/  
      p27/ 27/p28/ 28/p29/ 29/p30/ 30/p31/ 31/p32/ 32/p33/ 33/p34/ 34/p35/ 35/  
      p36/ 36/p37/ 37/p38/ 38/p39/ 39/p40/ 40/p41/ 41/p42/ 42/p43/ 43/p44/ 44/  
      p45/ 45/p46/ 46/p47/ 47/p48/ 48/p49/ 49/p50/ 50/p51/ 51/p52/ 52/p53/ 53/  
      p54/ 54/p55/ 55/p56/ 56/p57/ 57/p58/ 58/p59/ 59/p60/ 60/p61/ 61/p62/ 62/  
      p63/ 63/p64/ 64/p65/ 65/p66/ 66/p67/ 67/p68/ 68/p69/ 69/p70/ 70/p71/ 71/  
      p72/ 72/p73/ 73/p74/ 74/                                                  
--------------------------------------------------------------------------------
  167.175    7  14 /pl=01:ss= 8:pb= 1:sz= 8/type=excit/ispb = t/isel =    1
 1.00E+10 1.00E+11 1.00E+12 1.00E+13 1.00E+14 1.00E+15 1.00E+16
 1.40E+00 2.09E+00 3.49E+00 6.98E+00 1.40E+01 3.49E+01 6.98E+01 1.05E+02
 1.40E+02 2.09E+02 3.49E+02 6.98E+02 1.40E+03 2.09E+03
 8.91E-34 9.37E-26 2.48E-19 1.48E-14 3.94E-12 1.41E-10 3.92E-10 5.17E-10
 5.83E-10 6.43E-10 6.70E-10 6.45E-10 5.76E-10 5.24E-10
 6.15E-33 5.80E-25 1.28E-18 6.16E-14 1.16E-11 2.01E-10 4.33E-10 5.37E-10
 5.91E-10 6.41E-10 6.67E-10 6.58E-10 6.14E-10 5.78E-10
 1.35E-32 1.03E-24 1.74E-18 6.56E-14 1.02E-11 1.47E-10 3.15E-10 3.92E-10
 4.32E-10 4.68E-10 4.87E-10 4.78E-10 4.44E-10 4.17E-10
 1.64E-32 1.16E-24 1.70E-18 5.46E-14 7.98E-12 1.25E-10 2.78E-10 3.50E-10
 3.87E-10 4.20E-10 4.36E-10 4.26E-10 3.92E-10 3.65E-10
 1.69E-32 1.19E-24 1.69E-18 5.23E-14 7.53E-12 1.22E-10 2.74E-10 3.44E-10
 3.81E-10 4.14E-10 4.30E-10 4.19E-10 3.84E-10 3.58E-10
 1.70E-32 1.20E-24 1.69E-18 5.20E-14 7.48E-12 1.22E-10 2.72E-10 3.43E-10
 3.79E-10 4.12E-10 4.28E-10 4.17E-10 3.83E-10 3.56E-10
 1.69E-32 1.19E-24 1.69E-18 5.19E-14 7.46E-12 1.20E-10 2.66E-10 3.33E-10
 3.67E-10 3.98E-10 4.14E-10 4.05E-10 3.73E-10 3.48E-10
  176.024    7  14 /pl=01:ss= 8:pb= 1:sz= 8/type=excit/ispb = t/isel =    2
 1.00E+10 1.00E+11 1.00E+12 1.00E+13 1.00E+14 1.00E+15 1.00E+16
 1.40E+00 2.09E+00 3.49E+00 6.98E+00 1.40E+01 3.49E+01 6.98E+01 1.05E+02
 1.40E+02 2.09E+02 3.49E+02 6.98E+02 1.40E+03 2.09E+03
 6.11E-33 2.62E-25 3.37E-19 1.17E-14 2.37E-12 7.41E-11 2.00E-10 2.62E-10
 2.95E-10 3.22E-10 3.33E-10 3.17E-10 2.81E-10 2.53E-10
 5.05E-32 1.90E-24 2.01E-18 5.55E-14 8.14E-12 1.38E-10 3.06E-10 3.82E-10
 4.21E-10 4.54E-10 4.70E-10 4.55E-10 4.17E-10 3.86E-10
 1.63E-31 4.93E-24 3.94E-18 8.45E-14 1.02E-11 1.41E-10 2.97E-10 3.66E-10
 4.01E-10 4.32E-10 4.46E-10 4.34E-10 4.00E-10 3.73E-10
 2.29E-31 6.64E-24 4.70E-18 8.76E-14 9.80E-12 1.33E-10 2.81E-10 3.47E-10
 3.81E-10 4.10E-10 4.23E-10 4.10E-10 3.77E-10 3.50E-10
 2.42E-31 7.00E-24 4.87E-18 8.79E-14 9.62E-12 1.31E-10 2.79E-10 3.44E-10
 3.78E-10 4.07E-10 4.20E-10 4.07E-10 3.73E-10 3.46E-10
 2.44E-31 7.04E-24 4.89E-18 8.79E-14 9.60E-12 1.31E-10 2.78E-10 3.43E-10
 3.77E-10 4.05E-10 4.18E-10 4.05E-10 3.72E-10 3.45E-10
 2.43E-31 7.03E-24 4.88E-18 8.78E-14 9.57E-12 1.29E-10 2.71E-10 3.33E-10
 3.65E-10 3.92E-10 4.05E-10 3.93E-10 3.62E-10 3.38E-10
  178.216    7  14 /pl=01:ss= 8:pb= 1:sz= 8/type=excit/ispb = t/isel =    3
 1.00E+10 1.00E+11 1.00E+12 1.00E+13 1.00E+14 1.00E+15 1.00E+16
 1.40E+00 2.09E+00 3.49E+00 6.98E+00 1.40E+01 3.49E+01 6.98E+01 1.05E+02
 1.40E+02 2.09E+02 3.49E+02 6.98E+02 1.40E+03 2.09E+03
 8.09E-33 3.47E-25 4.47E-19 1.56E-14 3.14E-12 9.82E-11 2.65E-10 3.47E-10
 3.90E-10 4.27E-10 4.42E-10 4.21E-10 3.72E-10 3.35E-10
 6.70E-32 2.52E-24 2.67E-18 7.36E-14 1.08E-11 1.83E-10 4.06E-10 5.06E-10
 5.57E-10 6.02E-10 6.22E-10 6.03E-10 5.52E-10 5.12E-10
 2.16E-31 6.53E-24 5.21E-18 1.12E-13 1.36E-11 1.87E-10 3.93E-10 4.85E-10
 5.32E-10 5.72E-10 5.91E-10 5.74E-10 5.30E-10 4.94E-10
 3.04E-31 8.79E-24 6.23E-18 1.16E-13 1.30E-11 1.76E-10 3.73E-10 4.60E-10
 5.05E-10 5.43E-10 5.61E-10 5.44E-10 4.99E-10 4.64E-10
 3.21E-31 9.28E-24 6.45E-18 1.16E-13 1.27E-11 1.74E-10 3.69E-10 4.56E-10
 5.01E-10 5.39E-10 5.56E-10 5.39E-10 4.94E-10 4.59E-10
 3.23E-31 9.33E-24 6.47E-18 1.16E-13 1.27E-11 1.74E-10 3.68E-10 4.54E-10
 4.99E-10 5.37E-10 5.54E-10 5.37E-10 4.92E-10 4.58E-10
 3.22E-31 9.32E-24 6.47E-18 1.16E-13 1.27E-11 1.71E-10 3.59E-10 4.41E-10
 4.83E-10 5.19E-10 5.36E-10 5.21E-10 4.80E-10 4.48E-10
  182.247    7  14 /pl=01:ss= 8:pb= 1:sz= 8/type=excit/ispb = t/isel =    4
 1.00E+10 1.00E+11 1.00E+12 1.00E+13 1.00E+14 1.00E+15 1.00E+16
 1.40E+00 2.09E+00 3.49E+00 6.98E+00 1.40E+01 3.49E+01 6.98E+01 1.05E+02
 1.40E+02 2.09E+02 3.49E+02 6.98E+02 1.40E+03 2.09E+03
 9.95E-30 8.35E-23 2.47E-17 2.52E-13 2.09E-11 2.75E-10 5.86E-10 7.21E-10
 7.86E-10 8.43E-10 8.63E-10 8.28E-10 7.47E-10 6.89E-10
 1.54E-29 1.24E-22 3.51E-17 3.43E-13 2.80E-11 3.05E-10 5.80E-10 6.92E-10
 7.46E-10 7.92E-10 8.11E-10 7.85E-10 7.23E-10 6.77E-10
 2.63E-29 1.78E-22 4.17E-17 3.46E-13 2.55E-11 2.58E-10 4.92E-10 5.88E-10
 6.35E-10 6.74E-10 6.88E-10 6.63E-10 6.07E-10 5.66E-10
 3.38E-29 2.14E-22 4.47E-17 3.32E-13 2.33E-11 2.42E-10 4.67E-10 5.61E-10
 6.06E-10 6.43E-10 6.56E-10 6.30E-10 5.75E-10 5.34E-10
 3.53E-29 2.22E-22 4.56E-17 3.30E-13 2.30E-11 2.40E-10 4.64E-10 5.57E-10
 6.02E-10 6.39E-10 6.52E-10 6.26E-10 5.70E-10 5.29E-10
 3.55E-29 2.23E-22 4.57E-17 3.30E-13 2.29E-11 2.39E-10 4.63E-10 5.55E-10
 6.00E-10 6.37E-10 6.50E-10 6.24E-10 5.68E-10 5.28E-10
 3.54E-29 2.23E-22 4.56E-17 3.29E-13 2.28E-11 2.36E-10 4.52E-10 5.39E-10
 5.81E-10 6.16E-10 6.28E-10 6.05E-10 5.54E-10 5.16E-10
  187.263    7  14 /pl=01:ss= 8:pb= 1:sz= 8/type=excit/ispb = t/isel =    5
 1.00E+10 1.00E+11 1.00E+12 1.00E+13 1.00E+14 1.00E+15 1.00E+16
 1.40E+00 2.09E+00 3.49E+00 6.98E+00 1.40E+01 3.49E+01 6.98E+01 1.05E+02
 1.40E+02 2.09E+02 3.49E+02 6.98E+02 1.40E+03 2.09E+03
 1.99E-29 1.14E-22 2.65E-17 2.32E-13 1.79E-11 1.58E-10 2.66E-10 3.06E-10
 3.25E-10 3.41E-10 3.49E-10 3.44E-10 3.27E-10 3.11E-10
 2.11E-29 1.11E-22 2.23E-17 1.59E-13 9.95E-12 7.64E-11 1.33E-10 1.55E-10
 1.66E-10 1.75E-10 1.79E-10 1.74E-10 1.63E-10 1.53E-10
 2.33E-29 1.04E-22 1.71E-17 1.02E-13 6.04E-12 5.44E-11 1.01E-10 1.20E-10
 1.29E-10 1.36E-10 1.39E-10 1.33E-10 1.22E-10 1.14E-10
 2.63E-29 1.09E-22 1.62E-17 9.09E-14 5.41E-12 5.13E-11 9.68E-11 1.15E-10
 1.24E-10 1.31E-10 1.33E-10 1.28E-10 1.16E-10 1.08E-10
 2.71E-29 1.10E-22 1.60E-17 8.91E-14 5.35E-12 5.10E-11 9.63E-11 1.15E-10
 1.24E-10 1.31E-10 1.33E-10 1.27E-10 1.16E-10 1.07E-10
 2.71E-29 1.10E-22 1.60E-17 8.89E-14 5.34E-12 5.09E-11 9.61E-11 1.14E-10
 1.23E-10 1.30E-10 1.32E-10 1.27E-10 1.15E-10 1.07E-10
 2.71E-29 1.10E-22 1.60E-17 8.88E-14 5.33E-12 5.03E-11 9.38E-11 1.11E-10
 1.19E-10 1.26E-10 1.28E-10 1.23E-10 1.12E-10 1.04E-10
  191.100    7  14 /pl=01:ss= 8:pb= 1:sz= 8/type=excit/ispb = t/isel =    6
 1.00E+10 1.00E+11 1.00E+12 1.00E+13 1.00E+14 1.00E+15 1.00E+16
 1.40E+00 2.09E+00 3.49E+00 6.98E+00 1.40E+01 3.49E+01 6.98E+01 1.05E+02
 1.40E+02 2.09E+02 3.49E+02 6.98E+02 1.40E+03 2.09E+03
 1.26E-28 5.14E-22 8.85E-17 6.12E-13 4.16E-11 3.73E-10 6.57E-10 7.66E-10
 8.17E-10 8.60E-10 8.75E-10 8.50E-10 7.88E-10 7.44E-10
 1.46E-28 5.55E-22 8.51E-17 5.04E-13 3.01E-11 2.46E-10 4.34E-10 5.07E-10
 5.42E-10 5.70E-10 5.79E-10 5.60E-10 5.16E-10 4.86E-10
 1.85E-28 5.99E-22 7.64E-17 3.87E-13 2.18E-11 1.92E-10 3.52E-10 4.15E-10
 4.45E-10 4.69E-10 4.75E-10 4.56E-10 4.14E-10 3.86E-10
 2.23E-28 6.68E-22 7.66E-17 3.59E-13 1.99E-11 1.81E-10 3.36E-10 3.98E-10
 4.27E-10 4.50E-10 4.55E-10 4.35E-10 3.94E-10 3.66E-10
 2.31E-28 6.86E-22 7.71E-17 3.55E-13 1.96E-11 1.80E-10 3.34E-10 3.96E-10
 4.25E-10 4.47E-10 4.52E-10 4.33E-10 3.91E-10 3.63E-10
 2.32E-28 6.88E-22 7.72E-17 3.54E-13 1.96E-11 1.80E-10 3.33E-10 3.94E-10
 4.23E-10 4.46E-10 4.51E-10 4.31E-10 3.90E-10 3.62E-10
 2.32E-28 6.87E-22 7.71E-17 3.54E-13 1.96E-11 1.77E-10 3.26E-10 3.83E-10
 4.10E-10 4.31E-10 4.36E-10 4.19E-10 3.80E-10 3.54E-10
  192.680    7  14 /pl=01:ss= 8:pb= 1:sz= 8/type=excit/ispb = t/isel =    7
 1.00E+10 1.00E+11 1.00E+12 1.00E+13 1.00E+14 1.00E+15 1.00E+16
 1.40E+00 2.09E+00 3.49E+00 6.98E+00 1.40E+01 3.49E+01 6.98E+01 1.05E+02
 1.40E+02 2.09E+02 3.49E+02 6.98E+02 1.40E+03 2.09E+03
 1.17E-28 7.07E-22 1.74E-16 1.61E-12 1.30E-10 1.13E-09 1.85E-09 2.10E-09
 2.22E-09 2.33E-09 2.38E-09 2.35E-09 2.26E-09 2.18E-09
 1.19E-28 6.57E-22 1.38E-16 1.01E-12 6.33E-11 4.49E-10 7.58E-10 8.78E-10
 9.37E-10 9.89E-10 1.01E-09 9.85E-10 9.30E-10 8.85E-10
 1.10E-28 5.20E-22 8.87E-17 5.38E-13 3.16E-11 2.74E-10 5.03E-10 5.94E-10
 6.39E-10 6.76E-10 6.87E-10 6.64E-10 6.14E-10 5.75E-10
 1.09E-28 4.68E-22 7.16E-17 4.11E-13 2.46E-11 2.36E-10 4.50E-10 5.36E-10
 5.78E-10 6.13E-10 6.23E-10 5.97E-10 5.47E-10 5.08E-10
 1.09E-28 4.59E-22 6.82E-17 3.86E-13 2.35E-11 2.31E-10 4.43E-10 5.29E-10
 5.71E-10 6.06E-10 6.15E-10 5.89E-10 5.38E-10 5.00E-10
 1.09E-28 4.57E-22 6.78E-17 3.83E-13 2.34E-11 2.31E-10 4.42E-10 5.27E-10
 5.69E-10 6.03E-10 6.12E-10 5.87E-10 5.36E-10 4.98E-10
 1.09E-28 4.56E-22 6.76E-17 3.83E-13 2.33E-11 2.28E-10 4.31E-10 5.12E-10
 5.51E-10 5.83E-10 5.92E-10 5.70E-10 5.23E-10 4.87E-10
  192.716    7  14 /pl=01:ss= 8:pb= 1:sz= 8/type=excit/ispb = t/isel =    8
 1.00E+10 1.00E+11 1.00E+12 1.00E+13 1.00E+14 1.00E+15 1.00E+16
 1.40E+00 2.09E+00 3.49E+00 6.98E+00 1.40E+01 3.49E+01 6.98E+01 1.05E+02
 1.40E+02 2.09E+02 3.49E+02 6.98E+02 1.40E+03 2.09E+03
 3.28E-28 1.14E-21 1.68E-16 1.00E-12 5.96E-11 4.62E-10 7.80E-10 8.98E-10
 9.54E-10 1.00E-09 1.02E-09 9.91E-10 9.31E-10 8.82E-10
 3.16E-28 1.03E-21 1.33E-16 6.69E-13 3.51E-11 2.67E-10 4.66E-10 5.43E-10
 5.79E-10 6.09E-10 6.20E-10 5.98E-10 5.55E-10 5.22E-10
 3.03E-28 8.76E-22 9.92E-17 4.42E-13 2.32E-11 1.98E-10 3.60E-10 4.23E-10
 4.53E-10 4.77E-10 4.84E-10 4.63E-10 4.24E-10 3.95E-10
 3.13E-28 8.32E-22 8.63E-17 3.72E-13 1.99E-11 1.80E-10 3.33E-10 3.93E-10
 4.22E-10 4.44E-10 4.50E-10 4.28E-10 3.89E-10 3.60E-10
 3.16E-28 8.24E-22 8.35E-17 3.56E-13 1.92E-11 1.77E-10 3.29E-10 3.89E-10
 4.18E-10 4.40E-10 4.45E-10 4.23E-10 3.84E-10 3.55E-10
 3.17E-28 8.23E-22 8.31E-17 3.54E-13 1.92E-11 1.76E-10 3.28E-10 3.88E-10
 4.16E-10 4.38E-10 4.43E-10 4.22E-10 3.83E-10 3.54E-10
 3.16E-28 8.21E-22 8.29E-17 3.53E-13 1.91E-11 1.74E-10 3.20E-10 3.76E-10
 4.03E-10 4.24E-10 4.29E-10 4.10E-10 3.74E-10 3.46E-10
  193.060    7  14 /pl=01:ss= 8:pb= 1:sz= 8/type=excit/ispb = t/isel =    9
 1.00E+10 1.00E+11 1.00E+12 1.00E+13 1.00E+14 1.00E+15 1.00E+16
 1.40E+00 2.09E+00 3.49E+00 6.98E+00 1.40E+01 3.49E+01 6.98E+01 1.05E+02
 1.40E+02 2.09E+02 3.49E+02 6.98E+02 1.40E+03 2.09E+03
 5.40E-29 3.10E-22 7.21E-17 6.30E-13 4.87E-11 4.31E-10 7.24E-10 8.33E-10
 8.83E-10 9.27E-10 9.49E-10 9.34E-10 8.88E-10 8.45E-10
 5.73E-29 3.02E-22 6.06E-17 4.31E-13 2.71E-11 2.08E-10 3.61E-10 4.22E-10
 4.51E-10 4.75E-10 4.85E-10 4.73E-10 4.42E-10 4.16E-10
 6.32E-29 2.83E-22 4.65E-17 2.76E-13 1.64E-11 1.48E-10 2.75E-10 3.26E-10
 3.51E-10 3.71E-10 3.78E-10 3.63E-10 3.33E-10 3.09E-10
 7.16E-29 2.96E-22 4.40E-17 2.47E-13 1.47E-11 1.39E-10 2.63E-10 3.13E-10
 3.38E-10 3.57E-10 3.63E-10 3.47E-10 3.16E-10 2.92E-10
 7.36E-29 3.00E-22 4.36E-17 2.42E-13 1.45E-11 1.39E-10 2.62E-10 3.12E-10
 3.36E-10 3.55E-10 3.61E-10 3.46E-10 3.14E-10 2.91E-10
 7.38E-29 3.00E-22 4.35E-17 2.42E-13 1.45E-11 1.38E-10 2.61E-10 3.11E-10
 3.35E-10 3.54E-10 3.60E-10 3.44E-10 3.14E-10 2.90E-10
 7.36E-29 2.99E-22 4.35E-17 2.41E-13 1.45E-11 1.37E-10 2.55E-10 3.02E-10
 3.25E-10 3.42E-10 3.48E-10 3.34E-10 3.06E-10 2.84E-10
  193.342    7  14 /pl=01:ss= 8:pb= 1:sz= 8/type=excit/ispb = t/isel =   10
 1.00E+10 1.00E+11 1.00E+12 1.00E+13 1.00E+14 1.00E+15 1.00E+16
 1.40E+00 2.09E+00 3.49E+00 6.98E+00 1.40E+01 3.49E+01 6.98E+01 1.05E+02
 1.40E+02 2.09E+02 3.49E+02 6.98E+02 1.40E+03 2.09E+03
 1.87E-31 3.59E-24 2.24E-18 4.25E-14 5.39E-12 9.41E-11 2.16E-10 2.72E-10
 3.01E-10 3.25E-10 3.34E-10 3.20E-10 2.86E-10 2.62E-10
 6.34E-31 1.06E-23 5.52E-18 8.59E-14 9.34E-12 1.50E-10 3.53E-10 4.50E-10
 5.00E-10 5.41E-10 5.55E-10 5.26E-10 4.64E-10 4.20E-10
 3.61E-30 4.81E-23 1.90E-17 2.22E-13 2.07E-11 3.26E-10 7.31E-10 9.10E-10
 1.00E-09 1.08E-09 1.10E-09 1.05E-09 9.43E-10 8.62E-10
 7.66E-30 1.02E-22 3.88E-17 4.41E-13 3.80E-11 4.55E-10 9.24E-10 1.12E-09
 1.22E-09 1.31E-09 1.34E-09 1.29E-09 1.18E-09 1.10E-09
 8.60E-30 1.16E-22 4.40E-17 5.01E-13 4.24E-11 4.76E-10 9.51E-10 1.15E-09
 1.25E-09 1.34E-09 1.37E-09 1.33E-09 1.21E-09 1.13E-09
 8.71E-30 1.18E-22 4.46E-17 5.08E-13 4.29E-11 4.78E-10 9.52E-10 1.15E-09
 1.25E-09 1.34E-09 1.37E-09 1.33E-09 1.21E-09 1.13E-09
 8.69E-30 1.18E-22 4.46E-17 5.08E-13 4.29E-11 4.72E-10 9.30E-10 1.12E-09
 1.22E-09 1.30E-09 1.33E-09 1.29E-09 1.18E-09 1.11E-09
  193.564    7  14 /pl=01:ss= 8:pb= 1:sz= 8/type=excit/ispb = t/isel =   11
 1.00E+10 1.00E+11 1.00E+12 1.00E+13 1.00E+14 1.00E+15 1.00E+16
 1.40E+00 2.09E+00 3.49E+00 6.98E+00 1.40E+01 3.49E+01 6.98E+01 1.05E+02
 1.40E+02 2.09E+02 3.49E+02 6.98E+02 1.40E+03 2.09E+03
 2.45E-29 2.06E-22 6.08E-17 6.21E-13 5.15E-11 6.77E-10 1.44E-09 1.77E-09
 1.94E-09 2.07E-09 2.12E-09 2.04E-09 1.84E-09 1.70E-09
 3.79E-29 3.04E-22 8.63E-17 8.44E-13 6.90E-11 7.51E-10 1.43E-09 1.70E-09
 1.84E-09 1.95E-09 1.99E-09 1.93E-09 1.78E-09 1.67E-09
 6.48E-29 4.38E-22 1.03E-16 8.53E-13 6.27E-11 6.34E-10 1.21E-09 1.45E-09
 1.56E-09 1.66E-09 1.69E-09 1.63E-09 1.49E-09 1.39E-09
 8.31E-29 5.26E-22 1.10E-16 8.17E-13 5.74E-11 5.95E-10 1.15E-09 1.38E-09
 1.49E-09 1.58E-09 1.61E-09 1.55E-09 1.41E-09 1.31E-09
 8.70E-29 5.47E-22 1.12E-16 8.13E-13 5.65E-11 5.90E-10 1.14E-09 1.37E-09
 1.48E-09 1.57E-09 1.60E-09 1.54E-09 1.40E-09 1.30E-09
 8.74E-29 5.50E-22 1.12E-16 8.12E-13 5.64E-11 5.88E-10 1.14E-09 1.37E-09
 1.48E-09 1.57E-09 1.60E-09 1.53E-09 1.40E-09 1.30E-09
 8.72E-29 5.49E-22 1.12E-16 8.11E-13 5.62E-11 5.81E-10 1.11E-09 1.33E-09
 1.43E-09 1.52E-09 1.55E-09 1.49E-09 1.36E-09 1.27E-09
  194.147    7  14 /pl=01:ss= 8:pb= 1:sz= 8/type=excit/ispb = t/isel =   12
 1.00E+10 1.00E+11 1.00E+12 1.00E+13 1.00E+14 1.00E+15 1.00E+16
 1.40E+00 2.09E+00 3.49E+00 6.98E+00 1.40E+01 3.49E+01 6.98E+01 1.05E+02
 1.40E+02 2.09E+02 3.49E+02 6.98E+02 1.40E+03 2.09E+03
 1.14E-28 6.18E-22 1.39E-16 1.20E-12 9.30E-11 7.90E-10 1.28E-09 1.45E-09
 1.53E-09 1.60E-09 1.64E-09 1.62E-09 1.55E-09 1.50E-09
 1.15E-28 5.68E-22 1.08E-16 7.41E-13 4.45E-11 3.06E-10 5.14E-10 5.94E-10
 6.33E-10 6.66E-10 6.80E-10 6.67E-10 6.24E-10 5.97E-10
 1.07E-28 4.49E-22 6.94E-17 3.90E-13 2.21E-11 1.89E-10 3.47E-10 4.10E-10
 4.40E-10 4.65E-10 4.74E-10 4.58E-10 4.20E-10 3.95E-10
 1.08E-28 4.13E-22 5.74E-17 3.07E-13 1.77E-11 1.67E-10 3.15E-10 3.75E-10
 4.04E-10 4.27E-10 4.35E-10 4.18E-10 3.80E-10 3.55E-10
 1.09E-28 4.07E-22 5.51E-17 2.91E-13 1.71E-11 1.64E-10 3.11E-10 3.71E-10
 4.00E-10 4.23E-10 4.30E-10 4.13E-10 3.75E-10 3.50E-10
 1.09E-28 4.06E-22 5.48E-17 2.89E-13 1.70E-11 1.63E-10 3.10E-10 3.69E-10
 3.98E-10 4.21E-10 4.28E-10 4.12E-10 3.73E-10 3.49E-10
 1.08E-28 4.05E-22 5.47E-17 2.88E-13 1.69E-11 1.61E-10 3.03E-10 3.59E-10
 3.86E-10 4.07E-10 4.14E-10 4.00E-10 3.64E-10 3.41E-10
  195.325    7  14 /pl=01:ss= 8:pb= 1:sz= 8/type=excit/ispb = t/isel =   13
 1.00E+10 1.00E+11 1.00E+12 1.00E+13 1.00E+14 1.00E+15 1.00E+16
 1.40E+00 2.09E+00 3.49E+00 6.98E+00 1.40E+01 3.49E+01 6.98E+01 1.05E+02
 1.40E+02 2.09E+02 3.49E+02 6.98E+02 1.40E+03 2.09E+03
 1.41E-28 4.00E-22 4.97E-17 2.63E-13 1.53E-11 1.47E-10 2.83E-10 3.38E-10
 3.64E-10 3.84E-10 3.89E-10 3.70E-10 3.33E-10 3.08E-10
 1.98E-28 5.29E-22 6.13E-17 3.00E-13 1.73E-11 1.64E-10 3.06E-10 3.61E-10
 3.87E-10 4.07E-10 4.12E-10 3.92E-10 3.54E-10 3.29E-10
 3.80E-28 8.54E-22 8.25E-17 3.50E-13 1.88E-11 1.66E-10 3.02E-10 3.54E-10
 3.79E-10 3.97E-10 4.01E-10 3.81E-10 3.46E-10 3.21E-10
 5.22E-28 1.11E-21 9.71E-17 3.73E-13 1.90E-11 1.63E-10 2.96E-10 3.47E-10
 3.71E-10 3.89E-10 3.92E-10 3.72E-10 3.37E-10 3.12E-10
 5.51E-28 1.17E-21 1.01E-16 3.78E-13 1.90E-11 1.62E-10 2.95E-10 3.46E-10
 3.70E-10 3.87E-10 3.90E-10 3.71E-10 3.35E-10 3.10E-10
 5.55E-28 1.18E-21 1.01E-16 3.79E-13 1.89E-11 1.62E-10 2.94E-10 3.45E-10
 3.69E-10 3.86E-10 3.89E-10 3.69E-10 3.34E-10 3.09E-10
 5.53E-28 1.17E-21 1.01E-16 3.78E-13 1.89E-11 1.60E-10 2.87E-10 3.35E-10
 3.57E-10 3.73E-10 3.77E-10 3.59E-10 3.26E-10 3.03E-10
  196.218    7  14 /pl=01:ss= 8:pb= 1:sz= 8/type=excit/ispb = t/isel =   14
 1.00E+10 1.00E+11 1.00E+12 1.00E+13 1.00E+14 1.00E+15 1.00E+16
 1.40E+00 2.09E+00 3.49E+00 6.98E+00 1.40E+01 3.49E+01 6.98E+01 1.05E+02
 1.40E+02 2.09E+02 3.49E+02 6.98E+02 1.40E+03 2.09E+03
 4.13E-30 3.47E-23 1.03E-17 1.05E-13 8.69E-12 1.14E-10 2.43E-10 2.99E-10
 3.27E-10 3.50E-10 3.58E-10 3.44E-10 3.10E-10 2.86E-10
 6.41E-30 5.14E-23 1.46E-17 1.42E-13 1.16E-11 1.27E-10 2.41E-10 2.87E-10
 3.10E-10 3.29E-10 3.37E-10 3.26E-10 3.00E-10 2.81E-10
 1.09E-29 7.39E-23 1.73E-17 1.44E-13 1.06E-11 1.07E-10 2.04E-10 2.44E-10
 2.64E-10 2.80E-10 2.86E-10 2.75E-10 2.52E-10 2.35E-10
 1.40E-29 8.88E-23 1.86E-17 1.38E-13 9.69E-12 1.00E-10 1.94E-10 2.33E-10
 2.52E-10 2.67E-10 2.73E-10 2.62E-10 2.39E-10 2.22E-10
 1.47E-29 9.24E-23 1.89E-17 1.37E-13 9.53E-12 9.95E-11 1.93E-10 2.31E-10
 2.50E-10 2.65E-10 2.71E-10 2.60E-10 2.37E-10 2.20E-10
 1.48E-29 9.28E-23 1.90E-17 1.37E-13 9.51E-12 9.93E-11 1.92E-10 2.31E-10
 2.49E-10 2.65E-10 2.70E-10 2.59E-10 2.36E-10 2.19E-10
 1.47E-29 9.26E-23 1.89E-17 1.37E-13 9.49E-12 9.81E-11 1.88E-10 2.24E-10
 2.41E-10 2.56E-10 2.61E-10 2.51E-10 2.30E-10 2.14E-10
  197.140    7  14 /pl=01:ss= 8:pb= 1:sz= 8/type=excit/ispb = t/isel =   15
 1.00E+10 1.00E+11 1.00E+12 1.00E+13 1.00E+14 1.00E+15 1.00E+16
 1.40E+00 2.09E+00 3.49E+00 6.98E+00 1.40E+01 3.49E+01 6.98E+01 1.05E+02
 1.40E+02 2.09E+02 3.49E+02 6.98E+02 1.40E+03 2.09E+03
 9.75E-29 3.98E-22 6.86E-17 4.74E-13 3.22E-11 2.89E-10 5.09E-10 5.93E-10
 6.33E-10 6.66E-10 6.78E-10 6.59E-10 6.11E-10 5.77E-10
 1.13E-28 4.30E-22 6.59E-17 3.91E-13 2.33E-11 1.91E-10 3.36E-10 3.93E-10
 4.20E-10 4.42E-10 4.49E-10 4.34E-10 4.00E-10 3.77E-10
 1.44E-28 4.64E-22 5.92E-17 3.00E-13 1.69E-11 1.49E-10 2.73E-10 3.22E-10
 3.45E-10 3.63E-10 3.68E-10 3.53E-10 3.21E-10 2.99E-10
 1.73E-28 5.17E-22 5.94E-17 2.78E-13 1.54E-11 1.40E-10 2.61E-10 3.08E-10
 3.31E-10 3.48E-10 3.53E-10 3.37E-10 3.05E-10 2.83E-10
 1.79E-28 5.32E-22 5.98E-17 2.75E-13 1.52E-11 1.39E-10 2.59E-10 3.07E-10
 3.29E-10 3.47E-10 3.51E-10 3.35E-10 3.03E-10 2.81E-10
 1.80E-28 5.33E-22 5.98E-17 2.75E-13 1.52E-11 1.39E-10 2.58E-10 3.06E-10
 3.28E-10 3.45E-10 3.49E-10 3.34E-10 3.02E-10 2.80E-10
 1.79E-28 5.32E-22 5.97E-17 2.74E-13 1.52E-11 1.37E-10 2.52E-10 2.97E-10
 3.18E-10 3.34E-10 3.38E-10 3.24E-10 2.95E-10 2.74E-10
  197.759    7  14 /pl=01:ss= 8:pb= 1:sz= 8/type=excit/ispb = t/isel =   16
 1.00E+10 1.00E+11 1.00E+12 1.00E+13 1.00E+14 1.00E+15 1.00E+16
 1.40E+00 2.09E+00 3.49E+00 6.98E+00 1.40E+01 3.49E+01 6.98E+01 1.05E+02
 1.40E+02 2.09E+02 3.49E+02 6.98E+02 1.40E+03 2.09E+03
 7.48E-28 1.74E-21 1.80E-16 8.13E-13 4.07E-11 2.94E-10 5.00E-10 5.76E-10
 6.11E-10 6.40E-10 6.48E-10 6.25E-10 5.77E-10 5.43E-10
 7.22E-28 1.57E-21 1.46E-16 5.65E-13 2.63E-11 1.97E-10 3.43E-10 3.98E-10
 4.23E-10 4.43E-10 4.48E-10 4.30E-10 3.94E-10 3.69E-10
 7.20E-28 1.40E-21 1.15E-16 4.06E-13 1.92E-11 1.56E-10 2.79E-10 3.25E-10
 3.47E-10 3.63E-10 3.66E-10 3.49E-10 3.16E-10 2.94E-10
 7.69E-28 1.38E-21 1.04E-16 3.56E-13 1.70E-11 1.44E-10 2.61E-10 3.06E-10
 3.27E-10 3.42E-10 3.44E-10 3.27E-10 2.94E-10 2.72E-10
 7.82E-28 1.38E-21 1.02E-16 3.44E-13 1.66E-11 1.43E-10 2.59E-10 3.04E-10
 3.24E-10 3.39E-10 3.41E-10 3.24E-10 2.91E-10 2.69E-10
 7.83E-28 1.38E-21 1.02E-16 3.43E-13 1.65E-11 1.42E-10 2.58E-10 3.03E-10
 3.23E-10 3.38E-10 3.40E-10 3.22E-10 2.90E-10 2.68E-10
 7.81E-28 1.37E-21 1.02E-16 3.42E-13 1.65E-11 1.40E-10 2.52E-10 2.94E-10
 3.13E-10 3.27E-10 3.29E-10 3.13E-10 2.83E-10 2.62E-10
  198.851    7  14 /pl=01:ss= 8:pb= 1:sz= 8/type=excit/ispb = t/isel =   17
 1.00E+10 1.00E+11 1.00E+12 1.00E+13 1.00E+14 1.00E+15 1.00E+16
 1.40E+00 2.09E+00 3.49E+00 6.98E+00 1.40E+01 3.49E+01 6.98E+01 1.05E+02
 1.40E+02 2.09E+02 3.49E+02 6.98E+02 1.40E+03 2.09E+03
 6.32E-31 4.51E-24 1.43E-18 1.73E-14 2.02E-12 6.18E-11 1.90E-10 2.58E-10
 2.93E-10 3.21E-10 3.27E-10 2.97E-10 2.44E-10 2.09E-10
 1.62E-29 9.95E-23 2.46E-17 2.22E-13 2.06E-11 3.91E-10 9.09E-10 1.14E-09
 1.25E-09 1.34E-09 1.36E-09 1.29E-09 1.13E-09 1.03E-09
 1.02E-28 5.31E-22 1.03E-16 7.59E-13 5.66E-11 6.44E-10 1.25E-09 1.50E-09
 1.61E-09 1.71E-09 1.75E-09 1.68E-09 1.53E-09 1.42E-09
 1.63E-28 8.36E-22 1.48E-16 9.73E-13 6.50E-11 6.54E-10 1.24E-09 1.48E-09
 1.60E-09 1.69E-09 1.72E-09 1.66E-09 1.51E-09 1.40E-09
 1.75E-28 9.01E-22 1.58E-16 1.01E-12 6.55E-11 6.51E-10 1.24E-09 1.48E-09
 1.59E-09 1.68E-09 1.72E-09 1.65E-09 1.50E-09 1.40E-09
 1.76E-28 9.08E-22 1.59E-16 1.01E-12 6.55E-11 6.50E-10 1.23E-09 1.47E-09
 1.59E-09 1.68E-09 1.71E-09 1.64E-09 1.50E-09 1.39E-09
 1.76E-28 9.06E-22 1.59E-16 1.01E-12 6.54E-11 6.42E-10 1.21E-09 1.43E-09
 1.54E-09 1.62E-09 1.66E-09 1.59E-09 1.46E-09 1.36E-09
  200.765    7  14 /pl=01:ss= 8:pb= 1:sz= 8/type=excit/ispb = t/isel =   18
 1.00E+10 1.00E+11 1.00E+12 1.00E+13 1.00E+14 1.00E+15 1.00E+16
 1.40E+00 2.09E+00 3.49E+00 6.98E+00 1.40E+01 3.49E+01 6.98E+01 1.05E+02
 1.40E+02 2.09E+02 3.49E+02 6.98E+02 1.40E+03 2.09E+03
 2.61E-29 1.30E-22 2.64E-17 2.14E-13 1.80E-11 2.92E-10 6.47E-10 8.02E-10
 8.71E-10 9.32E-10 9.50E-10 9.06E-10 8.05E-10 7.35E-10
 7.26E-29 3.44E-22 6.71E-17 5.12E-13 3.82E-11 3.89E-10 7.13E-10 8.42E-10
 8.97E-10 9.46E-10 9.64E-10 9.34E-10 8.58E-10 8.04E-10
 1.57E-28 6.10E-22 9.33E-17 5.72E-13 3.61E-11 3.22E-10 5.90E-10 6.98E-10
 7.45E-10 7.86E-10 7.99E-10 7.69E-10 7.02E-10 6.55E-10
 2.06E-28 7.54E-22 1.02E-16 5.46E-13 3.24E-11 3.00E-10 5.59E-10 6.63E-10
 7.09E-10 7.48E-10 7.60E-10 7.29E-10 6.61E-10 6.14E-10
 2.16E-28 7.88E-22 1.04E-16 5.43E-13 3.18E-11 2.97E-10 5.55E-10 6.59E-10
 7.05E-10 7.44E-10 7.55E-10 7.24E-10 6.56E-10 6.09E-10
 2.18E-28 7.91E-22 1.05E-16 5.42E-13 3.18E-11 2.96E-10 5.53E-10 6.57E-10
 7.02E-10 7.41E-10 7.52E-10 7.21E-10 6.54E-10 6.07E-10
 2.17E-28 7.90E-22 1.04E-16 5.41E-13 3.17E-11 2.93E-10 5.40E-10 6.38E-10
 6.80E-10 7.17E-10 7.28E-10 7.00E-10 6.38E-10 5.93E-10
  203.530    7  14 /pl=01:ss= 8:pb= 1:sz= 8/type=excit/ispb = t/isel =   19
 1.00E+10 1.00E+11 1.00E+12 1.00E+13 1.00E+14 1.00E+15 1.00E+16
 1.40E+00 2.09E+00 3.49E+00 6.98E+00 1.40E+01 3.49E+01 6.98E+01 1.05E+02
 1.40E+02 2.09E+02 3.49E+02 6.98E+02 1.40E+03 2.09E+03
 1.02E-29 8.60E-23 2.55E-17 2.60E-13 2.15E-11 2.83E-10 6.04E-10 7.43E-10
 8.10E-10 8.68E-10 8.89E-10 8.52E-10 7.69E-10 7.10E-10
 1.59E-29 1.27E-22 3.61E-17 3.53E-13 2.89E-11 3.14E-10 5.97E-10 7.13E-10
 7.68E-10 8.16E-10 8.35E-10 8.08E-10 7.44E-10 6.97E-10
 2.71E-29 1.83E-22 4.30E-17 3.57E-13 2.62E-11 2.65E-10 5.06E-10 6.06E-10
 6.54E-10 6.94E-10 7.09E-10 6.83E-10 6.26E-10 5.83E-10
 3.48E-29 2.20E-22 4.61E-17 3.42E-13 2.40E-11 2.49E-10 4.81E-10 5.77E-10
 6.24E-10 6.63E-10 6.76E-10 6.49E-10 5.92E-10 5.50E-10
 3.64E-29 2.29E-22 4.70E-17 3.40E-13 2.36E-11 2.47E-10 4.78E-10 5.74E-10
 6.20E-10 6.58E-10 6.71E-10 6.44E-10 5.87E-10 5.45E-10
 3.66E-29 2.30E-22 4.70E-17 3.40E-13 2.36E-11 2.46E-10 4.77E-10 5.72E-10
 6.18E-10 6.56E-10 6.69E-10 6.42E-10 5.85E-10 5.44E-10
 3.65E-29 2.30E-22 4.70E-17 3.39E-13 2.35E-11 2.43E-10 4.65E-10 5.55E-10
 5.99E-10 6.34E-10 6.47E-10 6.24E-10 5.71E-10 5.32E-10
  203.581    7  14 /pl=01:ss= 8:pb= 1:sz= 8/type=excit/ispb = t/isel =   20
 1.00E+10 1.00E+11 1.00E+12 1.00E+13 1.00E+14 1.00E+15 1.00E+16
 1.40E+00 2.09E+00 3.49E+00 6.98E+00 1.40E+01 3.49E+01 6.98E+01 1.05E+02
 1.40E+02 2.09E+02 3.49E+02 6.98E+02 1.40E+03 2.09E+03
 1.40E-28 5.71E-22 9.84E-17 6.80E-13 4.62E-11 4.15E-10 7.31E-10 8.51E-10
 9.09E-10 9.56E-10 9.72E-10 9.45E-10 8.76E-10 8.28E-10
 1.62E-28 6.17E-22 9.46E-17 5.61E-13 3.34E-11 2.74E-10 4.83E-10 5.64E-10
 6.03E-10 6.34E-10 6.44E-10 6.23E-10 5.74E-10 5.40E-10
 2.06E-28 6.66E-22 8.49E-17 4.30E-13 2.43E-11 2.13E-10 3.91E-10 4.61E-10
 4.95E-10 5.21E-10 5.28E-10 5.07E-10 4.61E-10 4.29E-10
 2.48E-28 7.42E-22 8.52E-17 3.99E-13 2.21E-11 2.02E-10 3.74E-10 4.42E-10
 4.75E-10 5.00E-10 5.06E-10 4.84E-10 4.38E-10 4.06E-10
 2.57E-28 7.63E-22 8.58E-17 3.94E-13 2.18E-11 2.00E-10 3.72E-10 4.40E-10
 4.72E-10 4.97E-10 5.03E-10 4.81E-10 4.35E-10 4.03E-10
 2.58E-28 7.65E-22 8.58E-17 3.94E-13 2.18E-11 2.00E-10 3.71E-10 4.38E-10
 4.71E-10 4.95E-10 5.01E-10 4.80E-10 4.33E-10 4.02E-10
 2.57E-28 7.64E-22 8.57E-17 3.93E-13 2.17E-11 1.97E-10 3.62E-10 4.26E-10
 4.56E-10 4.79E-10 4.85E-10 4.65E-10 4.23E-10 3.93E-10
  208.383    7  14 /pl=01:ss= 8:pb= 1:sz= 8/type=excit/ispb = t/isel =   21
 1.00E+10 1.00E+11 1.00E+12 1.00E+13 1.00E+14 1.00E+15 1.00E+16
 1.40E+00 2.09E+00 3.49E+00 6.98E+00 1.40E+01 3.49E+01 6.98E+01 1.05E+02
 1.40E+02 2.09E+02 3.49E+02 6.98E+02 1.40E+03 2.09E+03
 1.92E-28 5.44E-22 6.75E-17 3.57E-13 2.08E-11 2.00E-10 3.85E-10 4.59E-10
 4.95E-10 5.22E-10 5.29E-10 5.03E-10 4.53E-10 4.19E-10
 2.69E-28 7.19E-22 8.34E-17 4.09E-13 2.36E-11 2.23E-10 4.16E-10 4.91E-10
 5.27E-10 5.54E-10 5.60E-10 5.33E-10 4.82E-10 4.47E-10
 5.17E-28 1.16E-21 1.12E-16 4.75E-13 2.55E-11 2.25E-10 4.11E-10 4.82E-10
 5.16E-10 5.40E-10 5.45E-10 5.19E-10 4.70E-10 4.36E-10
 7.10E-28 1.51E-21 1.32E-16 5.08E-13 2.58E-11 2.21E-10 4.02E-10 4.72E-10
 5.05E-10 5.29E-10 5.33E-10 5.06E-10 4.58E-10 4.24E-10
 7.50E-28 1.59E-21 1.37E-16 5.15E-13 2.58E-11 2.21E-10 4.01E-10 4.70E-10
 5.03E-10 5.27E-10 5.31E-10 5.04E-10 4.55E-10 4.22E-10
 7.54E-28 1.60E-21 1.37E-16 5.15E-13 2.58E-11 2.20E-10 4.00E-10 4.69E-10
 5.02E-10 5.25E-10 5.29E-10 5.02E-10 4.54E-10 4.21E-10
 7.52E-28 1.60E-21 1.37E-16 5.15E-13 2.57E-11 2.17E-10 3.90E-10 4.55E-10
 4.86E-10 5.08E-10 5.12E-10 4.88E-10 4.43E-10 4.11E-10
  209.860    7  14 /pl=01:ss= 8:pb= 1:sz= 8/type=excit/ispb = t/isel =   22
 1.00E+10 1.00E+11 1.00E+12 1.00E+13 1.00E+14 1.00E+15 1.00E+16
 1.40E+00 2.09E+00 3.49E+00 6.98E+00 1.40E+01 3.49E+01 6.98E+01 1.05E+02
 1.40E+02 2.09E+02 3.49E+02 6.98E+02 1.40E+03 2.09E+03
 2.82E-29 9.66E-23 1.62E-17 1.21E-13 1.10E-11 2.10E-10 4.88E-10 6.11E-10
 6.69E-10 7.14E-10 7.18E-10 6.70E-10 5.78E-10 5.18E-10
 2.19E-28 6.61E-22 9.17E-17 5.48E-13 3.78E-11 4.36E-10 8.61E-10 1.03E-09
 1.11E-09 1.17E-09 1.18E-09 1.12E-09 9.96E-10 9.12E-10
 8.53E-28 2.08E-21 2.18E-16 1.01E-12 5.74E-11 5.32E-10 9.83E-10 1.16E-09
 1.24E-09 1.30E-09 1.31E-09 1.25E-09 1.12E-09 1.04E-09
 1.33E-27 3.13E-21 2.97E-16 1.22E-12 6.35E-11 5.47E-10 9.96E-10 1.17E-09
 1.25E-09 1.31E-09 1.32E-09 1.25E-09 1.13E-09 1.05E-09
 1.42E-27 3.37E-21 3.15E-16 1.26E-12 6.45E-11 5.49E-10 9.97E-10 1.17E-09
 1.25E-09 1.31E-09 1.32E-09 1.25E-09 1.13E-09 1.05E-09
 1.43E-27 3.39E-21 3.17E-16 1.27E-12 6.46E-11 5.48E-10 9.94E-10 1.17E-09
 1.25E-09 1.31E-09 1.32E-09 1.25E-09 1.13E-09 1.04E-09
 1.43E-27 3.39E-21 3.16E-16 1.27E-12 6.45E-11 5.41E-10 9.71E-10 1.13E-09
 1.21E-09 1.27E-09 1.27E-09 1.21E-09 1.10E-09 1.02E-09
  211.462    7  14 /pl=01:ss= 8:pb= 1:sz= 8/type=excit/ispb = t/isel =   23
 1.00E+10 1.00E+11 1.00E+12 1.00E+13 1.00E+14 1.00E+15 1.00E+16
 1.40E+00 2.09E+00 3.49E+00 6.98E+00 1.40E+01 3.49E+01 6.98E+01 1.05E+02
 1.40E+02 2.09E+02 3.49E+02 6.98E+02 1.40E+03 2.09E+03
 2.54E-28 7.21E-22 8.95E-17 4.73E-13 2.76E-11 2.65E-10 5.10E-10 6.08E-10
 6.55E-10 6.92E-10 7.01E-10 6.67E-10 6.00E-10 5.56E-10
 3.56E-28 9.53E-22 1.11E-16 5.41E-13 3.12E-11 2.96E-10 5.51E-10 6.50E-10
 6.98E-10 7.34E-10 7.42E-10 7.06E-10 6.39E-10 5.92E-10
 6.85E-28 1.54E-21 1.49E-16 6.30E-13 3.38E-11 2.99E-10 5.44E-10 6.38E-10
 6.84E-10 7.16E-10 7.23E-10 6.87E-10 6.23E-10 5.78E-10
 9.41E-28 2.00E-21 1.75E-16 6.73E-13 3.42E-11 2.93E-10 5.33E-10 6.25E-10
 6.69E-10 7.01E-10 7.06E-10 6.71E-10 6.06E-10 5.62E-10
 9.94E-28 2.11E-21 1.81E-16 6.82E-13 3.42E-11 2.92E-10 5.31E-10 6.23E-10
 6.67E-10 6.98E-10 7.04E-10 6.68E-10 6.04E-10 5.59E-10
 9.99E-28 2.12E-21 1.82E-16 6.83E-13 3.41E-11 2.92E-10 5.30E-10 6.21E-10
 6.65E-10 6.96E-10 7.01E-10 6.66E-10 6.02E-10 5.57E-10
 9.97E-28 2.12E-21 1.82E-16 6.82E-13 3.41E-11 2.88E-10 5.17E-10 6.03E-10
 6.44E-10 6.73E-10 6.79E-10 6.46E-10 5.87E-10 5.45E-10
  212.660    7  14 /pl=01:ss= 8:pb= 1:sz= 8/type=excit/ispb = t/isel =   24
 1.00E+10 1.00E+11 1.00E+12 1.00E+13 1.00E+14 1.00E+15 1.00E+16
 1.40E+00 2.09E+00 3.49E+00 6.98E+00 1.40E+01 3.49E+01 6.98E+01 1.05E+02
 1.40E+02 2.09E+02 3.49E+02 6.98E+02 1.40E+03 2.09E+03
 2.68E-28 5.83E-22 6.01E-17 2.84E-13 1.66E-11 1.68E-10 3.25E-10 3.87E-10
 4.17E-10 4.39E-10 4.43E-10 4.20E-10 3.77E-10 3.47E-10
 4.41E-28 9.04E-22 8.73E-17 3.82E-13 2.09E-11 1.79E-10 3.17E-10 3.69E-10
 3.93E-10 4.11E-10 4.14E-10 3.95E-10 3.60E-10 3.35E-10
 7.83E-28 1.34E-21 1.06E-16 3.90E-13 1.92E-11 1.51E-10 2.65E-10 3.07E-10
 3.28E-10 3.42E-10 3.45E-10 3.28E-10 2.97E-10 2.76E-10
 9.77E-28 1.57E-21 1.10E-16 3.59E-13 1.68E-11 1.37E-10 2.45E-10 2.86E-10
 3.05E-10 3.19E-10 3.21E-10 3.04E-10 2.74E-10 2.53E-10
 1.02E-27 1.62E-21 1.11E-16 3.52E-13 1.63E-11 1.34E-10 2.42E-10 2.83E-10
 3.02E-10 3.16E-10 3.17E-10 3.00E-10 2.70E-10 2.50E-10
 1.02E-27 1.62E-21 1.11E-16 3.51E-13 1.62E-11 1.34E-10 2.41E-10 2.82E-10
 3.01E-10 3.14E-10 3.16E-10 2.99E-10 2.69E-10 2.49E-10
 1.02E-27 1.62E-21 1.11E-16 3.50E-13 1.62E-11 1.32E-10 2.35E-10 2.73E-10
 2.91E-10 3.04E-10 3.06E-10 2.90E-10 2.63E-10 2.43E-10
  214.634    7  14 /pl=01:ss= 8:pb= 1:sz= 8/type=excit/ispb = t/isel =   25
 1.00E+10 1.00E+11 1.00E+12 1.00E+13 1.00E+14 1.00E+15 1.00E+16
 1.40E+00 2.09E+00 3.49E+00 6.98E+00 1.40E+01 3.49E+01 6.98E+01 1.05E+02
 1.40E+02 2.09E+02 3.49E+02 6.98E+02 1.40E+03 2.09E+03
 1.09E-28 4.45E-22 7.66E-17 5.30E-13 3.60E-11 3.23E-10 5.69E-10 6.63E-10
 7.08E-10 7.44E-10 7.57E-10 7.36E-10 6.82E-10 6.45E-10
 1.26E-28 4.80E-22 7.37E-17 4.37E-13 2.60E-11 2.13E-10 3.76E-10 4.39E-10
 4.69E-10 4.93E-10 5.01E-10 4.85E-10 4.47E-10 4.21E-10
 1.60E-28 5.19E-22 6.62E-17 3.35E-13 1.89E-11 1.66E-10 3.05E-10 3.59E-10
 3.85E-10 4.06E-10 4.11E-10 3.95E-10 3.59E-10 3.34E-10
 1.93E-28 5.78E-22 6.64E-17 3.11E-13 1.72E-11 1.57E-10 2.91E-10 3.44E-10
 3.70E-10 3.89E-10 3.94E-10 3.77E-10 3.41E-10 3.16E-10
 2.00E-28 5.94E-22 6.68E-17 3.07E-13 1.70E-11 1.56E-10 2.90E-10 3.43E-10
 3.68E-10 3.87E-10 3.92E-10 3.75E-10 3.39E-10 3.14E-10
 2.01E-28 5.96E-22 6.68E-17 3.07E-13 1.70E-11 1.56E-10 2.89E-10 3.41E-10
 3.67E-10 3.86E-10 3.90E-10 3.73E-10 3.38E-10 3.13E-10
 2.00E-28 5.95E-22 6.67E-17 3.06E-13 1.69E-11 1.54E-10 2.82E-10 3.32E-10
 3.55E-10 3.73E-10 3.78E-10 3.63E-10 3.29E-10 3.06E-10
  216.983    7  14 /pl=01:ss= 8:pb= 1:sz= 8/type=excit/ispb = t/isel =   26
 1.00E+10 1.00E+11 1.00E+12 1.00E+13 1.00E+14 1.00E+15 1.00E+16
 1.40E+00 2.09E+00 3.49E+00 6.98E+00 1.40E+01 3.49E+01 6.98E+01 1.05E+02
 1.40E+02 2.09E+02 3.49E+02 6.98E+02 1.40E+03 2.09E+03
 8.04E-28 1.37E-21 1.25E-16 5.72E-13 3.89E-11 5.86E-10 1.26E-09 1.53E-09
 1.66E-09 1.75E-09 1.77E-09 1.66E-09 1.46E-09 1.32E-09
 3.46E-27 5.48E-21 4.52E-16 1.82E-12 1.01E-10 8.89E-10 1.56E-09 1.82E-09
 1.93E-09 2.01E-09 2.03E-09 1.94E-09 1.77E-09 1.64E-09
 8.95E-27 1.15E-20 7.25E-16 2.31E-12 1.07E-10 8.00E-10 1.38E-09 1.60E-09
 1.69E-09 1.76E-09 1.77E-09 1.69E-09 1.54E-09 1.43E-09
 1.22E-26 1.47E-20 8.24E-16 2.28E-12 9.81E-11 7.46E-10 1.30E-09 1.51E-09
 1.61E-09 1.68E-09 1.68E-09 1.60E-09 1.45E-09 1.34E-09
 1.28E-26 1.55E-20 8.47E-16 2.27E-12 9.62E-11 7.38E-10 1.29E-09 1.50E-09
 1.59E-09 1.66E-09 1.67E-09 1.59E-09 1.43E-09 1.33E-09
 1.29E-26 1.56E-20 8.50E-16 2.27E-12 9.59E-11 7.36E-10 1.29E-09 1.50E-09
 1.59E-09 1.66E-09 1.66E-09 1.58E-09 1.43E-09 1.32E-09
 1.28E-26 1.55E-20 8.48E-16 2.27E-12 9.56E-11 7.27E-10 1.26E-09 1.45E-09
 1.54E-09 1.60E-09 1.61E-09 1.53E-09 1.39E-09 1.29E-09
  218.752    7  14 /pl=01:ss= 8:pb= 1:sz= 8/type=excit/ispb = t/isel =   27
 1.00E+10 1.00E+11 1.00E+12 1.00E+13 1.00E+14 1.00E+15 1.00E+16
 1.40E+00 2.09E+00 3.49E+00 6.98E+00 1.40E+01 3.49E+01 6.98E+01 1.05E+02
 1.40E+02 2.09E+02 3.49E+02 6.98E+02 1.40E+03 2.09E+03
 4.68E-29 8.67E-23 9.32E-18 5.06E-14 3.98E-12 9.41E-11 2.63E-10 3.48E-10
 3.89E-10 4.20E-10 4.23E-10 3.81E-10 3.12E-10 2.68E-10
 1.15E-27 1.82E-21 1.53E-16 6.15E-13 3.79E-11 5.60E-10 1.20E-09 1.46E-09
 1.58E-09 1.67E-09 1.69E-09 1.58E-09 1.39E-09 1.25E-09
 7.13E-27 9.60E-21 6.31E-16 2.07E-12 1.02E-10 9.13E-10 1.64E-09 1.92E-09
 2.04E-09 2.13E-09 2.15E-09 2.05E-09 1.86E-09 1.72E-09
 1.14E-26 1.51E-20 9.04E-16 2.64E-12 1.17E-10 9.26E-10 1.63E-09 1.90E-09
 2.02E-09 2.11E-09 2.13E-09 2.02E-09 1.83E-09 1.70E-09
 1.22E-26 1.62E-20 9.61E-16 2.73E-12 1.18E-10 9.22E-10 1.62E-09 1.89E-09
 2.01E-09 2.10E-09 2.12E-09 2.01E-09 1.82E-09 1.69E-09
 1.23E-26 1.64E-20 9.68E-16 2.75E-12 1.18E-10 9.21E-10 1.62E-09 1.89E-09
 2.00E-09 2.09E-09 2.11E-09 2.01E-09 1.82E-09 1.69E-09
 1.23E-26 1.63E-20 9.67E-16 2.74E-12 1.18E-10 9.09E-10 1.58E-09 1.83E-09
 1.94E-09 2.02E-09 2.04E-09 1.95E-09 1.77E-09 1.65E-09
  219.979    7  14 /pl=01:ss= 8:pb= 1:sz= 8/type=excit/ispb = t/isel =   28
 1.00E+10 1.00E+11 1.00E+12 1.00E+13 1.00E+14 1.00E+15 1.00E+16
 1.40E+00 2.09E+00 3.49E+00 6.98E+00 1.40E+01 3.49E+01 6.98E+01 1.05E+02
 1.40E+02 2.09E+02 3.49E+02 6.98E+02 1.40E+03 2.09E+03
 1.25E-28 3.56E-22 4.42E-17 2.34E-13 1.36E-11 1.31E-10 2.52E-10 3.00E-10
 3.23E-10 3.42E-10 3.46E-10 3.29E-10 2.96E-10 2.74E-10
 1.76E-28 4.70E-22 5.46E-17 2.67E-13 1.54E-11 1.46E-10 2.72E-10 3.21E-10
 3.45E-10 3.62E-10 3.66E-10 3.48E-10 3.15E-10 2.92E-10
 3.38E-28 7.60E-22 7.34E-17 3.11E-13 1.67E-11 1.47E-10 2.68E-10 3.15E-10
 3.37E-10 3.53E-10 3.57E-10 3.39E-10 3.07E-10 2.85E-10
 4.64E-28 9.88E-22 8.64E-17 3.32E-13 1.69E-11 1.45E-10 2.63E-10 3.08E-10
 3.30E-10 3.46E-10 3.49E-10 3.31E-10 2.99E-10 2.77E-10
 4.91E-28 1.04E-21 8.94E-17 3.37E-13 1.69E-11 1.44E-10 2.62E-10 3.07E-10
 3.29E-10 3.45E-10 3.47E-10 3.30E-10 2.98E-10 2.76E-10
 4.93E-28 1.05E-21 8.97E-17 3.37E-13 1.69E-11 1.44E-10 2.61E-10 3.06E-10
 3.28E-10 3.43E-10 3.46E-10 3.29E-10 2.97E-10 2.75E-10
 4.92E-28 1.04E-21 8.96E-17 3.37E-13 1.68E-11 1.42E-10 2.55E-10 2.98E-10
 3.18E-10 3.32E-10 3.35E-10 3.19E-10 2.90E-10 2.69E-10
  220.323    7  14 /pl=01:ss= 8:pb= 1:sz= 8/type=excit/ispb = t/isel =   29
 1.00E+10 1.00E+11 1.00E+12 1.00E+13 1.00E+14 1.00E+15 1.00E+16
 1.40E+00 2.09E+00 3.49E+00 6.98E+00 1.40E+01 3.49E+01 6.98E+01 1.05E+02
 1.40E+02 2.09E+02 3.49E+02 6.98E+02 1.40E+03 2.09E+03
 3.50E-28 5.98E-22 5.43E-17 2.49E-13 1.70E-11 2.56E-10 5.47E-10 6.67E-10
 7.22E-10 7.64E-10 7.70E-10 7.24E-10 6.37E-10 5.77E-10
 1.51E-27 2.39E-21 1.97E-16 7.96E-13 4.40E-11 3.87E-10 6.82E-10 7.92E-10
 8.41E-10 8.78E-10 8.84E-10 8.45E-10 7.70E-10 7.16E-10
 3.90E-27 5.01E-21 3.16E-16 1.01E-12 4.65E-11 3.49E-10 6.02E-10 6.96E-10
 7.38E-10 7.69E-10 7.73E-10 7.37E-10 6.71E-10 6.24E-10
 5.30E-27 6.43E-21 3.59E-16 9.94E-13 4.28E-11 3.25E-10 5.68E-10 6.60E-10
 7.00E-10 7.30E-10 7.33E-10 6.97E-10 6.31E-10 5.84E-10
 5.58E-27 6.75E-21 3.69E-16 9.91E-13 4.19E-11 3.22E-10 5.64E-10 6.55E-10
 6.95E-10 7.25E-10 7.28E-10 6.91E-10 6.25E-10 5.79E-10
 5.61E-27 6.78E-21 3.70E-16 9.91E-13 4.18E-11 3.21E-10 5.62E-10 6.53E-10
 6.93E-10 7.22E-10 7.25E-10 6.89E-10 6.23E-10 5.77E-10
 5.59E-27 6.77E-21 3.70E-16 9.89E-13 4.17E-11 3.17E-10 5.49E-10 6.34E-10
 6.71E-10 6.99E-10 7.02E-10 6.69E-10 6.08E-10 5.64E-10
  221.073    7  14 /pl=01:ss= 8:pb= 1:sz= 8/type=excit/ispb = t/isel =   30
 1.00E+10 1.00E+11 1.00E+12 1.00E+13 1.00E+14 1.00E+15 1.00E+16
 1.40E+00 2.09E+00 3.49E+00 6.98E+00 1.40E+01 3.49E+01 6.98E+01 1.05E+02
 1.40E+02 2.09E+02 3.49E+02 6.98E+02 1.40E+03 2.09E+03
 1.00E-28 2.70E-22 3.24E-17 1.70E-13 1.02E-11 1.08E-10 2.16E-10 2.62E-10
 2.83E-10 2.99E-10 3.03E-10 2.86E-10 2.55E-10 2.34E-10
 1.68E-28 4.24E-22 4.77E-17 2.32E-13 1.37E-11 1.37E-10 2.62E-10 3.12E-10
 3.35E-10 3.53E-10 3.56E-10 3.37E-10 3.03E-10 2.78E-10
 4.08E-28 8.46E-22 7.69E-17 3.13E-13 1.67E-11 1.55E-10 2.88E-10 3.40E-10
 3.64E-10 3.82E-10 3.85E-10 3.65E-10 3.29E-10 3.03E-10
 6.21E-28 1.23E-21 1.02E-16 3.75E-13 1.87E-11 1.61E-10 2.95E-10 3.47E-10
 3.70E-10 3.89E-10 3.91E-10 3.71E-10 3.35E-10 3.09E-10
 6.67E-28 1.33E-21 1.08E-16 3.90E-13 1.91E-11 1.62E-10 2.95E-10 3.47E-10
 3.71E-10 3.89E-10 3.92E-10 3.71E-10 3.35E-10 3.09E-10
 6.72E-28 1.34E-21 1.09E-16 3.92E-13 1.92E-11 1.62E-10 2.95E-10 3.46E-10
 3.70E-10 3.88E-10 3.91E-10 3.71E-10 3.35E-10 3.09E-10
 6.71E-28 1.33E-21 1.08E-16 3.92E-13 1.91E-11 1.60E-10 2.88E-10 3.36E-10
 3.58E-10 3.75E-10 3.78E-10 3.60E-10 3.26E-10 3.02E-10
  221.271    7  14 /pl=01:ss= 8:pb= 1:sz= 8/type=excit/ispb = t/isel =   31
 1.00E+10 1.00E+11 1.00E+12 1.00E+13 1.00E+14 1.00E+15 1.00E+16
 1.40E+00 2.09E+00 3.49E+00 6.98E+00 1.40E+01 3.49E+01 6.98E+01 1.05E+02
 1.40E+02 2.09E+02 3.49E+02 6.98E+02 1.40E+03 2.09E+03
 4.24E-30 3.84E-23 1.26E-17 1.43E-13 1.25E-11 1.31E-10 2.42E-10 2.87E-10
 3.09E-10 3.27E-10 3.35E-10 3.26E-10 3.04E-10 2.87E-10
 5.75E-30 4.74E-23 1.35E-17 1.27E-13 9.59E-12 9.32E-11 1.77E-10 2.12E-10
 2.29E-10 2.43E-10 2.47E-10 2.38E-10 2.17E-10 2.03E-10
 1.19E-29 8.08E-23 1.84E-17 1.40E-13 9.59E-12 1.03E-10 2.06E-10 2.49E-10
 2.70E-10 2.87E-10 2.91E-10 2.77E-10 2.48E-10 2.28E-10
 1.86E-29 1.22E-22 2.60E-17 1.91E-13 1.27E-11 1.25E-10 2.40E-10 2.87E-10
 3.10E-10 3.28E-10 3.32E-10 3.18E-10 2.87E-10 2.66E-10
 2.01E-29 1.31E-22 2.78E-17 2.04E-13 1.37E-11 1.30E-10 2.46E-10 2.93E-10
 3.16E-10 3.34E-10 3.38E-10 3.24E-10 2.94E-10 2.73E-10
 2.03E-29 1.32E-22 2.79E-17 2.06E-13 1.38E-11 1.30E-10 2.46E-10 2.93E-10
 3.15E-10 3.34E-10 3.38E-10 3.24E-10 2.94E-10 2.73E-10
 2.02E-29 1.32E-22 2.79E-17 2.06E-13 1.38E-11 1.29E-10 2.40E-10 2.84E-10
 3.06E-10 3.23E-10 3.27E-10 3.15E-10 2.87E-10 2.67E-10
  221.716    7  14 /pl=01:ss= 8:pb= 1:sz= 8/type=excit/ispb = t/isel =   32
 1.00E+10 1.00E+11 1.00E+12 1.00E+13 1.00E+14 1.00E+15 1.00E+16
 1.40E+00 2.09E+00 3.49E+00 6.98E+00 1.40E+01 3.49E+01 6.98E+01 1.05E+02
 1.40E+02 2.09E+02 3.49E+02 6.98E+02 1.40E+03 2.09E+03
 3.34E-26 1.57E-20 4.69E-16 8.59E-13 2.96E-11 1.97E-10 3.29E-10 3.75E-10
 3.95E-10 4.08E-10 4.07E-10 3.83E-10 3.46E-10 3.20E-10
 4.16E-26 1.85E-20 5.07E-16 8.38E-13 2.72E-11 1.64E-10 2.60E-10 2.92E-10
 3.06E-10 3.15E-10 3.13E-10 2.95E-10 2.68E-10 2.49E-10
 5.48E-26 2.10E-20 4.86E-16 6.97E-13 2.10E-11 1.24E-10 2.00E-10 2.26E-10
 2.37E-10 2.44E-10 2.42E-10 2.27E-10 2.04E-10 1.88E-10
 6.20E-26 2.20E-20 4.57E-16 5.98E-13 1.76E-11 1.11E-10 1.83E-10 2.08E-10
 2.19E-10 2.26E-10 2.24E-10 2.09E-10 1.86E-10 1.71E-10
 6.34E-26 2.22E-20 4.51E-16 5.77E-13 1.70E-11 1.09E-10 1.81E-10 2.06E-10
 2.17E-10 2.24E-10 2.22E-10 2.06E-10 1.84E-10 1.69E-10
 6.36E-26 2.22E-20 4.50E-16 5.74E-13 1.69E-11 1.08E-10 1.80E-10 2.05E-10
 2.16E-10 2.23E-10 2.21E-10 2.06E-10 1.83E-10 1.68E-10
 6.34E-26 2.21E-20 4.49E-16 5.73E-13 1.68E-11 1.07E-10 1.76E-10 2.00E-10
 2.10E-10 2.16E-10 2.14E-10 2.00E-10 1.79E-10 1.64E-10
  224.594    7  14 /pl=01:ss= 8:pb= 1:sz= 8/type=excit/ispb = t/isel =   33
 1.00E+10 1.00E+11 1.00E+12 1.00E+13 1.00E+14 1.00E+15 1.00E+16
 1.40E+00 2.09E+00 3.49E+00 6.98E+00 1.40E+01 3.49E+01 6.98E+01 1.05E+02
 1.40E+02 2.09E+02 3.49E+02 6.98E+02 1.40E+03 2.09E+03
 2.29E-28 3.13E-22 2.58E-17 1.15E-13 8.27E-12 1.50E-10 3.52E-10 4.41E-10
 4.83E-10 5.14E-10 5.16E-10 4.76E-10 4.06E-10 3.60E-10
 2.85E-27 3.34E-21 2.19E-16 7.45E-13 4.01E-11 4.51E-10 8.87E-10 1.06E-09
 1.13E-09 1.19E-09 1.19E-09 1.12E-09 9.96E-10 9.08E-10
 1.34E-26 1.29E-20 6.45E-16 1.73E-12 7.65E-11 6.13E-10 1.07E-09 1.24E-09
 1.31E-09 1.36E-09 1.37E-09 1.30E-09 1.18E-09 1.10E-09
 2.06E-26 1.92E-20 8.70E-16 2.06E-12 8.24E-11 6.06E-10 1.05E-09 1.21E-09
 1.28E-09 1.33E-09 1.33E-09 1.27E-09 1.15E-09 1.07E-09
 2.19E-26 2.06E-20 9.17E-16 2.11E-12 8.23E-11 6.02E-10 1.04E-09 1.20E-09
 1.27E-09 1.32E-09 1.33E-09 1.26E-09 1.14E-09 1.06E-09
 2.21E-26 2.07E-20 9.22E-16 2.12E-12 8.23E-11 6.01E-10 1.04E-09 1.20E-09
 1.27E-09 1.32E-09 1.32E-09 1.26E-09 1.14E-09 1.05E-09
 2.20E-26 2.07E-20 9.21E-16 2.11E-12 8.21E-11 5.94E-10 1.01E-09 1.16E-09
 1.23E-09 1.27E-09 1.28E-09 1.22E-09 1.11E-09 1.03E-09
  226.801    7  14 /pl=01:ss= 8:pb= 1:sz= 8/type=excit/ispb = t/isel =   34
 1.00E+10 1.00E+11 1.00E+12 1.00E+13 1.00E+14 1.00E+15 1.00E+16
 1.40E+00 2.09E+00 3.49E+00 6.98E+00 1.40E+01 3.49E+01 6.98E+01 1.05E+02
 1.40E+02 2.09E+02 3.49E+02 6.98E+02 1.40E+03 2.09E+03
 5.66E-27 5.34E-21 2.94E-16 8.90E-13 4.33E-11 3.91E-10 7.08E-10 8.24E-10
 8.78E-10 9.14E-10 9.15E-10 8.69E-10 7.81E-10 7.20E-10
 1.06E-26 9.34E-21 4.67E-16 1.26E-12 5.40E-11 3.77E-10 6.14E-10 6.96E-10
 7.33E-10 7.58E-10 7.57E-10 7.26E-10 6.65E-10 6.21E-10
 1.83E-26 1.33E-20 5.28E-16 1.17E-12 4.40E-11 2.86E-10 4.72E-10 5.39E-10
 5.68E-10 5.88E-10 5.87E-10 5.59E-10 5.07E-10 4.71E-10
 2.24E-26 1.51E-20 5.28E-16 1.03E-12 3.70E-11 2.56E-10 4.34E-10 4.97E-10
 5.26E-10 5.45E-10 5.43E-10 5.15E-10 4.63E-10 4.28E-10
 2.32E-26 1.55E-20 5.31E-16 1.00E-12 3.57E-11 2.51E-10 4.28E-10 4.92E-10
 5.20E-10 5.39E-10 5.37E-10 5.09E-10 4.57E-10 4.22E-10
 2.33E-26 1.56E-20 5.31E-16 9.99E-13 3.55E-11 2.51E-10 4.27E-10 4.90E-10
 5.19E-10 5.37E-10 5.35E-10 5.07E-10 4.56E-10 4.20E-10
 2.32E-26 1.56E-20 5.30E-16 9.97E-13 3.54E-11 2.48E-10 4.17E-10 4.76E-10
 5.02E-10 5.20E-10 5.18E-10 4.92E-10 4.45E-10 4.11E-10
  227.892    7  14 /pl=01:ss= 8:pb= 1:sz= 8/type=excit/ispb = t/isel =   35
 1.00E+10 1.00E+11 1.00E+12 1.00E+13 1.00E+14 1.00E+15 1.00E+16
 1.40E+00 2.09E+00 3.49E+00 6.98E+00 1.40E+01 3.49E+01 6.98E+01 1.05E+02
 1.40E+02 2.09E+02 3.49E+02 6.98E+02 1.40E+03 2.09E+03
 1.10E-27 1.01E-21 5.92E-17 2.02E-13 1.27E-11 1.93E-10 4.09E-10 4.94E-10
 5.33E-10 5.59E-10 5.61E-10 5.20E-10 4.53E-10 4.08E-10
 7.57E-27 6.22E-21 3.08E-16 8.53E-13 3.92E-11 3.15E-10 5.38E-10 6.17E-10
 6.52E-10 6.75E-10 6.75E-10 6.38E-10 5.76E-10 5.34E-10
 2.15E-26 1.43E-20 5.34E-16 1.15E-12 4.34E-11 2.91E-10 4.86E-10 5.55E-10
 5.85E-10 6.04E-10 6.04E-10 5.70E-10 5.14E-10 4.76E-10
 2.97E-26 1.87E-20 6.21E-16 1.16E-12 4.08E-11 2.75E-10 4.64E-10 5.31E-10
 5.60E-10 5.79E-10 5.78E-10 5.44E-10 4.89E-10 4.51E-10
 3.13E-26 1.97E-20 6.40E-16 1.16E-12 4.02E-11 2.73E-10 4.61E-10 5.28E-10
 5.57E-10 5.76E-10 5.75E-10 5.41E-10 4.85E-10 4.48E-10
 3.15E-26 1.98E-20 6.42E-16 1.16E-12 4.01E-11 2.72E-10 4.59E-10 5.26E-10
 5.55E-10 5.74E-10 5.73E-10 5.39E-10 4.84E-10 4.46E-10
 3.14E-26 1.98E-20 6.41E-16 1.16E-12 4.00E-11 2.69E-10 4.49E-10 5.11E-10
 5.38E-10 5.55E-10 5.54E-10 5.23E-10 4.72E-10 4.37E-10
  231.579    7  14 /pl=01:ss= 8:pb= 1:sz= 8/type=excit/ispb = t/isel =   36
 1.00E+10 1.00E+11 1.00E+12 1.00E+13 1.00E+14 1.00E+15 1.00E+16
 1.40E+00 2.09E+00 3.49E+00 6.98E+00 1.40E+01 3.49E+01 6.98E+01 1.05E+02
 1.40E+02 2.09E+02 3.49E+02 6.98E+02 1.40E+03 2.09E+03
 6.60E-28 6.06E-22 3.54E-17 1.21E-13 7.57E-12 1.16E-10 2.45E-10 2.96E-10
 3.19E-10 3.35E-10 3.36E-10 3.12E-10 2.71E-10 2.44E-10
 4.53E-27 3.73E-21 1.84E-16 5.11E-13 2.35E-11 1.88E-10 3.22E-10 3.69E-10
 3.90E-10 4.04E-10 4.04E-10 3.82E-10 3.45E-10 3.20E-10
 1.29E-26 8.55E-21 3.20E-16 6.86E-13 2.60E-11 1.74E-10 2.91E-10 3.32E-10
 3.50E-10 3.62E-10 3.61E-10 3.41E-10 3.08E-10 2.85E-10
 1.78E-26 1.12E-20 3.72E-16 6.94E-13 2.44E-11 1.65E-10 2.78E-10 3.18E-10
 3.35E-10 3.47E-10 3.46E-10 3.26E-10 2.93E-10 2.70E-10
 1.87E-26 1.18E-20 3.83E-16 6.96E-13 2.40E-11 1.63E-10 2.76E-10 3.16E-10
 3.34E-10 3.45E-10 3.44E-10 3.24E-10 2.90E-10 2.68E-10
 1.88E-26 1.18E-20 3.84E-16 6.96E-13 2.40E-11 1.63E-10 2.75E-10 3.15E-10
 3.32E-10 3.44E-10 3.43E-10 3.23E-10 2.90E-10 2.67E-10
 1.88E-26 1.18E-20 3.84E-16 6.95E-13 2.39E-11 1.61E-10 2.68E-10 3.06E-10
 3.22E-10 3.32E-10 3.32E-10 3.13E-10 2.83E-10 2.61E-10
  233.278    7  14 /pl=01:ss= 8:pb= 1:sz= 8/type=excit/ispb = t/isel =   37
 1.00E+10 1.00E+11 1.00E+12 1.00E+13 1.00E+14 1.00E+15 1.00E+16
 1.40E+00 2.09E+00 3.49E+00 6.98E+00 1.40E+01 3.49E+01 6.98E+01 1.05E+02
 1.40E+02 2.09E+02 3.49E+02 6.98E+02 1.40E+03 2.09E+03
 6.32E-26 2.63E-20 7.66E-16 1.41E-12 5.12E-11 2.81E-10 4.02E-10 4.35E-10
 4.49E-10 4.56E-10 4.52E-10 4.31E-10 4.00E-10 3.77E-10
 6.41E-26 2.44E-20 6.03E-16 8.89E-13 2.51E-11 1.14E-10 1.71E-10 1.89E-10
 1.98E-10 2.02E-10 2.00E-10 1.88E-10 1.71E-10 1.59E-10
 6.21E-26 2.00E-20 4.01E-16 4.86E-13 1.30E-11 7.45E-11 1.22E-10 1.38E-10
 1.45E-10 1.49E-10 1.47E-10 1.37E-10 1.21E-10 1.11E-10
 6.55E-26 1.93E-20 3.48E-16 4.00E-13 1.09E-11 6.77E-11 1.14E-10 1.29E-10
 1.36E-10 1.40E-10 1.38E-10 1.28E-10 1.12E-10 1.02E-10
 6.65E-26 1.93E-20 3.38E-16 3.85E-13 1.06E-11 6.69E-11 1.13E-10 1.28E-10
 1.35E-10 1.39E-10 1.37E-10 1.26E-10 1.11E-10 1.01E-10
 6.66E-26 1.93E-20 3.37E-16 3.83E-13 1.06E-11 6.67E-11 1.12E-10 1.28E-10
 1.35E-10 1.38E-10 1.36E-10 1.26E-10 1.11E-10 1.01E-10
 6.61E-26 1.92E-20 3.36E-16 3.82E-13 1.05E-11 6.57E-11 1.09E-10 1.24E-10
 1.30E-10 1.34E-10 1.32E-10 1.22E-10 1.08E-10 9.88E-11
  238.695    7  14 /pl=01:ss= 8:pb= 1:sz= 8/type=excit/ispb = t/isel =   38
 1.00E+10 1.00E+11 1.00E+12 1.00E+13 1.00E+14 1.00E+15 1.00E+16
 1.40E+00 2.09E+00 3.49E+00 6.98E+00 1.40E+01 3.49E+01 6.98E+01 1.05E+02
 1.40E+02 2.09E+02 3.49E+02 6.98E+02 1.40E+03 2.09E+03
 3.56E-26 1.67E-20 5.00E-16 9.16E-13 3.16E-11 2.10E-10 3.51E-10 4.00E-10
 4.21E-10 4.35E-10 4.34E-10 4.09E-10 3.69E-10 3.41E-10
 4.43E-26 1.97E-20 5.41E-16 8.94E-13 2.90E-11 1.75E-10 2.77E-10 3.11E-10
 3.26E-10 3.35E-10 3.34E-10 3.15E-10 2.86E-10 2.66E-10
 5.84E-26 2.23E-20 5.18E-16 7.43E-13 2.24E-11 1.32E-10 2.13E-10 2.40E-10
 2.53E-10 2.60E-10 2.58E-10 2.42E-10 2.17E-10 2.01E-10
 6.61E-26 2.34E-20 4.87E-16 6.38E-13 1.88E-11 1.18E-10 1.95E-10 2.22E-10
 2.34E-10 2.41E-10 2.39E-10 2.23E-10 1.98E-10 1.82E-10
 6.76E-26 2.37E-20 4.80E-16 6.15E-13 1.81E-11 1.16E-10 1.93E-10 2.20E-10
 2.31E-10 2.38E-10 2.36E-10 2.20E-10 1.96E-10 1.80E-10
 6.78E-26 2.37E-20 4.79E-16 6.12E-13 1.80E-11 1.16E-10 1.92E-10 2.19E-10
 2.31E-10 2.38E-10 2.35E-10 2.19E-10 1.95E-10 1.79E-10
 6.75E-26 2.36E-20 4.78E-16 6.11E-13 1.80E-11 1.14E-10 1.88E-10 2.13E-10
 2.23E-10 2.30E-10 2.28E-10 2.13E-10 1.91E-10 1.75E-10
  238.864    7  14 /pl=01:ss= 8:pb= 1:sz= 8/type=excit/ispb = t/isel =   39
 1.00E+10 1.00E+11 1.00E+12 1.00E+13 1.00E+14 1.00E+15 1.00E+16
 1.40E+00 2.09E+00 3.49E+00 6.98E+00 1.40E+01 3.49E+01 6.98E+01 1.05E+02
 1.40E+02 2.09E+02 3.49E+02 6.98E+02 1.40E+03 2.09E+03
 2.22E-26 1.34E-20 5.14E-16 1.17E-12 4.67E-11 2.82E-10 4.25E-10 4.71E-10
 4.90E-10 5.02E-10 4.99E-10 4.74E-10 4.34E-10 4.08E-10
 2.49E-26 1.38E-20 4.54E-16 8.45E-13 2.79E-11 1.67E-10 2.77E-10 3.16E-10
 3.33E-10 3.44E-10 3.41E-10 3.18E-10 2.83E-10 2.61E-10
 3.57E-26 1.64E-20 4.42E-16 7.02E-13 2.27E-11 1.49E-10 2.48E-10 2.82E-10
 2.97E-10 3.06E-10 3.03E-10 2.82E-10 2.51E-10 2.30E-10
 4.36E-26 1.88E-20 4.56E-16 6.70E-13 2.10E-11 1.38E-10 2.32E-10 2.66E-10
 2.80E-10 2.88E-10 2.85E-10 2.65E-10 2.34E-10 2.14E-10
 4.51E-26 1.93E-20 4.58E-16 6.60E-13 2.05E-11 1.36E-10 2.30E-10 2.63E-10
 2.77E-10 2.86E-10 2.82E-10 2.62E-10 2.31E-10 2.12E-10
 4.53E-26 1.93E-20 4.58E-16 6.58E-13 2.04E-11 1.36E-10 2.29E-10 2.62E-10
 2.76E-10 2.85E-10 2.81E-10 2.61E-10 2.30E-10 2.11E-10
 4.50E-26 1.92E-20 4.56E-16 6.56E-13 2.04E-11 1.34E-10 2.23E-10 2.54E-10
 2.68E-10 2.75E-10 2.72E-10 2.53E-10 2.25E-10 2.06E-10
  240.307    7  14 /pl=01:ss= 8:pb= 1:sz= 8/type=excit/ispb = t/isel =   40
 1.00E+10 1.00E+11 1.00E+12 1.00E+13 1.00E+14 1.00E+15 1.00E+16
 1.40E+00 2.09E+00 3.49E+00 6.98E+00 1.40E+01 3.49E+01 6.98E+01 1.05E+02
 1.40E+02 2.09E+02 3.49E+02 6.98E+02 1.40E+03 2.09E+03
 3.97E-26 1.70E-20 4.72E-16 8.19E-13 2.86E-11 2.36E-10 4.33E-10 5.06E-10
 5.38E-10 5.60E-10 5.59E-10 5.22E-10 4.64E-10 4.24E-10
 7.00E-26 2.87E-20 7.66E-16 1.28E-12 4.40E-11 2.98E-10 4.87E-10 5.51E-10
 5.79E-10 5.97E-10 5.94E-10 5.60E-10 5.07E-10 4.70E-10
 1.36E-25 4.69E-20 1.02E-15 1.44E-12 4.43E-11 2.66E-10 4.25E-10 4.79E-10
 5.02E-10 5.16E-10 5.13E-10 4.83E-10 4.36E-10 4.04E-10
 1.74E-25 5.62E-20 1.09E-15 1.37E-12 3.96E-11 2.43E-10 3.95E-10 4.47E-10
 4.69E-10 4.83E-10 4.79E-10 4.49E-10 4.03E-10 3.72E-10
 1.81E-25 5.82E-20 1.11E-15 1.34E-12 3.85E-11 2.39E-10 3.90E-10 4.42E-10
 4.64E-10 4.78E-10 4.74E-10 4.44E-10 3.98E-10 3.67E-10
 1.82E-25 5.84E-20 1.11E-15 1.34E-12 3.83E-11 2.38E-10 3.89E-10 4.40E-10
 4.63E-10 4.76E-10 4.72E-10 4.42E-10 3.97E-10 3.65E-10
 1.82E-25 5.83E-20 1.11E-15 1.34E-12 3.82E-11 2.35E-10 3.80E-10 4.28E-10
 4.48E-10 4.61E-10 4.57E-10 4.30E-10 3.87E-10 3.58E-10
  243.524    7  14 /pl=01:ss= 8:pb= 1:sz= 8/type=excit/ispb = t/isel =   41
 1.00E+10 1.00E+11 1.00E+12 1.00E+13 1.00E+14 1.00E+15 1.00E+16
 1.40E+00 2.09E+00 3.49E+00 6.98E+00 1.40E+01 3.49E+01 6.98E+01 1.05E+02
 1.40E+02 2.09E+02 3.49E+02 6.98E+02 1.40E+03 2.09E+03
 1.97E-24 2.75E-19 2.99E-15 2.51E-12 5.45E-11 2.58E-10 3.88E-10 4.30E-10
 4.46E-10 4.54E-10 4.46E-10 4.14E-10 3.70E-10 3.41E-10
 2.03E-24 2.68E-19 2.65E-15 1.97E-12 4.15E-11 1.98E-10 2.94E-10 3.24E-10
 3.35E-10 3.41E-10 3.34E-10 3.10E-10 2.77E-10 2.56E-10
 2.15E-24 2.52E-19 2.21E-15 1.50E-12 3.11E-11 1.49E-10 2.23E-10 2.46E-10
 2.55E-10 2.59E-10 2.53E-10 2.34E-10 2.08E-10 1.91E-10
 2.18E-24 2.36E-19 1.89E-15 1.21E-12 2.50E-11 1.29E-10 1.99E-10 2.21E-10
 2.30E-10 2.34E-10 2.28E-10 2.10E-10 1.85E-10 1.69E-10
 2.19E-24 2.32E-19 1.81E-15 1.13E-12 2.37E-11 1.26E-10 1.95E-10 2.18E-10
 2.26E-10 2.30E-10 2.25E-10 2.06E-10 1.82E-10 1.65E-10
 2.19E-24 2.32E-19 1.80E-15 1.12E-12 2.35E-11 1.25E-10 1.95E-10 2.17E-10
 2.25E-10 2.29E-10 2.24E-10 2.06E-10 1.81E-10 1.65E-10
 2.17E-24 2.30E-19 1.79E-15 1.12E-12 2.34E-11 1.23E-10 1.90E-10 2.10E-10
 2.18E-10 2.22E-10 2.17E-10 1.99E-10 1.76E-10 1.61E-10
  291.785    7  14 /pl=01:ss= 8:pb= 1:sz= 8/type=excit/ispb = t/isel =   42
 1.00E+10 1.00E+11 1.00E+12 1.00E+13 1.00E+14 1.00E+15 1.00E+16
 1.40E+00 2.09E+00 3.49E+00 6.98E+00 1.40E+01 3.49E+01 6.98E+01 1.05E+02
 1.40E+02 2.09E+02 3.49E+02 6.98E+02 1.40E+03 2.09E+03
 5.27E-24 3.20E-19 1.88E-15 1.05E-12 2.22E-11 1.54E-10 2.68E-10 3.07E-10
 3.22E-10 3.29E-10 3.21E-10 2.90E-10 2.48E-10 2.22E-10
 1.33E-23 7.61E-19 4.31E-15 2.30E-12 4.63E-11 2.47E-10 3.80E-10 4.20E-10
 4.34E-10 4.39E-10 4.27E-10 3.91E-10 3.42E-10 3.11E-10
 3.51E-23 1.66E-18 7.47E-15 3.28E-12 5.71E-11 2.54E-10 3.70E-10 4.04E-10
 4.15E-10 4.18E-10 4.07E-10 3.73E-10 3.30E-10 3.01E-10
 4.82E-23 2.17E-18 8.72E-15 3.36E-12 5.44E-11 2.38E-10 3.49E-10 3.81E-10
 3.93E-10 3.96E-10 3.84E-10 3.52E-10 3.09E-10 2.82E-10
 5.07E-23 2.28E-18 8.98E-15 3.36E-12 5.33E-11 2.34E-10 3.45E-10 3.78E-10
 3.89E-10 3.92E-10 3.81E-10 3.48E-10 3.06E-10 2.78E-10
 5.09E-23 2.29E-18 9.00E-15 3.36E-12 5.32E-11 2.34E-10 3.44E-10 3.77E-10
 3.88E-10 3.91E-10 3.79E-10 3.47E-10 3.05E-10 2.77E-10
 5.06E-23 2.28E-18 8.97E-15 3.35E-12 5.29E-11 2.31E-10 3.36E-10 3.66E-10
 3.77E-10 3.79E-10 3.68E-10 3.38E-10 2.98E-10 2.72E-10
  1516.05    7  14 /pl=01:ss= 8:pb= 1:sz= 8/type=excit/ispb = t/isel =   43
 1.00E+10 1.00E+11 1.00E+12 1.00E+13 1.00E+14 1.00E+15 1.00E+16
 1.40E+00 2.09E+00 3.49E+00 6.98E+00 1.40E+01 3.49E+01 6.98E+01 1.05E+02
 1.40E+02 2.09E+02 3.49E+02 6.98E+02 1.40E+03 2.09E+03
 4.49E-13 6.28E-12 4.58E-11 1.68E-10 2.75E-10 3.77E-10 4.66E-10 5.00E-10
 5.13E-10 5.18E-10 5.06E-10 4.70E-10 4.19E-10 3.85E-10
 4.54E-13 5.99E-12 3.94E-11 1.25E-10 1.84E-10 2.84E-10 3.83E-10 4.22E-10
 4.38E-10 4.49E-10 4.46E-10 4.23E-10 3.84E-10 3.57E-10
 2.90E-13 3.55E-12 2.15E-11 6.50E-11 9.80E-11 1.48E-10 1.80E-10 1.91E-10
 1.96E-10 2.00E-10 2.02E-10 1.99E-10 1.92E-10 1.87E-10
 5.69E-14 7.01E-13 4.28E-12 1.40E-11 2.22E-11 2.65E-11 2.84E-11 2.91E-11
 2.94E-11 2.98E-11 3.02E-11 3.06E-11 3.08E-11 3.08E-11
 6.29E-15 7.77E-14 4.74E-13 1.59E-12 2.56E-12 2.88E-12 3.01E-12 3.06E-12
 3.09E-12 3.13E-12 3.17E-12 3.22E-12 3.27E-12 3.29E-12
 6.36E-16 7.85E-15 4.79E-14 1.61E-13 2.60E-13 2.90E-13 3.02E-13 3.07E-13
 3.10E-13 3.14E-13 3.18E-13 3.23E-13 3.28E-13 3.31E-13
 6.37E-17 7.86E-16 4.80E-15 1.62E-14 2.60E-14 2.87E-14 2.95E-14 2.99E-14
 3.01E-14 3.04E-14 3.08E-14 3.14E-14 3.20E-14 3.24E-14
  1695.65    7  14 /pl=01:ss= 8:pb= 1:sz= 8/type=excit/ispb = t/isel =   44
 1.00E+10 1.00E+11 1.00E+12 1.00E+13 1.00E+14 1.00E+15 1.00E+16
 1.40E+00 2.09E+00 3.49E+00 6.98E+00 1.40E+01 3.49E+01 6.98E+01 1.05E+02
 1.40E+02 2.09E+02 3.49E+02 6.98E+02 1.40E+03 2.09E+03
 8.56E-13 1.20E-11 8.74E-11 3.20E-10 5.24E-10 7.19E-10 8.89E-10 9.52E-10
 9.77E-10 9.86E-10 9.64E-10 8.95E-10 7.98E-10 7.34E-10
 8.66E-13 1.14E-11 7.50E-11 2.37E-10 3.51E-10 5.41E-10 7.31E-10 8.03E-10
 8.35E-10 8.55E-10 8.50E-10 8.05E-10 7.32E-10 6.81E-10
 5.52E-13 6.77E-12 4.10E-11 1.24E-10 1.87E-10 2.82E-10 3.44E-10 3.64E-10
 3.74E-10 3.81E-10 3.84E-10 3.79E-10 3.66E-10 3.55E-10
 1.08E-13 1.34E-12 8.15E-12 2.67E-11 4.23E-11 5.05E-11 5.40E-11 5.54E-11
 5.60E-11 5.68E-11 5.75E-11 5.82E-11 5.86E-11 5.87E-11
 1.20E-14 1.48E-13 9.03E-13 3.03E-12 4.88E-12 5.48E-12 5.73E-12 5.83E-12
 5.89E-12 5.97E-12 6.05E-12 6.14E-12 6.23E-12 6.27E-12
 1.21E-15 1.50E-14 9.13E-14 3.07E-13 4.96E-13 5.52E-13 5.75E-13 5.85E-13
 5.91E-13 5.98E-13 6.06E-13 6.16E-13 6.25E-13 6.30E-13
 1.21E-16 1.50E-15 9.14E-15 3.08E-14 4.96E-14 5.47E-14 5.62E-14 5.70E-14
 5.73E-14 5.80E-14 5.88E-14 5.99E-14 6.10E-14 6.17E-14
  1742.83    7  14 /pl=01:ss= 8:pb= 1:sz= 8/type=excit/ispb = t/isel =   45
 1.00E+10 1.00E+11 1.00E+12 1.00E+13 1.00E+14 1.00E+15 1.00E+16
 1.40E+00 2.09E+00 3.49E+00 6.98E+00 1.40E+01 3.49E+01 6.98E+01 1.05E+02
 1.40E+02 2.09E+02 3.49E+02 6.98E+02 1.40E+03 2.09E+03
 2.87E-12 1.21E-11 3.43E-11 6.62E-11 1.46E-10 6.78E-10 1.18E-09 1.37E-09
 1.46E-09 1.53E-09 1.55E-09 1.48E-09 1.35E-09 1.26E-09
 5.59E-12 2.23E-11 6.01E-11 1.07E-10 1.84E-10 5.81E-10 8.88E-10 9.96E-10
 1.04E-09 1.08E-09 1.09E-09 1.05E-09 9.74E-10 9.20E-10
 8.00E-12 2.83E-11 6.62E-11 1.06E-10 1.43E-10 2.50E-10 2.97E-10 3.11E-10
 3.16E-10 3.21E-10 3.22E-10 3.19E-10 3.12E-10 3.06E-10
 1.95E-12 7.10E-12 1.65E-11 2.68E-11 3.28E-11 3.78E-11 3.95E-11 4.01E-11
 4.03E-11 4.06E-11 4.07E-11 4.08E-11 4.08E-11 4.08E-11
 2.22E-13 8.20E-13 1.91E-12 3.13E-12 3.74E-12 3.99E-12 4.09E-12 4.13E-12
 4.14E-12 4.17E-12 4.18E-12 4.20E-12 4.21E-12 4.22E-12
 2.25E-14 8.33E-14 1.94E-13 3.18E-13 3.79E-13 4.01E-13 4.10E-13 4.13E-13
 4.15E-13 4.17E-13 4.18E-13 4.20E-13 4.22E-13 4.23E-13
 2.25E-15 8.34E-15 1.94E-14 3.19E-14 3.79E-14 3.96E-14 4.00E-14 4.02E-14
 4.02E-14 4.03E-14 4.05E-14 4.09E-14 4.12E-14 4.14E-14
  2418.67    7  14 /pl=01:ss= 8:pb= 1:sz= 8/type=excit/ispb = t/isel =   46
 1.00E+10 1.00E+11 1.00E+12 1.00E+13 1.00E+14 1.00E+15 1.00E+16
 1.40E+00 2.09E+00 3.49E+00 6.98E+00 1.40E+01 3.49E+01 6.98E+01 1.05E+02
 1.40E+02 2.09E+02 3.49E+02 6.98E+02 1.40E+03 2.09E+03
 1.99E-12 8.38E-12 2.37E-11 4.58E-11 1.01E-10 4.70E-10 8.15E-10 9.50E-10
 1.01E-09 1.06E-09 1.07E-09 1.03E-09 9.35E-10 8.70E-10
 3.87E-12 1.54E-11 4.16E-11 7.44E-11 1.27E-10 4.02E-10 6.15E-10 6.90E-10
 7.24E-10 7.49E-10 7.54E-10 7.27E-10 6.75E-10 6.37E-10
 5.54E-12 1.96E-11 4.59E-11 7.37E-11 9.93E-11 1.73E-10 2.06E-10 2.15E-10
 2.19E-10 2.22E-10 2.23E-10 2.21E-10 2.16E-10 2.12E-10
 1.35E-12 4.92E-12 1.14E-11 1.86E-11 2.27E-11 2.62E-11 2.74E-11 2.78E-11
 2.79E-11 2.81E-11 2.82E-11 2.83E-11 2.83E-11 2.83E-11
 1.54E-13 5.68E-13 1.32E-12 2.17E-12 2.59E-12 2.77E-12 2.83E-12 2.86E-12
 2.87E-12 2.89E-12 2.90E-12 2.91E-12 2.92E-12 2.92E-12
 1.56E-14 5.77E-14 1.35E-13 2.20E-13 2.63E-13 2.78E-13 2.84E-13 2.86E-13
 2.87E-13 2.89E-13 2.90E-13 2.91E-13 2.92E-13 2.93E-13
 1.56E-15 5.78E-15 1.35E-14 2.21E-14 2.63E-14 2.75E-14 2.77E-14 2.78E-14
 2.79E-14 2.79E-14 2.81E-14 2.83E-14 2.85E-14 2.87E-14
  3117.01    7  14 /pl=01:ss= 8:pb= 1:sz= 8/type=excit/ispb = t/isel =   47
 1.00E+10 1.00E+11 1.00E+12 1.00E+13 1.00E+14 1.00E+15 1.00E+16
 1.40E+00 2.09E+00 3.49E+00 6.98E+00 1.40E+01 3.49E+01 6.98E+01 1.05E+02
 1.40E+02 2.09E+02 3.49E+02 6.98E+02 1.40E+03 2.09E+03
 2.22E-11 5.82E-11 1.39E-10 2.84E-10 5.16E-10 1.14E-09 1.40E-09 1.47E-09
 1.50E-09 1.51E-09 1.52E-09 1.50E-09 1.45E-09 1.42E-09
 1.54E-11 3.61E-11 7.22E-11 1.18E-10 1.53E-10 1.62E-10 1.55E-10 1.53E-10
 1.52E-10 1.51E-10 1.51E-10 1.53E-10 1.55E-10 1.57E-10
 3.39E-12 6.43E-12 9.79E-12 1.26E-11 1.34E-11 1.19E-11 1.13E-11 1.11E-11
 1.11E-11 1.10E-11 1.10E-11 1.11E-11 1.12E-11 1.13E-11
 4.10E-13 7.24E-13 9.56E-13 1.05E-12 1.05E-12 1.01E-12 9.97E-13 9.93E-13
 9.91E-13 9.88E-13 9.87E-13 9.86E-13 9.86E-13 9.87E-13
 4.23E-14 7.42E-14 9.53E-14 1.00E-13 9.89E-14 9.85E-14 9.80E-14 9.77E-14
 9.76E-14 9.74E-14 9.72E-14 9.70E-14 9.69E-14 9.67E-14
 4.25E-15 7.44E-15 9.53E-15 9.98E-15 9.83E-15 9.81E-15 9.76E-15 9.73E-15
 9.71E-15 9.69E-15 9.68E-15 9.66E-15 9.65E-15 9.63E-15
 4.25E-16 7.45E-16 9.53E-16 9.97E-16 9.80E-16 9.69E-16 9.53E-16 9.45E-16
 9.41E-16 9.37E-16 9.36E-16 9.38E-16 9.41E-16 9.42E-16
  3953.19    7  14 /pl=01:ss= 8:pb= 1:sz= 8/type=excit/ispb = t/isel =   48
 1.00E+10 1.00E+11 1.00E+12 1.00E+13 1.00E+14 1.00E+15 1.00E+16
 1.40E+00 2.09E+00 3.49E+00 6.98E+00 1.40E+01 3.49E+01 6.98E+01 1.05E+02
 1.40E+02 2.09E+02 3.49E+02 6.98E+02 1.40E+03 2.09E+03
 5.57E-12 2.35E-11 6.65E-11 1.28E-10 2.84E-10 1.32E-09 2.28E-09 2.66E-09
 2.84E-09 2.98E-09 3.01E-09 2.88E-09 2.62E-09 2.44E-09
 1.09E-11 4.32E-11 1.17E-10 2.08E-10 3.57E-10 1.13E-09 1.72E-09 1.93E-09
 2.03E-09 2.10E-09 2.11E-09 2.04E-09 1.89E-09 1.79E-09
 1.55E-11 5.49E-11 1.28E-10 2.06E-10 2.78E-10 4.85E-10 5.77E-10 6.03E-10
 6.14E-10 6.23E-10 6.25E-10 6.20E-10 6.05E-10 5.93E-10
 3.78E-12 1.38E-11 3.20E-11 5.21E-11 6.36E-11 7.34E-11 7.67E-11 7.78E-11
 7.82E-11 7.87E-11 7.91E-11 7.93E-11 7.92E-11 7.92E-11
 4.31E-13 1.59E-12 3.71E-12 6.07E-12 7.25E-12 7.75E-12 7.94E-12 8.01E-12
 8.04E-12 8.09E-12 8.12E-12 8.16E-12 8.18E-12 8.19E-12
 4.37E-14 1.62E-13 3.77E-13 6.17E-13 7.36E-13 7.78E-13 7.95E-13 8.02E-13
 8.05E-13 8.09E-13 8.12E-13 8.16E-13 8.19E-13 8.21E-13
 4.37E-15 1.62E-14 3.77E-14 6.18E-14 7.35E-14 7.70E-14 7.77E-14 7.79E-14
 7.80E-14 7.83E-14 7.87E-14 7.93E-14 7.99E-14 8.03E-14
  5461.71    7  14 /pl=01:ss= 8:pb= 1:sz= 8/type=excit/ispb = t/isel =   49
 1.00E+10 1.00E+11 1.00E+12 1.00E+13 1.00E+14 1.00E+15 1.00E+16
 1.40E+00 2.09E+00 3.49E+00 6.98E+00 1.40E+01 3.49E+01 6.98E+01 1.05E+02
 1.40E+02 2.09E+02 3.49E+02 6.98E+02 1.40E+03 2.09E+03
 8.87E-13 3.74E-12 1.06E-11 2.05E-11 4.53E-11 2.10E-10 3.64E-10 4.24E-10
 4.53E-10 4.75E-10 4.80E-10 4.59E-10 4.17E-10 3.89E-10
 1.73E-12 6.89E-12 1.86E-11 3.32E-11 5.69E-11 1.80E-10 2.75E-10 3.08E-10
 3.23E-10 3.35E-10 3.37E-10 3.25E-10 3.01E-10 2.85E-10
 2.47E-12 8.75E-12 2.05E-11 3.29E-11 4.43E-11 7.72E-11 9.20E-11 9.62E-11
 9.79E-11 9.93E-11 9.97E-11 9.88E-11 9.64E-11 9.46E-11
 6.03E-13 2.20E-12 5.10E-12 8.30E-12 1.01E-11 1.17E-11 1.22E-11 1.24E-11
 1.25E-11 1.25E-11 1.26E-11 1.26E-11 1.26E-11 1.26E-11
 6.86E-14 2.54E-13 5.91E-13 9.68E-13 1.16E-12 1.24E-12 1.27E-12 1.28E-12
 1.28E-12 1.29E-12 1.29E-12 1.30E-12 1.30E-12 1.31E-12
 6.96E-15 2.58E-14 6.01E-14 9.84E-14 1.17E-13 1.24E-13 1.27E-13 1.28E-13
 1.28E-13 1.29E-13 1.29E-13 1.30E-13 1.30E-13 1.31E-13
 6.97E-16 2.58E-15 6.02E-15 9.86E-15 1.17E-14 1.23E-14 1.24E-14 1.24E-14
 1.24E-14 1.25E-14 1.25E-14 1.26E-14 1.27E-14 1.28E-14
  6230.92    7  14 /pl=01:ss= 8:pb= 1:sz= 8/type=excit/ispb = t/isel =   50
 1.00E+10 1.00E+11 1.00E+12 1.00E+13 1.00E+14 1.00E+15 1.00E+16
 1.40E+00 2.09E+00 3.49E+00 6.98E+00 1.40E+01 3.49E+01 6.98E+01 1.05E+02
 1.40E+02 2.09E+02 3.49E+02 6.98E+02 1.40E+03 2.09E+03
 6.27E-11 1.64E-10 3.93E-10 8.00E-10 1.45E-09 3.21E-09 3.96E-09 4.14E-09
 4.22E-09 4.27E-09 4.27E-09 4.22E-09 4.09E-09 4.00E-09
 4.34E-11 1.02E-10 2.04E-10 3.33E-10 4.31E-10 4.58E-10 4.38E-10 4.30E-10
 4.27E-10 4.25E-10 4.26E-10 4.30E-10 4.37E-10 4.41E-10
 9.55E-12 1.81E-11 2.76E-11 3.55E-11 3.77E-11 3.35E-11 3.18E-11 3.14E-11
 3.12E-11 3.11E-11 3.11E-11 3.12E-11 3.15E-11 3.18E-11
 1.15E-12 2.04E-12 2.69E-12 2.95E-12 2.95E-12 2.85E-12 2.81E-12 2.80E-12
 2.79E-12 2.79E-12 2.78E-12 2.78E-12 2.78E-12 2.78E-12
 1.19E-13 2.09E-13 2.69E-13 2.83E-13 2.79E-13 2.78E-13 2.76E-13 2.75E-13
 2.75E-13 2.74E-13 2.74E-13 2.73E-13 2.73E-13 2.73E-13
 1.20E-14 2.10E-14 2.69E-14 2.81E-14 2.77E-14 2.76E-14 2.75E-14 2.74E-14
 2.74E-14 2.73E-14 2.73E-14 2.72E-14 2.72E-14 2.71E-14
 1.20E-15 2.10E-15 2.69E-15 2.81E-15 2.76E-15 2.73E-15 2.68E-15 2.66E-15
 2.65E-15 2.64E-15 2.64E-15 2.64E-15 2.65E-15 2.65E-15
c-------------------------------------------------------------------------------
 
C  root partition information
C  ==========================
C
C  nuclear charge : 74
C  ion charge+1   :  9
C
C  population calculation information
C  ----------------------------------
C
C  population processing code: adas810
C
C  adf04 source file    : adf04_copmm#74_ls_40#w8.dat
C  adf18/a17_p208 file  : NULL
C
C  meta. ion. coeff. selector  : 
 
C  options  : lnorm =T  lpsel =F  lzsel =T  liosel=F
C           : lhsel =F  lrsel =F  lisel =F  lnsel =F
 
C  energy levels
C  -------------
C
C   lv      configuration    (2S+1)L(w-1/2)      energy (cm^-1)
C  ---   ------------------- --------------      --------------
c    1   60963A52B55C           (1)3(  3.0)             0.0
c    2   60963A52B55C           (1)2(  2.0)         16033.0
c    3   60963A52B55C           (3)3( 10.0)         32082.0
c    4   60963A52B55C           (3)4( 13.0)         39068.7
c    5   60963A52B55C           (3)2(  7.0)         57378.0
c    6   60963A52B55C           (1)4(  4.0)         98043.0
c    7   60963A52B54C51D        (5)0(  2.0)        352237.0
c    8   60963A52B54C51D        (1)3(  3.0)        368527.0
c    9   60963A52B54C51D        (5)4( 22.0)        371407.0
c   10   60963A52B54C51D        (3)2(  7.0)        371697.0
c   11   60963A52B54C51D        (1)4(  4.0)        371927.0
c   12   60963A52B54C51D        (5)1(  7.0)        373397.0
c   13   60963A52B54C51D        (5)2( 12.0)        375107.0
c   14   60963A52B54C51D        (3)4( 13.0)        376787.0
c   15   60963A52B54C51D        (1)2(  2.0)        380857.0
c   16   60963A52B54C51D        (5)6( 32.0)        381787.0
c   17   60963A52B54C51D        (1)4(  4.0)        382467.0
c   18   60963A52B54C51D        (5)4( 22.0)        383277.0
c   19   60963A52B54C51D        (5)2( 12.0)        385847.0
c   20   60963A52B54C51D        (5)5( 27.0)        391927.0
c   21   60963A52B54C51D        (3)5( 16.0)        394377.0
c   22   60963A52B54C51D        (3)0(  1.0)        395577.0
c   23   60963A52B54C51D        (3)5( 16.0)        395687.0
c   24   60963A52B54C51D        (3)4( 13.0)        399127.0
c   25   60963A52B54C51D        (5)3( 17.0)        399197.0
c   26   60963A52B54C51D        (1)6(  6.0)        399307.0
c   27   60963A52B54C51D        (3)1(  4.0)        401557.0
c   28   60963A52B54C51D        (3)6( 19.0)        401927.0
c   29   60963A52B54C51D        (5)5( 27.0)        404597.0
c   30   60963A52B54C51D        (3)3( 10.0)        404627.0
c   31   60963A52B54C51D        (5)1(  7.0)        406607.0
c   32   60963A52B54C51D        (3)1(  4.0)        408537.0
c   33   60963A52B54C51D        (3)2(  7.0)        409957.0
c   34   60963A52B54C51D        (1)4(  4.0)        410637.0
c   35   60963A52B54C51D        (5)3( 17.0)        414677.0
c   36   60963A52B54C51D        (1)5(  5.0)        416887.0
c   37   60963A52B54C51D        (5)2( 12.0)        417807.0
c   38   60963A52B54C51D        (3)2(  7.0)        419307.0
c   39   60963A52B54C51D        (3)5( 16.0)        425427.0
c   40   60963A52B54C51D        (3)3( 10.0)        425547.0
c   41   60963A52B54C51D        (5)4( 22.0)        425887.0
c   42   60963A52B54C51D        (3)2(  7.0)        426327.0
c   43   60963A52B54C51D        (1)1(  1.0)        426627.0
c   44   60963A52B54C51D        (3)6( 19.0)        426957.0
c   45   60963A52B54C51D        (3)1(  4.0)        428127.0
c   46   60963A52B54C51D        (5)3( 17.0)        428217.0
c   47   60963A52B54C51D        (1)3(  3.0)        429027.0
c   48   60963A52B54C51D        (3)3( 10.0)        429727.0
c   49   60963A52B54C51D        (3)3( 10.0)        437227.0
c   50   60963A52B54C51D        (3)5( 16.0)        442447.0
c   51   60963A52B54C51D        (3)2(  7.0)        444707.0
c   52   60963A52B54C51D        (3)4( 13.0)        447427.0
c   53   60963A52B54C51D        (3)4( 13.0)        448217.0
c   54   60963A52B54C51D        (3)4( 13.0)        451027.0
c   55   60963A52B54C51D        (3)1(  4.0)        451507.0
c   56   60963A52B54C51D        (1)6(  6.0)        452657.0
c   57   60963A52B54C51D        (1)5(  5.0)        453927.0
c   58   60963A52B54C51D        (1)1(  1.0)        457547.0
c   59   60963A52B54C51D        (3)4( 13.0)        457717.0
c   60   60963A52B54C51D        (3)1(  4.0)        460667.0
c   61   60963A52B54C51D        (1)0(  0.0)        461377.0
c   62   60963A52B54C51D        (1)3(  3.0)        462617.0
c   63   60963A52B54C51D        (1)6(  6.0)        463267.0
c   64   60963A52B54C51D        (3)1(  4.0)        465407.0
c   65   60963A52B54C51D        (3)7( 22.0)        466257.0
c   66   60963A52B54C51D        (1)5(  5.0)        467647.0
c   67   60963A52B54C51D        (3)4( 13.0)        470887.0
c   68   60963A52B54C51D        (3)6( 19.0)        471117.0
c   69   60963A52B54C51D        (3)2(  7.0)        472997.0
c   70   60963A52B54C51D        (1)4(  4.0)        473037.0
c   71   60963A52B54C51D        (1)2(  2.0)        474087.0
c   72   60963A52B54C51D        (1)1(  1.0)        477557.0
c   73   60963A52B54C51D        (1)4(  4.0)        479437.0
c   74   60963A52B54C51D        (1)3(  3.0)        479587.0
c   75   60963A52B54C51D        (1)5(  5.0)        479907.0
c   76   60963A52B54C51D        (1)3(  3.0)        482257.0
c   77   60963A52B54C51D        (3)2(  7.0)        482717.0
c   78   60963A52B54C51D        (3)3( 10.0)        483997.0
c   79   60963A52B54C51D        (1)7(  7.0)        484127.0
c   80   60963A52B54C51D        (3)5( 16.0)        484317.0
c   81   60963A52B54C51D        (3)3( 10.0)        485017.0
c   82   60963A52B54C51D        (3)1(  4.0)        485367.0
c   83   60963A52B54C51D        (3)3( 10.0)        488707.0
c   84   60963A52B54C51D        (1)2(  2.0)        490997.0
c   85   60963A52B54C51D        (1)4(  4.0)        492087.0
c   86   60963A52B54C51D        (3)4( 13.0)        492947.0
c   87   60963A52B54C51D        (1)0(  0.0)        493297.0
c   88   60963A52B54C51D        (3)4( 13.0)        494507.0
c   89   60963A52B54C51D        (3)6( 19.0)        495057.0
c   90   60963A52B54C51D        (1)1(  1.0)        495647.0
c   91   60963A52B54C51D        (3)5( 16.0)        496207.0
c   92   60963A52B54C51D        (1)1(  1.0)        499947.0
c   93   60963A52B54C51D        (3)2(  7.0)        500327.0
c   94   60963A52B54C51D        (1)3(  3.0)        502317.0
c   95   60963A52B54C51D        (1)2(  2.0)        505667.0
c   96   60963A52B54C51D        (3)5( 16.0)        506087.0
c   97   60963A52B54C51D        (3)0(  1.0)        509547.0
c   98   60963A52B54C51D        (3)3( 10.0)        509717.0
c   99   60963A52B54C51D        (3)3( 10.0)        511967.0
c  100   60963A52B54C51D        (3)4( 13.0)        515577.0
c  101   60963A52B54C51D        (1)2(  2.0)        518897.0
c  102   60963A52B54C51D        (3)2(  7.0)        523287.0
c  103   60963A52B54C51D        (3)2(  7.0)        529947.0
c  104   60963A52B54C51D        (1)4(  4.0)        530177.0
c  105   60963A52B54C51D        (1)1(  1.0)        531107.0
c  106   60963A52B54C51D        (3)5( 16.0)        531927.0
c  107   60963A52B54C51D        (3)3( 10.0)        533427.0
c  108   60963A52B54C51D        (1)3(  3.0)        534007.0
c  109   60963A52B54C51D        (1)2(  2.0)        535027.0
c  110   60963A52B54C51D        (1)5(  5.0)        541957.0
c  111   60963A52B54C51D        (3)3( 10.0)        548707.0
c  112   60963A52B54C51D        (1)3(  3.0)        549177.0
c  113   60963A52B54C51D        (1)3(  3.0)        549977.0
c  114   60963A52B54C51D        (1)4(  4.0)        551337.0
c  115   60963A52B54C51G        (1)2(  2.0)        552567.0
c  116   60963A52B54C51G        (5)4( 22.0)        559177.0
c  117   60963A52B54C51D        (1)2(  2.0)        564787.0
c  118   60963A52B54C51G        (1)3(  3.0)        569227.0
c  119   60963A52B54C51D        (1)2(  2.0)        574407.0
c  120   60963A52B54C51D        (3)2(  7.0)        574597.0
c  121   60963A52B54C51D        (3)1(  4.0)        576747.0
c  122   60963A52B54C51G        (5)2( 12.0)        580327.0
c  123   60963A52B54C51G        (3)4( 13.0)        581537.0
c  124   60963A52B54C51G        (3)3( 10.0)        583087.0
c  125   60963A52B54C51G        (3)4( 13.0)        584637.0
c  126   60963A52B54C51G        (3)2(  7.0)        588177.0
c  127   60963A52B54C51D        (3)3( 10.0)        590627.0
c  128   60963A52B54C51G        (5)3( 17.0)        597837.0
c  129   60963A52B54C51D        (3)4( 13.0)        600187.0
c  130   60963A52B54C51G        (3)2(  7.0)        602417.0
c  131   60963A52B54C51D        (1)5(  5.0)        607967.0
c  132   60963A52B54C51G        (3)3( 10.0)        618027.0
c  133   60963A52B54C51D        (3)0(  1.0)        630257.0
c  134   60963A52B54C51G        (1)4(  4.0)        637057.0
c  135   60963A52B54C51G        (1)3(  3.0)        643217.0
c  136   60963A52B54C51H        (1)2(  2.0)        646497.0
c  137   60963A52B54C51G        (1)4(  4.0)        650567.0
c  138   60963A52B54C51G        (3)4( 13.0)        651547.0
c  139   60963A52B54C51H        (1)4(  4.0)        652797.0
c  140   60963A52B54C51H        (1)5(  5.0)        653097.0
c  141   60963A52B54C51G        (1)5(  5.0)        653977.0
c  142   60963A52B54C51G        (3)2(  7.0)        657657.0
c  143   60963A52B54C51G        (3)3( 10.0)        659497.0
c  144   60963A52B54C51H        (5)2( 12.0)        660807.0
c  145   60963A52B54C51G        (3)5( 16.0)        663027.0
c  146   60963A52B54C51G        (1)1(  1.0)        663927.0
c  147   60963A52B54C51G        (3)1(  4.0)        671997.0
c  148   60963A52B54C51H        (1)3(  3.0)        672687.0
c  149   60963A52B54C51H        (1)4(  4.0)        673067.0
c  150   60963A52B54C51H        (5)3( 17.0)        673917.0
c  151   60963A52B54C51H        (3)5( 16.0)        674437.0
c  152   60963A52B54C51G        (1)2(  2.0)        674467.0
c  153   60963A52B54C51H        (3)5( 16.0)        675567.0
c  154   60963A52B54C51H        (1)5(  5.0)        680637.0
c  155   60963A52B54C51H        (3)3( 10.0)        686337.0
c  156   60963A52B54C51H        (1)3(  3.0)        686817.0
c  157   60963A52B54C51H        (3)3( 10.0)        687437.0
c  158   60963A52B54C51H        (3)2(  7.0)        687657.0
c  159   60963A52B54C51H        (5)3( 17.0)        689877.0
c  160   60963A52B54C51H        (5)1(  7.0)        690037.0
c  161   60963A52B54C51H        (3)3( 10.0)        690887.0
c  162   60963A52B54C51H        (5)2( 12.0)        695577.0
c  163   60963A52B54C51H        (3)4( 13.0)        695647.0
c  164   60963A52B54C51H        (3)1(  4.0)        695887.0
c  165   60963A52B54C51H        (3)2(  7.0)        699787.0
c  166   60963A52B54C51H        (5)5( 27.0)        699977.0
c  167   60963A52B54C51H        (5)4( 22.0)        700537.0
c  168   60963A52B54C51H        (5)4( 22.0)        702477.0
c  169   60963A52B54C51H        (3)1(  4.0)        703907.0
c  170   60963A52B54C51H        (3)4( 13.0)        704257.0
c  171   60963A52B54C51H        (3)2(  7.0)        705767.0
c  172   60963A52B54C51H        (3)1(  4.0)        706127.0
c  173   60963A52B54C51H        (1)4(  4.0)        709917.0
c  174   60963A52B54C51H        (3)2(  7.0)        711957.0
c  175   60963A52B54C51H        (3)2(  7.0)        720167.0
c  176   60963A52B54C51H        (3)3( 10.0)        722467.0
c  177   60963A52B54C51H        (5)3( 17.0)        725487.0
c  178   60963A52B54C51H        (3)2(  7.0)        730497.0
c  179   60963A52B54C51H        (1)4(  4.0)        732477.0
c  180   60963A52B54C51H        (3)3( 10.0)        734297.0
c  181   60963A52B54C51H        (3)3( 10.0)        735027.0
c  182   60963A52B54C51H        (3)3( 10.0)        736837.0
c  183   60963A52B54C51H        (3)3( 10.0)        738757.0
c  184   60963A52B54C51H        (1)3(  3.0)        739477.0
c  185   60963A52B54C51H        (3)4( 13.0)        739897.0
c  186   60963A52B54C51H        (1)6(  6.0)        741197.0
c  187   60963A52B54C51H        (3)4( 13.0)        745487.0
c  188   60963A52B54C51H        (1)2(  2.0)        746847.0
c  189   60963A52B54C51H        (3)5( 16.0)        749797.0
c  190   60963A52B54C51H        (1)1(  1.0)        750467.0
c  191   60963A52B54C51G        (1)3(  3.0)        753397.0
c  192   60963A52B54C51H        (1)4(  4.0)        758097.0
c  193   60963A52B54C51H        (1)2(  2.0)        758477.0
c  194   60963A52B54C51G        (3)3( 10.0)        760787.0
c  195   60963A52B54C51H        (1)3(  3.0)        760837.0
c  196   60963A52B54C51H        (3)4( 13.0)        763667.0
c  197   60963A52B54C51H        (3)4( 13.0)        767117.0
c  198   60963A52B54C51H        (3)6( 19.0)        768297.0
c  199   60963A52B54C51H        (1)4(  4.0)        769277.0
c  200   60963A52B54C51H        (1)1(  1.0)        769317.0
c  201   60963A52B54C51H        (1)5(  5.0)        770867.0
c  202   60963A52B54C51H        (1)0(  0.0)        775537.0
c  203   60963A52B54C51H        (3)4( 13.0)        777507.0
c  204   60963A52B54C51H        (1)3(  3.0)        779067.0
c  205   60963A52B54C51H        (3)3( 10.0)        779427.0
c  206   60963A52B54C51H        (1)1(  1.0)        779967.0
c  207   60963A52B54C51H        (1)3(  3.0)        782177.0
c  208   60963A52B54C51H        (3)5( 16.0)        782707.0
c  209   60963A52B54C51H        (1)2(  2.0)        784337.0
c  210   60963A52B54C51H        (3)1(  4.0)        786507.0
c  211   60963A52B54C51H        (3)2(  7.0)        787367.0
c  212   60963A52B54C51H        (3)0(  1.0)        788377.0
c  213   60963A52B54C51H        (1)2(  2.0)        794927.0
c  214   60963A52B54C51H        (3)2(  7.0)        799557.0
c  215   60963A52B54C51H        (1)2(  2.0)        866497.0
c  216   60963A52B54C51H        (1)3(  3.0)        869927.0
c  217   60963A52B54C51H        (3)4( 13.0)        870127.0
c  218   60963A52B54C51H        (3)3( 10.0)        878957.0
c  219   60963A52B54C51F        (3)0(  1.0)        930427.0
c  220   60963A52B54C51F        (1)8(  8.0)        932097.0
c  221   60963A52B54C51F        (1)3(  3.0)        932407.0
c  222   60963A52B54C51F        (3)1(  4.0)        933007.0
c  223   60963A52B54C51F        (3)2(  7.0)        934747.0
c  224   60963A52B54C51F        (3)4( 13.0)        935787.0
c  225   60963A52B54C51F        (1)7(  7.0)        936127.0
c  226   60963A52B54C51F        (1)6(  6.0)        939327.0
c  227   60963A52B54C51F        (1)7(  7.0)        939367.0
c  228   60963A52B54C51F        (5)3( 17.0)        939777.0
c  229   60963A52B54C51F        (5)3( 17.0)        939877.0
c  230   60963A52B54C51F        (3)2(  7.0)        943007.0
c  231   60963A52B54C51F        (5)4( 22.0)        943497.0
c  232   60963A52B54C51F        (5)2( 12.0)        943917.0
c  233   60963A52B54C51F        (3)1(  4.0)        951917.0
c  234   60963A52B54C51F        (1)8(  8.0)        953547.0
c  235   60963A52B54C51F        (1)1(  1.0)        953847.0
c  236   60963A52B54C51F        (1)7(  7.0)        954167.0
c  237   60963A52B54C51F        (1)2(  2.0)        954177.0
c  238   60963A52B54C51F        (1)6(  6.0)        954267.0
c  239   60963A52B54C51F        (1)5(  5.0)        954357.0
c  240   60963A52B54C51F        (1)3(  3.0)        954357.0
c  241   60963A52B54C51F        (1)4(  4.0)        954407.0
c  242   60963A52B54C51F        (1)1(  1.0)        955007.0
c  243   60963A52B54C51F        (1)1(  1.0)        956277.0
c  244   60963A52B54C51F        (1)2(  2.0)        956467.0
c  245   60963A52B54C51F        (1)3(  3.0)        956797.0
c  246   60963A52B54C51F        (1)4(  4.0)        956917.0
c  247   60963A52B54C51F        (3)2(  7.0)        961197.0
c  248   60963A52B54C51F        (3)5( 16.0)        961297.0
c  249   60963A52B54C51F        (3)8( 25.0)        961897.0
c  250   60963A52B54C51F        (5)6( 32.0)        964377.0
c  251   60963A52B54C51F        (3)3( 10.0)        964567.0
c  252   60963A52B54C51F        (1)2(  2.0)        964717.0
c  253   60963A52B54C51F        (3)6( 19.0)        964927.0
c  254   60963A52B54C51F        (3)3( 10.0)        965257.0
c  255   60963A52B54C51F        (3)4( 13.0)        965467.0
c  256   60963A52B54C51F        (1)3(  3.0)        965777.0
c  257   60963A52B54C51F        (1)4(  4.0)        966427.0
c  258   60963A52B54C51F        (3)3( 10.0)        966457.0
c  259   60963A52B54C51F        (3)3( 10.0)        966577.0
c  260   60963A52B54C51F        (1)5(  5.0)        966697.0
c  261   60963A52B54C51F        (3)6( 19.0)        969797.0
c  262   60963A52B54C51F        (5)7( 37.0)        970167.0
c  263   60963A52B54C51F        (3)8( 25.0)        970797.0
c  264   60963A52B54C51F        (5)2( 12.0)        970917.0
c  265   60963A52B54C51F        (3)5( 16.0)        974937.0
c  266   60963A52B54C51F        (3)4( 13.0)        975007.0
c  267   60963A52B54C51F        (3)6( 19.0)        975587.0
c  268   60963A52B54C51F        (3)6( 19.0)        977767.0
c  269   60963A52B54C51F        (3)6( 19.0)        980597.0
c  270   60963A52B54C51F        (3)5( 16.0)        983037.0
c  271   60963A52B54C51F        (5)6( 32.0)        983437.0
c  272   60963A52B54C51F        (3)2(  7.0)        983717.0
c  273   60963A52B54C51F        (5)5( 27.0)        984577.0
c  274   60963A52B54C51F        (1)3(  3.0)        984917.0
c  275   60963A52B54C51F        (3)1(  4.0)        985137.0
c  276   60963A52B54C51F        (5)5( 27.0)        985287.0
c  277   60963A52B54C51F        (3)7( 22.0)        986267.0
c  278   60963A52B54C51F        (5)8( 42.0)        988097.0
c  279   60963A52B54C51F        (5)4( 22.0)        988507.0
c  280   60963A52B54C51F        (3)2(  7.0)        989297.0
c  281   60963A52B54C51F        (5)6( 32.0)        989497.0
c  282   60963A52B54C51F        (3)3( 10.0)        990677.0
c  283   60963A52B54C51F        (5)2( 12.0)        992147.0
c  284   60963A52B54C51F        (5)3( 17.0)        993737.0
c  285   60963A52B54C51F        (3)7( 22.0)        997237.0
c  286   60963A52B54C51F        (5)7( 37.0)        997287.0
c  287   60963A52B54C51F        (3)3( 10.0)        997347.0
c  288   60963A52B54C51F        (3)4( 13.0)       1000977.0
c  289   60963A52B54C51F        (3)7( 22.0)       1001447.0
c  290   60963A52B54C51F        (5)4( 22.0)       1001717.0
c  291   60963A52B54C51F        (3)4( 13.0)       1002477.0
c  292   60963A52B54C51F        (3)5( 16.0)       1002627.0
c  293   60963A52B54C51F        (3)4( 13.0)       1007337.0
c  294   60963A52B54C51F        (3)7( 22.0)       1009087.0
c  295   60963A52B54C51F        (3)3( 10.0)       1010517.0
c  296   60963A52B54C51F        (3)6( 19.0)       1010727.0
c  297   60963A52B54C51F        (3)4( 13.0)       1013897.0
c  298   60963A52B54C51F        (3)5( 16.0)       1015287.0
c  299   60963A52B54C51F        (3)6( 19.0)       1015707.0
c  300   60963A52B54C51F        (3)4( 13.0)       1018117.0
c  301   60963A52B54C51F        (3)7( 22.0)       1018757.0
c  302   60963A52B54C51F        (3)5( 16.0)       1020797.0
c  303   60963A52B54C51F        (3)0(  1.0)       1021367.0
c  304   60963A52B54C51F        (1)0(  0.0)       1022927.0
c  305   60963A52B54C51F        (1)2(  2.0)       1028177.0
c  306   60963A52B54C51F        (1)3(  3.0)       1028257.0
c  307   60963A52B54C51F        (1)4(  4.0)       1028357.0
c  308   60963A52B54C51F        (1)5(  5.0)       1028517.0
c  309   60963A52B54C51F        (1)6(  6.0)       1028547.0
c  310   60963A52B54C51F        (1)4(  4.0)       1032657.0
c  311   60963A52B54C51F        (1)5(  5.0)       1032767.0
c  312   60963A52B54C51F        (1)6(  6.0)       1032937.0
c  313   60963A52B54C51F        (1)0(  0.0)       1034147.0
c  314   60963A52B54C51F        (3)2(  7.0)       1034197.0
c  315   60963A52B54C51F        (5)1(  7.0)       1034717.0
c  316   60963A52B54C51F        (3)0(  1.0)       1034817.0
c  317   60963A52B54C51F        (1)2(  2.0)       1035187.0
c  318   60963A52B54C51F        (1)4(  4.0)       1035667.0
c  319   60963A52B54C51F        (1)7(  7.0)       1035877.0
c  320   60963A52B54C51F        (1)5(  5.0)       1035987.0
c  321   60963A52B54C51F        (1)6(  6.0)       1036217.0
c  322   60963A52B54C51F        (3)5( 16.0)       1038217.0
c  323   60963A52B54C51F        (1)9(  9.0)       1039507.0
c  324   60963A52B54C51F        (3)5( 16.0)       1040057.0
c  325   60963A52B54C51F        (1)1(  1.0)       1040207.0
c  326   60963A52B54C51F        (3)8( 25.0)       1040267.0
c  327   60963A52B54C51F        (5)0(  2.0)       1040537.0
c  328   60963A52B54C51F        (3)3( 10.0)       1040567.0
c  329   60963A52B54C51F        (1)3(  3.0)       1040577.0
c  330   60963A52B54C51F        (3)1(  4.0)       1040657.0
c  331   60963A52B54C51F        (1)1(  1.0)       1040667.0
c  332   60963A52B54C51F        (1)2(  2.0)       1041277.0
c  333   60963A52B54C51F        (1)3(  3.0)       1042107.0
c  334   60963A52B54C51F        (1)8(  8.0)       1043227.0
c  335   60963A52B54C51F        (1)4(  4.0)       1043327.0
c  336   60963A52B54C51F        (1)5(  5.0)       1044427.0
c  337   60963A52B54C51F        (1)7(  7.0)       1044727.0
c  338   60963A52B54C51F        (1)6(  6.0)       1044927.0
c  339   60963A52B54C51F        (3)2(  7.0)       1045627.0
c  340   60963A52B54C51F        (1)5(  5.0)       1046127.0
c  341   60963A52B54C51F        (3)7( 22.0)       1046427.0
c  342   60963A52B54C51F        (3)2(  7.0)       1046527.0
c  343   60963A52B54C51F        (3)1(  4.0)       1046527.0
c  344   60963A52B54C51F        (3)1(  4.0)       1047227.0
c  345   60963A52B54C51F        (3)2(  7.0)       1049427.0
c  346   60963A52B54C51F        (3)6( 19.0)       1050327.0
c  347   60963A52B54C51F        (3)4( 13.0)       1050327.0
c  348   60963A52B54C51F        (3)9( 28.0)       1050927.0
c  349   60963A52B54C51F        (3)3( 10.0)       1051327.0
c  350   60963A52B54C51F        (3)4( 13.0)       1053127.0
c  351   60963A52B54C51F        (3)1(  4.0)       1053227.0
c  352   60963A52B54C51F        (1)5(  5.0)       1053627.0
c  353   60963A52B54C51F        (3)3( 10.0)       1054027.0
c  354   60963A52B54C51F        (1)5(  5.0)       1054427.0
c  355   60963A52B54C51F        (3)8( 25.0)       1054627.0
c  356   60963A52B54C51F        (3)5( 16.0)       1054627.0
c  357   60963A52B54C51F        (1)4(  4.0)       1054927.0
c  358   60963A52B54C51F        (3)2(  7.0)       1055227.0
c  359   60963A52B54C51F        (1)3(  3.0)       1055227.0
c  360   60963A52B54C51F        (3)6( 19.0)       1055627.0
c  361   60963A52B54C51F        (3)7( 22.0)       1055827.0
c  362   60963A52B54C51F        (1)2(  2.0)       1056827.0
c  363   60963A52B54C51F        (1)6(  6.0)       1057727.0
c  364   60963A52B54C51F        (3)6( 19.0)       1057827.0
c  365   60963A52B54C51F        (3)5( 16.0)       1059127.0
c  366   60963A52B54C51F        (5)1(  7.0)       1061227.0
c  367   60963A52B54C51F        (1)4(  4.0)       1063227.0
c  368   60963A52B54C51F        (3)5( 16.0)       1065027.0
c  369   60963A52B54C51F        (3)4( 13.0)       1065227.0
c  370   60963A52B54C51F        (1)2(  2.0)       1066227.0
c  371   60963A52B54C51F        (5)5( 27.0)       1070727.0
c  372   60963A52B54C51F        (3)3( 10.0)       1073327.0
c  373   60963A52B54C51F        (3)5( 16.0)       1083227.0
c  374   60963A52B54C51F        (3)2(  7.0)       1083327.0
c  375   60963A52B54C51F        (3)6( 19.0)       1104327.0
c  376   60963A52B54C51F        (1)7(  7.0)       1142827.0
c  377   60963A52B54C51F        (1)6(  6.0)       1144727.0
c  378   60963A52B54C51F        (3)3( 10.0)       1147227.0
c  379   60963A52B54C51F        (3)1(  4.0)       1149427.0
c  380   60963A52B54C51F        (3)7( 22.0)       1151427.0
c  381   60963A52B54C51F        (3)4( 13.0)       1152827.0
c  382   60963A52B54C51F        (1)1(  1.0)       1157427.0
 
 
 
c-------------------------------------------------------------------------------
 
C  superstage partition information
C  ================================
C
C  element symbol   : W
C  parent template  : 
C  partition level  :  1
C  superstage label :  8
C
C  tabulation       : photon emissivity coefft (te,ne)
C  units            : ph. emis coef(cm^3 s^-1); te (ev); ne (cm^-3)
C
C  photon emissivity atomic transitions
C  ------------------------------------
C  
C   isel  wvlen(A)            transition                type  ispb nspb
C                                                             ispp nspp sz    tg pr wr
C  ----- ---------- ----------------------------------- ----- ---- ---- --    -- -- --
C      1   167.175  133(3)0(  1.0)-  3(3)3( 10.0)       excit   1    1   8   666 24  1
C      2   176.024  129(3)4( 13.0)-  3(3)3( 10.0)       excit   1    1   8   662 47  2
C      3   178.216  129(3)4( 13.0)-  4(3)4( 13.0)       excit   1    1   8   995 36  3
C      4   182.247  111(3)3( 10.0)-  1(1)3(  3.0)       excit   1    1   8    86 18  4
C      5   187.263  108(1)3(  3.0)-  1(1)3(  3.0)       excit   1    1   8    84 42  5
C      6   191.100  102(3)2(  7.0)-  1(1)3(  3.0)       excit   1    1   8    79 17  6
C      7   192.680  109(1)2(  2.0)-  2(1)2(  2.0)       excit   1    1   8   362  3  7
C      8   192.716  101(1)2(  2.0)-  1(1)3(  3.0)       excit   1    1   8    78 10  8
C      9   193.060  108(1)3(  3.0)-  2(1)2(  2.0)       excit   1    1   8   361 14  9
C     10   193.342  120(3)2(  7.0)-  5(3)2(  7.0)       excit   1    1   8  1320 46 10
C     11   193.564  111(3)3( 10.0)-  3(3)3( 10.0)       excit   1    1   8   644  4 11
C     12   194.147  105(1)1(  1.0)-  2(1)2(  2.0)       excit   1    1   8   359  6 12
C     13   195.325   99(3)3( 10.0)-  1(1)3(  3.0)       excit   1    1   8    76 40 13
C     14   196.218  111(3)3( 10.0)-  4(3)4( 13.0)       excit   1    1   8   977 41 14
C     15   197.140  102(3)2(  7.0)-  2(1)2(  2.0)       excit   1    1   8   357 23 15
C     16   197.759   95(1)2(  2.0)-  1(1)3(  3.0)       excit   1    1   8    73 25 16
C     17   198.851  110(1)5(  5.0)-  4(3)4( 13.0)       excit   1    1   8   976 49 17
C     18   200.765  104(1)4(  4.0)-  3(3)3( 10.0)       excit   1    1   8   637 13 18
C     19   203.530  111(3)3( 10.0)-  5(3)2(  7.0)       excit   1    1   8  1311 16 19
C     20   203.581  102(3)2(  7.0)-  3(3)3( 10.0)       excit   1    1   8   635 12 20
C     21   208.383   99(3)3( 10.0)-  3(3)3( 10.0)       excit   1    1   8   632 28 21
C     22   209.860  100(3)4( 13.0)-  4(3)4( 13.0)       excit   1    1   8   967 21 22
C     23   211.462   99(3)3( 10.0)-  4(3)4( 13.0)       excit   1    1   8   966 22 23
C     24   212.660   94(1)3(  3.0)-  3(3)3( 10.0)       excit   1    1   8   627 35 24
C     25   214.634  102(3)2(  7.0)-  5(3)2(  7.0)       excit   1    1   8  1303 20 25
C     26   216.983   86(3)4( 13.0)-  3(3)3( 10.0)       excit   1    1   8   620  5 26
C     27   218.752   91(3)5( 16.0)-  4(3)4( 13.0)       excit   1    1   8   960 38 27
C     28   219.979   99(3)3( 10.0)-  5(3)2(  7.0)       excit   1    1   8  1300 43 28
C     29   220.323   86(3)4( 13.0)-  4(3)4( 13.0)       excit   1    1   8   957 19 29
C     30   221.073   98(3)3( 10.0)-  5(3)2(  7.0)       excit   1    1   8  1299 50 30
C     31   221.271  113(1)3(  3.0)-  6(1)4(  4.0)       excit   1    1   8  1603 45 31
C     32   221.716   54(3)4( 13.0)-  1(1)3(  3.0)       excit   1    1   8    47 39 32
C     33   224.594   80(3)5( 16.0)-  4(3)4( 13.0)       excit   1    1   8   951 30 33
C     34   226.801   69(3)2(  7.0)-  3(3)3( 10.0)       excit   1    1   8   604 15 34
C     35   227.892   67(3)4( 13.0)-  3(3)3( 10.0)       excit   1    1   8   602 26 35
C     36   231.579   67(3)4( 13.0)-  4(3)4( 13.0)       excit   1    1   8   940 44 36
C     37   233.278   51(3)2(  7.0)-  2(1)2(  2.0)       excit   1    1   8   323 33 37
C     38   238.695   54(3)4( 13.0)-  3(3)3( 10.0)       excit   1    1   8   593 37 38
C     39   238.864   59(3)4( 13.0)-  4(3)4( 13.0)       excit   1    1   8   933 31 39
C     40   240.307   53(3)4( 13.0)-  3(3)3( 10.0)       excit   1    1   8   592 27 40
C     41   243.524   34(1)4(  4.0)-  1(1)3(  3.0)       excit   1    1   8    30 34 41
C     42   291.785   16(5)6( 32.0)-  4(3)4( 13.0)       excit   1    1   8   893 48 42
C     43   1516.05    6(1)4(  4.0)-  3(3)3( 10.0)       excit   1    1   8   546 29 43
C     44   1695.65    6(1)4(  4.0)-  4(3)4( 13.0)       excit   1    1   8   883 11 44
C     45   1742.83    5(3)2(  7.0)-  1(1)3(  3.0)       excit   1    1   8     4  7 45
C     46   2418.67    5(3)2(  7.0)-  2(1)2(  2.0)       excit   1    1   8   289  9 46
C     47   3117.01    3(3)3( 10.0)-  1(1)3(  3.0)       excit   1    1   8     2  8 47
C     48   3953.19    5(3)2(  7.0)-  3(3)3( 10.0)       excit   1    1   8   545  2 48
C     49   5461.71    5(3)2(  7.0)-  4(3)4( 13.0)       excit   1    1   8   882 32 49
C     50   6230.92    3(3)3( 10.0)-  2(1)2(  2.0)       excit   1    1   8   287  1 50
c-------------------------------------------------------------------------------
                                                                                
C  code     : adas810
C  producer : Adam Foster
C  date     : 15/05/09
                                                                                
c-------------------------------------------------------------------------------

C-----------------------------------------------------------------------
C                               OPEN-ADAS
C                               +++++++++
C
C This file has been downloaded from OPEN-ADAS (http://open.adas.ac.uk)
C on 24-May-2024.
C
C TERMS AND CONDITIONS
C --------------------
C
C The user of the OPEN-ADAS system and data (hereinafter "the User")
C accepts the following terms and conditions:
C
C   1. The University of Strathclyde uses all reasonable endeavours to
C      ensure the accuracy of the data provided and any information
C      given, but the University makes no warranty, expressed or implied
C      as to its accuracy, integrity, fitness for purpose and shall not
C      be responsible for the use to which the data is put by the User
C      and/or any consequences arising out of any inaccuracies or
C      omissions.
C
C   2. Any downloaded OPEN-ADAS file is made available for the
C      personal use of the User only.  It must not be used for any
C      commercial application, incorporated into any web site or in
C      any form re-distributed without express prior written permission
C      from the ADAS Project. In particular, but not by way of
C      limitation, it must not be:
C        *  inserted into a managed database structure,
C        *  redistributed along with a modelling or analysis code,
C        *  made available on a public website.
C
C Permission for OPEN-ADAS data incorporation in non-commercial
C code/system development for scientific advance will not be
C unreasonably withheld, but will be subject to written agreement
C on a case by case basis.
C
C The User will indemnify the University of Strathclyde and keep it
C fully and effectively indemnified against each and every claim made
C against the University as a result of the User's use of the data.
C
C-----------------------------------------------------------------------
