	0	30	45	60	70	80	85
1	0.436	0.458	0.477	0.5	0.515	0.526	0.529	
2	0.584	0.618	0.652	0.695	0.724	0.744	0.749	
5	0.6	0.65	0.707	0.78	0.829	0.867	0.878	
10	0.563	0.615	0.685	0.78	0.851	0.908	0.924	
20	0.517	0.567	0.637	0.748	0.842	0.927	0.95	
50	0.462	0.506	0.569	0.678	0.79	0.925	0.967	
100	0.426	0.467	0.523	0.621	0.73	0.902	0.97	
200	0.392	0.43	0.483	0.571	0.669	0.855	0.965	
500	0.344	0.382	0.432	0.513	0.599	0.766	0.936	
1000	0.303	0.34	0.39	0.47	0.551	0.699	0.882	
2000	0.261	0.298	0.348	0.428	0.508	0.638	0.791	
5000	0.19	0.226	0.275	0.357	0.439	0.57	0.701	
