	0	30	45	60	70	80	85
1	0.424	0.446	0.464	0.488	0.502	0.514	0.517	
2	0.572	0.607	0.641	0.684	0.714	0.735	0.741	
5	0.59	0.64	0.697	0.771	0.822	0.861	0.873	
10	0.55	0.604	0.674	0.772	0.844	0.903	0.919	
20	0.503	0.553	0.625	0.738	0.834	0.922	0.946	
50	0.444	0.489	0.552	0.663	0.78	0.919	0.962	
100	0.404	0.446	0.503	0.603	0.716	0.894	0.965	
200	0.367	0.405	0.458	0.548	0.65	0.844	0.96	
500	0.314	0.351	0.402	0.485	0.573	0.749	0.928	
1000	0.27	0.306	0.356	0.437	0.521	0.675	0.87	
2000	0.226	0.261	0.31	0.392	0.473	0.609	0.771	
5000	0.156	0.188	0.235	0.316	0.399	0.534	0.674	
