	0	30	45	60	70	80	85
1	0.0398	0.0557	0.073	0.0965	0.112	0.123	0.126	
2	0.174	0.217	0.267	0.333	0.376	0.406	0.414	
5	0.272	0.347	0.441	0.566	0.65	0.711	0.727	
10	0.241	0.317	0.427	0.593	0.721	0.816	0.839	
20	0.196	0.257	0.355	0.54	0.715	0.865	0.899	
50	0.149	0.189	0.249	0.368	0.511	0.721	0.813	
100	0.125	0.16	0.214	0.316	0.443	0.69	0.839	
200	0.0984	0.129	0.178	0.268	0.378	0.616	0.834	
500	0.0621	0.0866	0.127	0.205	0.3	0.495	0.755	
1000	0.0367	0.0549	0.0871	0.156	0.242	0.414	0.645	
2000	0.0177	0.0291	0.0513	0.105	0.18	0.337	0.529	
5000	0.00508	0.00898	0.0183	0.0475	0.1	0.233	0.397	
