	0	30	45	60	70	80	85
1	0.663	0.684	0.702	0.723	0.736	0.744	0.747	
2	0.789	0.815	0.841	0.871	0.89	0.903	0.906	
5	0.785	0.82	0.859	0.906	0.935	0.957	0.962	
10	0.753	0.79	0.838	0.899	0.941	0.971	0.979	
20	0.716	0.754	0.803	0.875	0.931	0.977	0.988	
50	0.672	0.707	0.754	0.828	0.898	0.973	0.993	
100	0.641	0.676	0.72	0.79	0.859	0.959	0.993	
200	0.609	0.643	0.688	0.753	0.819	0.931	0.99	
500	0.561	0.597	0.643	0.709	0.77	0.875	0.973	
1000	0.515	0.554	0.602	0.671	0.733	0.831	0.941	
2000	0.462	0.503	0.555	0.63	0.695	0.787	0.883	
5000	0.371	0.418	0.477	0.564	0.637	0.737	0.824	
