	0	30	45	60	70	80	85
1	0.647	0.668	0.686	0.708	0.72	0.73	0.732	
2	0.78	0.807	0.834	0.865	0.885	0.898	0.902	
5	0.778	0.814	0.854	0.902	0.933	0.955	0.961	
10	0.745	0.784	0.833	0.896	0.939	0.971	0.979	
20	0.707	0.745	0.797	0.871	0.929	0.976	0.988	
50	0.66	0.696	0.744	0.821	0.894	0.972	0.993	
100	0.625	0.661	0.707	0.78	0.853	0.957	0.993	
200	0.59	0.625	0.672	0.741	0.81	0.928	0.99	
500	0.535	0.574	0.622	0.691	0.756	0.868	0.972	
1000	0.485	0.525	0.576	0.65	0.716	0.82	0.937	
2000	0.425	0.469	0.524	0.604	0.673	0.772	0.874	
5000	0.329	0.378	0.439	0.531	0.611	0.717	0.811	
