	0	30	45	60	70	80	85
1	0.134	0.165	0.194	0.234	0.258	0.275	0.279	
2	0.424	0.482	0.544	0.619	0.664	0.694	0.702	
5	0.541	0.624	0.719	0.827	0.891	0.931	0.941	
10	0.475	0.56	0.669	0.812	0.905	0.961	0.973	
20	0.404	0.478	0.581	0.746	0.878	0.969	0.986	
50	0.326	0.381	0.456	0.578	0.702	0.858	0.919	
100	0.281	0.334	0.405	0.518	0.635	0.824	0.925	
200	0.235	0.286	0.357	0.467	0.576	0.765	0.914	
500	0.166	0.213	0.282	0.394	0.502	0.672	0.857	
1000	0.109	0.152	0.218	0.333	0.444	0.61	0.782	
2000	0.06	0.0937	0.151	0.262	0.379	0.553	0.706	
5000	0.0197	0.0357	0.0714	0.162	0.281	0.473	0.626	
