	0	30	45	60	70	80	85
1	0.639	0.662	0.68	0.702	0.715	0.725	0.727	
2	0.779	0.806	0.833	0.865	0.884	0.898	0.901	
5	0.778	0.814	0.854	0.902	0.933	0.955	0.961	
10	0.744	0.785	0.833	0.895	0.939	0.97	0.979	
20	0.709	0.748	0.798	0.872	0.929	0.976	0.988	
50	0.665	0.702	0.749	0.824	0.895	0.973	0.993	
100	0.635	0.671	0.716	0.786	0.858	0.958	0.993	
200	0.606	0.64	0.685	0.751	0.818	0.93	0.99	
500	0.561	0.598	0.643	0.709	0.77	0.875	0.973	
1000	0.519	0.558	0.606	0.674	0.736	0.832	0.942	
2000	0.47	0.511	0.563	0.636	0.7	0.791	0.885	
5000	0.386	0.432	0.489	0.574	0.646	0.744	0.829	
