	0	30	45	60	70	80	85
1	0	0.00141	0.00484	0.0126	0.0198	0.0256	0.0274	
2	0.0367	0.0822	0.141	0.224	0.278	0.317	0.327	
5	0.265	0.37	0.496	0.657	0.758	0.827	0.844	
10	0.287	0.388	0.53	0.724	0.854	0.938	0.956	
20	0.24	0.322	0.448	0.661	0.835	0.958	0.981	
50	0.184	0.246	0.341	0.519	0.722	0.947	0.99	
100	0.15	0.201	0.276	0.406	0.549	0.783	0.907	
200	0.124	0.171	0.241	0.361	0.488	0.716	0.897	
500	0.0889	0.131	0.196	0.311	0.429	0.623	0.836	
1000	0.0627	0.0992	0.16	0.271	0.389	0.57	0.759	
2000	0.0383	0.0673	0.119	0.227	0.346	0.527	0.689	
5000	0.0146	0.0301	0.0656	0.156	0.274	0.466	0.621	
