* EIRENE input file generated with uinp v. 2.2                          
* Created with SOLPS-ITER Uinp version 3.0.8-402-g845dc5e-dirty         
*** 1. Data for operating mode                                          
    -1     1   100 30800     1     1     0     1     0
    -1     1     0     1     1     9     1     0     1
TFFTF FFFFF TFFTF F
CFILE AMJUEL Database/AMdata/amjuel.tex           
CFILE HYDHEL Database/AMdata/hydhel.tex           
CFILE SPUTER Database/Surfacedata/SPUTER          
CFILE TRIM   Database/Surfacedata/TRIM/trim.dat   
CFILE AMMONX Database/AMdata/AMMONX_Arrh-elast.tex
*** 2. Data for standard mesh                                           
     6     1     1
T
FFFFT FFF
    37     1    99     3     0
 0.00000E+00 0.00000E+00 0.00000E+00
T
FFF
    99     0     0     0
 0.00000E+00 1.00000E+00 0.00000E+00 0.00000E+00
F
TFF
     0     0     0     0
 0.00000E+00 0.00000E+00 1.20927E+03 0.00000E+00 0.00000E+00
F
** 2e. Data for additional cells outside standard mesh                  
T
     2
 1.00000E+00 1.00000E+00
*** 3a. Data for non-default standard surfaces                          
     6
*   1 : Core side    1                                                  
     1     1     1    26    74     0     0     0     0
     2     2     0     0     0     6     0     0     0     0
*   2 : Target       1                                                  
     2     2     1     1    37     0     0     0     0
     1     2     0     0     0     6     0     0     0     0
SURFMOD_1_TUNGSTEN_1160K                                                
*   3 : Target       2                                                  
     3     2    99     1    37     0     0     0     0
     1     2     0     0     0     6     0     0     0     0
SURFMOD_1_TUNGSTEN_1160K                                                
*   4 : PFR side     1                                                  
     4     1     1     1    25     0     0     0     0
    -3     0     0     0     0     6     0     0     0    -2
*   5 : PFR side     2                                                  
     5     1     1    75    99     0     0     0     0
    -3     0     0     0     0     6     0     0     0    -2
*   6 : Outer side   1                                                  
     6     1    37     1    99     0     0     0     0
    -3     0     0     0     0     6     0     0     0    -1
*** 3b. Data for additional surfaces                                    
    64
*    1 :    1                                                                 
 2.00000E+00 1.00000E+00 1.00000E+00 1.00000E-05
     1     1     0     0     0     1     0     0     0    -2
 1.36100E+02-1.00500E+02-1.00000E+20 1.39400E+02-9.91693E+01 1.00000E+20
SURFMOD_1_TUNGSTEN_1160K                                                
*    2 :    2                                                                 
 2.00000E+00 1.00000E+00 1.00000E+00 1.00000E-05
     1     1     0     0     0     1     0     0     0    -2
 1.39400E+02-9.91693E+01-1.00000E+20 1.44870E+02-9.65000E+01 1.00000E+20
SURFMOD_1_TUNGSTEN_1160K                                                
*    3 :    3                                                                 
 2.00000E+00 1.00000E+00 1.00000E+00 1.00000E-05
     1     1     0     0     0     1     0     0     0    -2
 1.44870E+02-9.65000E+01-1.00000E+20 1.53001E+02-9.65032E+01 1.00000E+20
SURFMOD_1_TUNGSTEN_1160K                                                
*    4 :    4                                                                 
 2.00000E+00 1.00000E+00 1.00000E+00 1.00000E-05
     1     1     0     0     0     1     0     0     0    -2
 1.53001E+02-9.65032E+01-1.00000E+20 1.56080E+02-9.69102E+01 1.00000E+20
SURFMOD_1_TUNGSTEN_1160K                                                
*    5 :    5                                                                 
 2.00000E+00 1.00000E+00 1.00000E+00 1.00000E-05
     1     1     0     0     0     1     0     0     0    -2
 1.56080E+02-9.69102E+01-1.00000E+20 1.58962E+02-9.81035E+01 1.00000E+20
SURFMOD_1_TUNGSTEN_1160K                                                
*    6 :    6                                                                 
 2.00000E+00 1.00000E+00 1.00000E+00 1.00000E-05
     1     1     0     0     0     1     0     0     0    -2
 1.58962E+02-9.81035E+01-1.00000E+20 1.59885E+02-9.88002E+01 1.00000E+20
SURFMOD_1_TUNGSTEN_1160K                                                
*    7 :    7                                                                 
 2.00000E+00 1.00000E+00 1.00000E+00 1.00000E-05
     1     1     0     0     0     1     0     0     0    -2
 1.59885E+02-9.88002E+01-1.00000E+20 1.61455E+02-1.00003E+02 1.00000E+20
SURFMOD_1_TUNGSTEN_1160K                                                
*    8 :    8                                                                 
 2.00000E+00 1.00000E+00 1.00000E+00 1.00000E-05
     1     1     0     0     0     1     0     0     0    -2
 1.61455E+02-1.00003E+02-1.00000E+20 1.62714E+02-1.01499E+02 1.00000E+20
SURFMOD_1_TUNGSTEN_1160K                                                
*    9 :    9                                                                 
 2.00000E+00 1.00000E+00 1.00000E+00 1.00000E-05
     1     1     0     0     0     1     0     0     0    -2
 1.62714E+02-1.01499E+02-1.00000E+20 1.64800E+02-1.04420E+02 1.00000E+20
SURFMOD_1_TUNGSTEN_1160K                                                
*   10 :   10                                                                 
 2.00000E+00 1.00000E+00 1.00000E+00 1.00000E-05
     1     1     0     0     0     1     0     0     0    -2
 1.64800E+02-1.04420E+02-1.00000E+20 1.65120E+02-1.10000E+02 1.00000E+20
SURFMOD_1_TUNGSTEN_1160K                                                
*   11 :   11                                                                 
 2.00000E+00 1.00000E+00 1.00000E+00 1.00000E-05
     1     1     0     0     0     1     0     0     0    -1
 1.75590E+02-1.10000E+02-1.00000E+20 1.75590E+02-1.04000E+02 1.00000E+20
SURFMOD_1_TUNGSTEN_1160K                                                
*   12 :   12                                                                 
 2.00000E+00 1.00000E+00 1.00000E+00 1.00000E-05
     1     1     0     0     0     1     0     0     0    -1
 1.75590E+02-1.04000E+02-1.00000E+20 1.75590E+02-1.00000E+02 1.00000E+20
SURFMOD_1_TUNGSTEN_1160K                                                
*   13 :   13                                                                 
 2.00000E+00 1.00000E+00 1.00000E+00 1.00000E-05
     1     1     0     0     0     1     0     0     0    -1
 1.75590E+02-1.00000E+02-1.00000E+20 1.75590E+02-9.77900E+01 1.00000E+20
SURFMOD_1_TUNGSTEN_1160K                                                
*   14 :   14                                                                 
 2.00000E+00 1.00000E+00 1.00000E+00 1.00000E-05
     1     1     0     0     0     1     0     0     0    -1
 1.75590E+02-9.77900E+01-1.00000E+20 1.75780E+02-9.56200E+01 1.00000E+20
SURFMOD_1_TUNGSTEN_1160K                                                
*   15 :   15                                                                 
 2.00000E+00 1.00000E+00 1.00000E+00 1.00000E-05
     1     1     0     0     0     1     0     0     0    -1
 1.75780E+02-9.56200E+01-1.00000E+20 1.76350E+02-9.38500E+01 1.00000E+20
SURFMOD_1_TUNGSTEN_1160K                                                
*   16 :   16                                                                 
 2.00000E+00 1.00000E+00 1.00000E+00 1.00000E-05
     1     1     0     0     0     1     0     0     0    -1
 1.76350E+02-9.38500E+01-1.00000E+20 1.77330E+02-9.13700E+01 1.00000E+20
SURFMOD_1_TUNGSTEN_1160K                                                
*   17 :   17                                                                 
 2.00000E+00 1.00000E+00 1.00000E+00 1.00000E-05
     1     1     0     0     0     1     0     0     0    -1
 1.77330E+02-9.13700E+01-1.00000E+20 1.78650E+02-8.96100E+01 1.00000E+20
SURFMOD_1_TUNGSTEN_1160K                                                
*   18 :   18                                                                 
 2.00000E+00 1.00000E+00 1.00000E+00 1.00000E-05
     1     1     0     0     0     1     0     0     0    -1
 1.78650E+02-8.96100E+01-1.00000E+20 1.80270E+02-8.81200E+01 1.00000E+20
SURFMOD_1_TUNGSTEN_1160K                                                
*   19 :   19                                                                 
 2.00000E+00 1.00000E+00 1.00000E+00 1.00000E-05
     1     1     0     0     0     1     0     0     0    -1
 1.80270E+02-8.81200E+01-1.00000E+20 1.82130E+02-8.69500E+01 1.00000E+20
SURFMOD_1_TUNGSTEN_1160K                                                
*   20 :   20                                                                 
 2.00000E+00 1.00000E+00 1.00000E+00 1.00000E-05
     1     1     0     0     0     1     0     0     0    -1
 1.82130E+02-8.69500E+01-1.00000E+20 1.96140E+02-7.92400E+01 1.00000E+20
SURFMOD_1_TUNGSTEN_1160K                                                
*   21 :   21                                                                 
 2.00000E+00 1.00000E+00 1.00000E+00 1.00000E-05
     1     1     0     0     0     1     0     0     0    -1
 1.96140E+02-7.92400E+01-1.00000E+20 1.96250E+02-7.91366E+01 1.00000E+20
SURFMOD_1_TUNGSTEN_1160K                                                
*   22 :   22                                                                 
 2.00000E+00 1.00000E+00 1.00000E+00 1.00000E-05
     1     1     0     0     0     1     0     0     0    -1
 1.96250E+02-7.91366E+01-1.00000E+20 1.97030E+02-7.83700E+01 1.00000E+20
SURFMOD_1_TUNGSTEN_1160K                                                
*   23 :   23                                                                 
 2.00000E+00 1.00000E+00 1.00000E+00 1.00000E-05
     1     1     0     0     0     1     0     0     0    -1
 1.97030E+02-7.83700E+01-1.00000E+20 1.97110E+02-7.83000E+01 1.00000E+20
SURFMOD_1_TUNGSTEN_1160K                                                
*   24 :   24                                                                 
 2.00000E+00 1.00000E+00 1.00000E+00 1.00000E-05
     1     1     0     0     0     1     0     0     0    -1
 1.97110E+02-7.83000E+01-1.00000E+20 2.27540E+02-4.85000E+01 1.00000E+20
SURFMOD_1_TUNGSTEN_1160K                                                
*   25 :   25                                                                 
 2.00000E+00 1.00000E+00 1.00000E+00 1.00000E-05
     1     1     0     0     0     1     0     0     0    -1
 2.27540E+02-4.85000E+01-1.00000E+20 2.62177E+02-4.84972E+01 1.00000E+20
SURFMOD_1_TUNGSTEN_1160K                                                
*   26 :   26                                                                 
 2.00000E+00 1.00000E+00 1.00000E+00 1.00000E-05
     1     1     0     0     0     1     0     0     0    -1
 2.62177E+02-4.84972E+01-1.00000E+20 2.62000E+02 4.85000E+01 1.00000E+20
SURFMOD_1_TUNGSTEN_1160K                                                
*   27 :   27                                                                 
 2.00000E+00 1.00000E+00 1.00000E+00 1.00000E-05
     1     1     0     0     0     1     0     0     0    -1
 2.62000E+02 4.85000E+01-1.00000E+20 2.27550E+02 4.85000E+01 1.00000E+20
SURFMOD_1_TUNGSTEN_1160K                                                
*   28 :   28                                                                 
 2.00000E+00 1.00000E+00 1.00000E+00 1.00000E-05
     1     1     0     0     0     1     0     0     0    -1
 2.27550E+02 4.85000E+01-1.00000E+20 1.94050E+02 8.08600E+01 1.00000E+20
SURFMOD_1_TUNGSTEN_1160K                                                
*   29 :   29                                                                 
 2.00000E+00 1.00000E+00 1.00000E+00 1.00000E-05
     1     1     0     0     0     1     0     0     0    -1
 1.94050E+02 8.08600E+01-1.00000E+20 1.80220E+02 9.25500E+01 1.00000E+20
SURFMOD_1_TUNGSTEN_1160K                                                
*   30 :   30                                                                 
 2.00000E+00 1.00000E+00 1.00000E+00 1.00000E-05
     1     1     0     0     0     1     0     0     0    -1
 1.80220E+02 9.25500E+01-1.00000E+20 1.78880E+02 9.37900E+01 1.00000E+20
SURFMOD_1_TUNGSTEN_1160K                                                
*   31 :   31                                                                 
 2.00000E+00 1.00000E+00 1.00000E+00 1.00000E-05
     1     1     0     0     0     1     0     0     0    -1
 1.78880E+02 9.37900E+01-1.00000E+20 1.77270E+02 9.56400E+01 1.00000E+20
SURFMOD_1_TUNGSTEN_1160K                                                
*   32 :   32                                                                 
 2.00000E+00 1.00000E+00 1.00000E+00 1.00000E-05
     1     1     0     0     0     1     0     0     0    -1
 1.77270E+02 9.56400E+01-1.00000E+20 1.76050E+02 9.74100E+01 1.00000E+20
SURFMOD_1_TUNGSTEN_1160K                                                
*   33 :   33                                                                 
 2.00000E+00 1.00000E+00 1.00000E+00 1.00000E-05
     1     1     0     0     0     1     0     0     0    -1
 1.76050E+02 9.74100E+01-1.00000E+20 1.75070E+02 9.92300E+01 1.00000E+20
SURFMOD_1_TUNGSTEN_1160K                                                
*   34 :   34                                                                 
 2.00000E+00 1.00000E+00 1.00000E+00 1.00000E-05
     1     1     0     0     0     1     0     0     0    -1
 1.75070E+02 9.92300E+01-1.00000E+20 1.74260E+02 1.01190E+02 1.00000E+20
SURFMOD_1_TUNGSTEN_1160K                                                
*   35 :   35                                                                 
 2.00000E+00 1.00000E+00 1.00000E+00 1.00000E-05
     1     1     0     0     0     1     0     0     0    -1
 1.74260E+02 1.01190E+02-1.00000E+20 1.73640E+02 1.03320E+02 1.00000E+20
SURFMOD_1_TUNGSTEN_1160K                                                
*   36 :   36                                                                 
 2.00000E+00 1.00000E+00 1.00000E+00 1.00000E-05
     1     1     0     0     0     1     0     0     0    -1
 1.73640E+02 1.03320E+02-1.00000E+20 1.70670E+02 1.16210E+02 1.00000E+20
SURFMOD_1_TUNGSTEN_1160K                                                
*   37 :   37                                                                 
 2.00000E+00 1.00000E+00 1.00000E+00 1.00000E-05
     1     1     0     0     0     1     0     0     0    -1
 1.70670E+02 1.16210E+02-1.00000E+20 1.69640E+02 1.14260E+02 1.00000E+20
SURFMOD_1_TUNGSTEN_1160K                                                
*   38 :   38                                                                 
 2.00000E+00 1.00000E+00 1.00000E+00 1.00000E-05
     1     1     0     0     0     1     0     0     0    -1
 1.69640E+02 1.14260E+02-1.00000E+20 1.65630E+02 1.11070E+02 1.00000E+20
SURFMOD_1_TUNGSTEN_1160K                                                
*   39 :   39                                                                 
 2.00000E+00 1.00000E+00 1.00000E+00 1.00000E-05
     1     1     0     0     0     1     0     0     0    -1
 1.65630E+02 1.11070E+02-1.00000E+20 1.64610E+02 1.10300E+02 1.00000E+20
SURFMOD_1_TUNGSTEN_1160K                                                
*   40 :   40                                                                 
 2.00000E+00 1.00000E+00 1.00000E+00 1.00000E-05
     1     1     0     0     0     1     0     0     0    -1
 1.64610E+02 1.10300E+02-1.00000E+20 1.63480E+02 1.09570E+02 1.00000E+20
SURFMOD_1_TUNGSTEN_1160K                                                
*   41 :   41                                                                 
 2.00000E+00 1.00000E+00 1.00000E+00 1.00000E-05
     1     1     0     0     0     1     0     0     0    -1
 1.63480E+02 1.09570E+02-1.00000E+20 1.62350E+02 1.08940E+02 1.00000E+20
SURFMOD_1_TUNGSTEN_1160K                                                
*   42 :   42                                                                 
 2.00000E+00 1.00000E+00 1.00000E+00 1.00000E-05
     1     1     0     0     0     1     0     0     0    -1
 1.62350E+02 1.08940E+02-1.00000E+20 1.61200E+02 1.08390E+02 1.00000E+20
SURFMOD_1_TUNGSTEN_1160K                                                
*   43 :   43                                                                 
 2.00000E+00 1.00000E+00 1.00000E+00 1.00000E-05
     1     1     0     0     0     1     0     0     0    -1
 1.61200E+02 1.08390E+02-1.00000E+20 1.47780E+02 1.02510E+02 1.00000E+20
SURFMOD_1_TUNGSTEN_1160K                                                
*   44 :   44                                                                 
 2.00000E+00 1.00000E+00 1.00000E+00 1.00000E-05
     1     1     0     0     0     1     0     0     0    -1
 1.47780E+02 1.02510E+02-1.00000E+20 1.46620E+02 1.02160E+02 1.00000E+20
SURFMOD_1_TUNGSTEN_1160K                                                
*   45 :   45                                                                 
 2.00000E+00 1.00000E+00 1.00000E+00 1.00000E-05
     1     1     0     0     0     1     0     0     0    -1
 1.46620E+02 1.02160E+02-1.00000E+20 1.45360E+02 1.02110E+02 1.00000E+20
SURFMOD_1_TUNGSTEN_1160K                                                
*   46 :   46                                                                 
 2.00000E+00 1.00000E+00 1.00000E+00 1.00000E-05
     1     1     0     0     0     1     0     0     0    -1
 1.45360E+02 1.02110E+02-1.00000E+20 1.44030E+02 1.02410E+02 1.00000E+20
SURFMOD_1_TUNGSTEN_1160K                                                
*   47 :   47                                                                 
 2.00000E+00 1.00000E+00 1.00000E+00 1.00000E-05
     1     1     0     0     0     1     0     0     0    -1
 1.44030E+02 1.02410E+02-1.00000E+20 1.39830E+02 1.03970E+02 1.00000E+20
SURFMOD_1_TUNGSTEN_1160K                                                
*   48 :   48                                                                 
 2.00000E+00 1.00000E+00 1.00000E+00 1.00000E-05
     1     1     0     0     0     1     0     0     0    -1
 1.39830E+02 1.03970E+02-1.00000E+20 1.37940E+02 1.04840E+02 1.00000E+20
SURFMOD_1_TUNGSTEN_1160K                                                
*   49 :   49                                                                 
 2.00000E+00 1.00000E+00 1.00000E+00 1.00000E-05
     1     1     0     0     0     1     0     0     0    -1
 1.37940E+02 1.04840E+02-1.00000E+20 1.42980E+02 9.08700E+01 1.00000E+20
SURFMOD_1_TUNGSTEN_1160K                                                
*   50 :   50                                                                 
 2.00000E+00 1.00000E+00 1.00000E+00 1.00000E-05
     1     1     0     0     0     1     0     0     0    -1
 1.42980E+02 9.08700E+01-1.00000E+20 1.43830E+02 8.77500E+01 1.00000E+20
SURFMOD_1_TUNGSTEN_1160K                                                
*   51 :   51                                                                 
 2.00000E+00 1.00000E+00 1.00000E+00 1.00000E-05
     1     1     0     0     0     1     0     0     0    -1
 1.43830E+02 8.77500E+01-1.00000E+20 1.44130E+02 8.53000E+01 1.00000E+20
SURFMOD_1_TUNGSTEN_1160K                                                
*   52 :   52                                                                 
 2.00000E+00 1.00000E+00 1.00000E+00 1.00000E-05
     1     1     0     0     0     1     0     0     0    -1
 1.44130E+02 8.53000E+01-1.00000E+20 1.44130E+02 8.28500E+01 1.00000E+20
SURFMOD_1_TUNGSTEN_1160K                                                
*   53 :   53                                                                 
 2.00000E+00 1.00000E+00 1.00000E+00 1.00000E-05
     1     1     0     0     0     1     0     0     0    -1
 1.44130E+02 8.28500E+01-1.00000E+20 1.43720E+02 7.98600E+01 1.00000E+20
SURFMOD_1_TUNGSTEN_1160K                                                
*   54 :   54                                                                 
 2.00000E+00 1.00000E+00 1.00000E+00 1.00000E-05
     1     1     0     0     0     1     0     0     0    -1
 1.43720E+02 7.98600E+01-1.00000E+20 1.36100E+02 4.45800E+01 1.00000E+20
SURFMOD_1_TUNGSTEN_1160K                                                
*   55 :   55                                                                 
 2.00000E+00 1.00000E+00 1.00000E+00 1.00000E-05
     1     1     0     0     0     1     0     0     0    -1
 1.36100E+02 4.45800E+01-1.00000E+20 1.36100E+02 0.00000E+00 1.00000E+20
SURFMOD_1_TUNGSTEN_1160K                                                
*   56 :   56                                                                 
 2.00000E+00 1.00000E+00 1.00000E+00 1.00000E-05
     1     1     0     0     0     1     0     0     0    -1
 1.36100E+02 0.00000E+00-1.00000E+20 1.36100E+02-4.54000E+01 1.00000E+20
SURFMOD_1_TUNGSTEN_1160K                                                
*   57 :   57                                                                 
 2.00000E+00 1.00000E+00 1.00000E+00 1.00000E-05
     1     1     0     0     0     1     0     0     0    -1
 1.36100E+02-4.54000E+01-1.00000E+20 1.36100E+02-4.54800E+01 1.00000E+20
SURFMOD_1_TUNGSTEN_1160K                                                
*   58 :   58                                                                 
 2.00000E+00 1.00000E+00 1.00000E+00 1.00000E-05
     1     1     0     0     0     1     0     0     0    -1
 1.36100E+02-4.54800E+01-1.00000E+20 1.36031E+02-6.31232E+01 1.00000E+20
SURFMOD_1_TUNGSTEN_1160K                                                
*   59 :   63                                                                 
 2.00000E+00 1.00000E+00 1.00000E+00 1.00000E-05
     1     1     0     0     0     1     0     0     0     0
 1.36100E+02-8.87307E+01-1.00000E+20 1.36110E+02-9.44870E+01 1.00000E+20
SURFMOD_1_TUNGSTEN_1160K                                                
*   60 :   64  - target edge (to be modified by GEOUSR)                       
 2.00000E+00 1.00000E+00 1.00000E+00 1.00000E-05
     1     1     0     0     0     1     0     0     0    -2
 1.36110E+02-9.44870E+01-1.00000E+20 1.36100E+02-1.00500E+02 1.00000E+20
SURFMOD_1_TUNGSTEN_1160K                                                
*   61 :   67  - target edge (to be modified by GEOUSR)                       
 2.00000E+00 1.00000E+00 1.00000E+00 1.00000E-05
     1     1     0     0     0     1     0     0     0    -1
 1.36031E+02-6.31232E+01-1.00000E+20 1.36100E+02-8.87307E+01 1.00000E+20
SURFMOD_1_TUNGSTEN_1160K                                                
*   62 :   68  - target edge (to be modified by GEOUSR)                       
 2.00000E+00 1.00000E+00 1.00000E+00 1.00000E-05
     1     1     0     0     0     1     0     0     0    -2
 1.65120E+02-1.10000E+02-1.00000E+20 1.71500E+02-1.10000E+02 1.00000E+20
SURFMOD_1_TUNGSTEN_1160K                                                
*   63 :   69                                                                 
 2.00000E+00 1.00000E+00 1.00000E+00 1.00000E-05
     1     1     0     0     0     1     0     0     0     0
 1.71500E+02-1.10000E+02-1.00000E+20 1.73506E+02-1.09996E+02 1.00000E+20
SURFMOD_1_TUNGSTEN_1160K                                                
*   64 :   70  - target edge (to be modified by GEOUSR)                       
 2.00000E+00 1.00000E+00 1.00000E+00 1.00000E-05
     1     1     0     0     0     1     0     0     0    -1
 1.73506E+02-1.09996E+02-1.00000E+20 1.75590E+02-1.10000E+02 1.00000E+20
SURFMOD_1_TUNGSTEN_1160K                                                
*** 4. Data for species and atomic physics module                       
**  Reactions                                                           
    18
  1 AMMONX H.2  R-H-H    EL   1  1 0.00000E+00 0.00000E+00 0.00000E+00 0.00000E+00 0.00000E+00
  2 AMMONX H.2  R-H-H2   EL   2  1 0.00000E+00 0.00000E+00 0.00000E+00 0.00000E+00 0.00000E+00
  3 AMJUEL H.4  2.1.5    EI   0  1 0.00000E+00 0.00000E+00 0.00000E+00 0.00000E+00 0.00000E+00
  4 AMJUEL H.10 2.1.5    EI   0  1 0.00000E+00 0.00000E+00 0.00000E+00 0.00000E+00 0.00000E+00
  5 HYDHEL H.1  3.1.8    CX   1  1 0.00000E+00 0.00000E+00 0.00000E+00 0.00000E+00 0.00000E+00
  5 HYDHEL H.3  3.1.8    CX   1  1 0.00000E+00 0.00000E+00 0.00000E+00 0.00000E+00 0.00000E+00
  6 AMMONX H.2  R-H2-H   EL   1  2 0.00000E+00 0.00000E+00 0.00000E+00 0.00000E+00 0.00000E+00
  7 AMMONX H.2  R-H2-H2  EL   2  2 0.00000E+00 0.00000E+00 0.00000E+00 0.00000E+00 0.00000E+00
  8 AMJUEL H.4  2.2.9    EI   0  2 0.00000E+00 0.00000E+00 0.00000E+00 0.00000E+00 0.00000E+00
  9 AMJUEL H.4  2.2.5g   DS   0  2 0.00000E+00 0.00000E+00 0.00000E+00 0.00000E+00 0.00000E+00
 10 AMJUEL H.4  2.2.10   DS   0  2 0.00000E+00 0.00000E+00 0.00000E+00 0.00000E+00 0.00000E+00
 11 AMJUEL H.0  0.3T     EL   1  2 0.00000E+00 0.00000E+00 0.00000E+00 0.00000E+00 0.00000E+00
 11 AMJUEL H.1  0.3T     EL   1  2 0.00000E+00 0.00000E+00 0.00000E+00 0.00000E+00 0.00000E+00
 11 AMJUEL H.3  0.3T     EL   1  2 0.00000E+00 0.00000E+00 0.00000E+00 0.00000E+00 0.00000E+00
 12 AMJUEL H.2  3.2.3    CX   1  2 0.00000E+00 0.00000E+00 0.00000E+00 0.00000E+00 0.00000E+00
 13 AMJUEL H.4  2.2.12   DS   0  2 0.00000E+00 0.00000E+00 0.00000E+00 0.00000E+00 0.00000E+00
 14 AMJUEL H.4  2.2.11   EI   0  2 0.00000E+00 0.00000E+00 0.00000E+00 0.00000E+00 0.00000E+00
 15 AMJUEL H.4  2.2.14   DS   0  2 0.00000E+00 0.00000E+00 0.00000E+00 0.00000E+00 0.00000E+00
 16 AMJUEL H.8  2.2.14   DS   0  2 0.00000E+00 0.00000E+00 0.00000E+00 0.00000E+00 0.00000E+00
 17 AMJUEL H.4  2.1.8    RC   0  1 0.00000E+00 0.00000E+00 0.00000E+00 0.00000E+00 0.00000E+00
 18 AMJUEL H.10 2.1.8    RC   0  1 1.36000E+01 0.00000E+00 0.00000E+00 0.00000E+00 0.00000E+00
** 4a. Neutral atom species                                             
     1
 1 D         2  1  1  0  1 -1  0  4  0  0  0
     1   214   111   214  1001     0   111
 0.00000E+00 0.00000E+00 0.00000E+00 0.00000E+00 1.00000E+00 0.00000E+00
     2   314   111   314  1001     0   112
 0.00000E+00 0.00000E+00 0.00000E+00 0.00000E+00 1.00000E+00 0.00000E+00
     3   115   114     0 30000     0     0
 4.00000E+00 0.00000E+00 0.00000E+00 0.00000E+00 1.00000E+00 0.00000E+00
     5   114   111   114  1001     0     0
 0.00000E+00 0.00000E+00 0.00000E+00 0.00000E+00 1.00000E+00 0.00000E+00
** 4b. Neutral molecule species                                         
     1
 1 D2        4  2  2  0  0  1  0  7  0  0  0  1
     6   414   112   414  1001     0   111
 0.00000E+00 0.00000E+00 0.00000E+00 0.00000E+00 1.00000E+00
     7   514   112   514  1001     0   112
 0.00000E+00 0.00000E+00 0.00000E+00 0.00000E+00 1.00000E+00
     8   115   113     0     0     0     0
-1.54000E+01 0.00000E+00 0.00000E+00 0.00000E+00 1.00000E+00
     9   115   121     0     0     0     0
-1.05000E+01 0.00000E+00 3.00000E+00 3.00000E+00 1.00000E+00
    10   115   111   114     0     0     0
-2.50000E+01 0.00000E+00 5.00000E+00 5.00000E+00 1.00000E+00
    11   114   114   112  1001     0     0
 0.00000E+00 0.00000E+00 0.00000E+00 0.00000E+00 1.00000E+00
    12   114   111   113  1001     0     0
 0.00000E+00 0.00000E+00 0.00000E+00 0.00000E+00 1.00000E+00
** 4c. Test ion species                                                 
     1
 1 D2+       4  2  2  1  0 -1  0  3 -1  0  0  1
    13   115   111   114     0     0     0
-1.04000E+01 0.00000E+00 4.30000E+00 4.30000E+00 1.00000E+00
    14   115   124     0     0     0     0
-1.55000E+01 0.00000E+00 2.50000E-01 2.50000E-01 1.00000E+00
    15   115   121     0 30300     0     0
 1.60000E+01 0.00000E+00 1.60000E+01 0.00000E+00 1.00000E+00
*** 5. Data for plasma background                                       
** 5a. Bulk ion species                                                 
     5
 1 D+        2  1  1  1  1 -1  0  1  0  0  0  0             0
    17   115   111     0 30000
 1.80000E+01 0.00000E+00 0.00000E+00 0.00000E+00 1.00000E+00
 2 D(B)      2  1  1  0  1 -1  0  0  0  0  0  0             0
 3 D2D(B)    2  1  1  0  1 -1  0  0  0  0  0  0             0
 4 DD2(B)    4  2  2  0  0  1  0  0  0  0  0  0             0
 5 D2(B)     4  2  2  0  0  1  0  0  0  0  0  0             0
** 5b. Plasma background data                                           
     6     6     6     6     6     6     0     0     0     0     9     0
 0.00000E+00 0.00000E+00 0.00000E+00 0.00000E+00 0.00000E+00 0.00000E+00
*** 6a. General data for reflection model                               
T
cpath modules/Eirene/Database/Surfacedata/TRIM/                   
D_on_W  
 1.00000E+00
 1.00000E+00
 1.00000E+00
 1.00000E+00 0.00000E+00 0.00000E+00 0.00000E+00 0.00000E+00
 1.00000E+00 5.00000E+01 1.00000E-01 0.00000E+00 0.00000E+00 0.00000E+00
SURFMOD_1_TUNGSTEN_1160K                                                
     1     0     0     0     1     0
 1.84740E+04-1.00000E-01 0.00000E+00 0.00000E+00 0.00000E+00-1.00000E+00
 1.00000E+00 1.00000E+00 1.00000E+00 1.00000E+00 5.00000E-01 1.00000E+00
 1.00000E+00 1.00000E+00 0.00000E+00 0.00000E+00 1.00000E+00 0.00000E+00
*** 7. Data for primary sources, nstrai strata                          
     6
     6     6     6     6     6    -1
 5.00000E-01
*   6 : Volumetric recombination D                                      
FFFFF
  7000  4001     6     1     0
 1.00000E+00 0.00000E+00     0     0     0     0     0     0     0     0
FFFTF
     1
FFFTF
     1
     6     0     0     0     0     0     0     0     0
 1.00000E+00 1.40000E+02 1.00000E+00 0.00000E+00 0.00000E+00
     0     0     0     0     0     0     0
 0.00000E+00 0.00000E+00 0.00000E+00 0.00000E+00 0.00000E+00 0.00000E+00
 0.00000E+00 0.00000E+00 0.00000E+00 0.00000E+00 0.00000E+00
 0.00000E+00 0.00000E+00 0.00000E+00 0.00000E+00 0.00000E+00
*** 8. Additional data for specific zones                               
     0
*** 9. Data for statistic and non-analog model                          
FFFFF FFFFF FFF
     0
     0     0     0     0     0
 1.00000E+03 1.00000E-02 0.00000E+00
 2.00000E+00
**  Standard deviation                                                  
     0     0     0     0
*** 10. Data for additional tallies                                     
     8     7     0     0     0     0
** 10a. Volume tallies - tracklength estimator                          
     1     1     0     1
RADIAL PARTICLE FLUXES, VOLUME-AVERAGED                                 
D ATOMS                 #/CM**2/S               
     1     1     0     2
RADIAL PARTICLE FLUXES, VOLUME-AVERAGED                                 
D2 MOLECULES            #/CM**2/S               
     1     1     0     1
RADIAL ENERGY FLUXES, VOLUME-AVERAGED                                   
D ATOMS                 EV/CM**2/S              
     1     1     0     2
RADIAL ENERGY FLUXES, VOLUME-AVERAGED                                   
D2 MOLECULES            #/CM**2/S               
     1     1     0     1
PARALLEL PARTICLE FLUXES, VOLUME-AVERAGED                               
D ATOMS                 #/CM**2/S               
     1     1     0     2
PARALLEL PARTICLE FLUXES, VOLUME-AVERAGED                               
D2 MOLECULES                                    
     1     1     0     1
PARALLEL ENERGY FLUXES, VOLUME-AVERAGED                                 
D ATOMS                 EV/CM**2/S              
     1     1     0     2
PARALLEL ENERGY FLUXES, VOLUME-AVERAGED                                 
D2 MOLECULES            EV/CM**2/S              
** 10b. Volume tallies - collisional estimator                          
     3     1     0     2
D2 REACTION 08 EVENT RATE
D2 R08                 AMP/CM**3
     3     1     0     2
D2 REACTION 09 EVENT RATE
D2 R09                 AMP/CM**3
     3     1     0     2
D2 REACTION 10 EVENT RATE
D2 R10                 AMP/CM**3
     3     1     0     2
D2 REACTION 12 EVENT RATE
D2 R12                 AMP/CM**3
     3     1     0     3
D2+ REACTION 13 EVENT RATE
D2+ R13                AMP/CM**3
     3     1     0     3
D2+ REACTION 14 EVENT RATE
D2+ R14                AMP/CM**3
     3     1     0     3
D2+ REACTION 15 EVENT RATE
D2+ R15                AMP/CM**3
** 10c. Volume tallies - algebraic expressions                          
** 10d. Surface tallies                                                 
** 10e. Surface tallies - algebraic expressions                         
** 10f. Data for energy spectra                                         
*** 11. Data for numerical and graphical output                         
FFFFF FFFFF FFFFF FFFFF FFFFF FFFFF FFFFF
TFFFF FFF
     0
     0
FFFFF FFFFF FFFFF F
     1    37     1     1    99     1     0     0     0     0
F                          0
F                          0
F                          0
F                          0
F                          0
F                          0
F                          0
F                          0
 1.18760E+02 1.18760E+02 1.99104E+02 3.10500E+00 0.00000E+00
 1.00000E+01 1.00000E+01 0.00000E+00 0.00000E+00 1.00000E+01 1.00000E+01
 1.00000E+01 1.00000E+01 0.00000E+00
     0     0     0     0     0     0     0     0     0     0     2
     0
*** 12. Data for diagnostic module                                      
DEFINE_LINES
     0     1
     0     0     0     0     0     0     0     0
*** 13. Data for nonlinear and time dep. option                         
     0    -1
*** 14. Data for interfacing routine "infusr"                           
FTFFT
     1     0     1     0     0     0     1     1     1
     1     1 1.00000E+00 2.00000E+00     1
     2   -13 0.00000E+00 2.00000E+00     1
     3   -13 0.00000E+00 2.00000E+00     1
     4   -13 0.00000E+00 4.00000E+00     1
     5   -13 0.00000E+00 4.00000E+00     1
    98    36
     5
     1     1     1     1     1
     1     0    -1     1     1    37     0 25000  5000     1     1     7
     2    98     1     1     1    37     0 25000  5000     1     1     7
     3     0    -1     2     1    25     0  2000     0     1     1     6
     4     0    -1     2    75    99     0  2000     0     1     1     6
     5    36     1     2     1    99     0  2000     0     1     1     6
 6.00000E+01 6.00000E+01 1.00000E+02 5.00000E+01
     0     0     0
     0
*** 15. Data for interfacing routine "geousr"                           
     0     4
    60     1 0.00000E+00 0.00000E+00
    61     2 0.00000E+00 0.00000E+00
    62     2 0.00000E+00 0.00000E+00
    64     1 0.00000E+00 0.00000E+00
